n_tracks m_points variable cv oob
256 4 M 0.902549173829 0.931842952017
256 4 Y 0.00995037788947 0.20232583158
256 4 Z 0.961579971889 0.975843392317
256 4 alpha 0.0144791783834 0.00821542118854
256 4 overshoot 0.3300415572 0.292070432291
256 4 diffusion 0.307070016001 0.320304783372
256 4 age 0.887947704869 0.896711156426
256 4 X_c 0.889553624574 0.978418363114
256 4 log_g 0.999380802112 0.999643409393
256 4 L 0.975060918367 0.973691664514
256 4 radius 0.984485157866 0.990053549664
256 4 Y_surf 0.835146537505 0.845217872338
256 4 mass_cc 0.619047107304 0.830191281216
256 4 M 0.908098290486 0.910805637748
256 4 Y 0.0294077820678 0.122962893601
256 4 Z 0.967375608565 0.969274679851
256 4 alpha 0.0288604024659 0.0639719445413
256 4 overshoot 0.295830522863 0.281386570444
256 4 diffusion 0.309183790337 0.215314074444
256 4 age 0.877663690984 0.897013356213
256 4 X_c 0.894118128295 0.97232442729
256 4 log_g 0.999391888641 0.99925442573
256 4 L 0.975855375826 0.965287472953
256 4 radius 0.986211142039 0.986878498116
256 4 Y_surf 0.830897270054 0.834888816801
256 4 mass_cc 0.630560057808 0.815620855882
256 4 M 0.894977324367 0.923636240763
256 4 Y 0.0344503389341 0.207890312676
256 4 Z 0.95589767055 0.984839831969
256 4 alpha 0.0201271947718 0.0293403598051
256 4 overshoot 0.305970673974 0.300373969878
256 4 diffusion 0.274482738551 0.38405644044
256 4 age 0.87355986982 0.894660206332
256 4 X_c 0.884598614454 0.978775038276
256 4 log_g 0.999260716698 0.999258612483
256 4 L 0.97463633673 0.980380479872
256 4 radius 0.984279697975 0.98642287911
256 4 Y_surf 0.827756522163 0.866963344144
256 4 mass_cc 0.574908025776 0.830164401336
256 4 M 0.901592195037 0.920769569994
256 4 Y 0.0355242634843 0.228723249771
256 4 Z 0.962057587982 0.971305941519
256 4 alpha 0.0133407299263 -0.0132749302713
256 4 overshoot 0.322360682006 0.301654696859
256 4 diffusion 0.267282323428 0.193242036786
256 4 age 0.857147883583 0.901079563708
256 4 X_c 0.88905009208 0.969181019518
256 4 log_g 0.997989666747 0.99973790829
256 4 L 0.973872472126 0.970755377184
256 4 radius 0.980094390269 0.989928631889
256 4 Y_surf 0.835859153564 0.848447044589
256 4 mass_cc 0.59920081154 0.820754371049
256 4 M 0.896759158739 0.91915778287
256 4 Y 0.0219166139431 0.167971053225
256 4 Z 0.963426023289 0.968925604019
256 4 alpha 0.0217813328883 0.00557677370975
256 4 overshoot 0.338540148174 0.353363678618
256 4 diffusion 0.283167987256 0.30935722633
256 4 age 0.865139688136 0.916843208596
256 4 X_c 0.891035938815 0.97669711629
256 4 log_g 0.998985109013 0.999671811787
256 4 L 0.975421378029 0.972440198714
256 4 radius 0.98272455048 0.986567670056
256 4 Y_surf 0.825339147112 0.827170592452
256 4 mass_cc 0.61080471372 0.796390735095
256 8 M 0.91609600577 0.935017090759
256 8 Y 0.0248672942856 0.317699022337
256 8 Z 0.953196748264 0.985804177351
256 8 alpha -0.0159633193826 0.281344547628
256 8 overshoot 0.418256159515 0.539534419771
256 8 diffusion 0.320612562824 0.486425161809
256 8 age 0.908294684707 0.898628414723
256 8 X_c 0.94832462736 0.962042643199
256 8 log_g 0.998722996851 0.99973731435
256 8 L 0.985219033068 0.983921153374
256 8 radius 0.981544436349 0.99049154768
256 8 Y_surf 0.848571233 0.897688003646
256 8 mass_cc 0.800220240901 0.811576076629
256 8 M 0.917188016766 0.934793195737
256 8 Y 0.0307072755605 0.384099737523
256 8 Z 0.964609224852 0.98317804755
256 8 alpha -0.0237068127732 0.292204651009
256 8 overshoot 0.424923397981 0.504715259078
256 8 diffusion 0.338392384696 0.535767091629
256 8 age 0.909411446051 0.913189053695
256 8 X_c 0.94566484293 0.964892912526
256 8 log_g 0.999798210247 0.998910684226
256 8 L 0.980898435625 0.982200613681
256 8 radius 0.990534537158 0.985611090398
256 8 Y_surf 0.852243395098 0.900666974153
256 8 mass_cc 0.772108009881 0.825321830289
256 8 M 0.919406482328 0.935641102764
256 8 Y -0.0014050183161 0.376426913863
256 8 Z 0.961404947017 0.985835817588
256 8 alpha 0.0105548455527 0.205718709719
256 8 overshoot 0.420480077633 0.519773268507
256 8 diffusion 0.320578946456 0.310835817996
256 8 age 0.885581523026 0.912466848926
256 8 X_c 0.948746962793 0.960526342533
256 8 log_g 0.99954084424 0.999574411304
256 8 L 0.980319458497 0.985869676914
256 8 radius 0.989692410566 0.990199376599
256 8 Y_surf 0.859216779249 0.88193964964
256 8 mass_cc 0.796649228298 0.800977751422
256 8 M 0.916929972551 0.927084802638
256 8 Y 0.067655158683 0.35036516477
256 8 Z 0.962708499235 0.978686056388
256 8 alpha -0.0154255946857 0.186793850399
256 8 overshoot 0.394038336574 0.519670824179
256 8 diffusion 0.282331577082 0.56639466561
256 8 age 0.903064897334 0.904374458962
256 8 X_c 0.947281375724 0.960645833153
256 8 log_g 0.999762659642 0.999564505429
256 8 L 0.979894272592 0.9866538133
256 8 radius 0.989623885118 0.987042615606
256 8 Y_surf 0.849122729422 0.914222378838
256 8 mass_cc 0.799180010497 0.799311727069
256 8 M 0.921504123374 0.937338762139
256 8 Y 0.0871621474209 0.357472684353
256 8 Z 0.965164736666 0.971893984629
256 8 alpha 0.0393122287763 0.183733295763
256 8 overshoot 0.39013991001 0.55281697965
256 8 diffusion 0.320677805496 0.384646711299
256 8 age 0.898820734744 0.902098759808
256 8 X_c 0.951053011638 0.960789061895
256 8 log_g 0.999858568883 0.999271429438
256 8 L 0.985181808937 0.97973573712
256 8 radius 0.990742407133 0.987709922816
256 8 Y_surf 0.855632413456 0.895347181026
256 8 mass_cc 0.807645439286 0.824958019809
256 16 M 0.915390370567 0.967503039608
256 16 Y 0.0570740424584 0.6305738898
256 16 Z 0.960961904795 0.993433579945
256 16 alpha -0.0737258995519 0.609026172892
256 16 overshoot 0.451629273427 0.577700286873
256 16 diffusion 0.339269685432 0.694447456517
256 16 age 0.90681892318 0.935021399465
256 16 X_c 0.957903964029 0.968475416682
256 16 log_g 0.99952291576 0.999912833645
256 16 L 0.985150436224 0.992367120408
256 16 radius 0.989116369876 0.994022030741
256 16 Y_surf 0.869247514958 0.959443177913
256 16 mass_cc 0.838124296997 0.870549951034
256 16 M 0.916196619596 0.968037233333
256 16 Y -0.000347395217845 0.675367754355
256 16 Z 0.956022513908 0.996207555287
256 16 alpha -0.0105268160984 0.584814054412
256 16 overshoot 0.443291430185 0.659697228621
256 16 diffusion 0.282099686012 0.720307346136
256 16 age 0.909725967147 0.951444157114
256 16 X_c 0.957774363534 0.965097381024
256 16 log_g 0.999772729135 0.999899688776
256 16 L 0.978757311565 0.992946260719
256 16 radius 0.991527065568 0.994716217866
256 16 Y_surf 0.86269728639 0.951930779555
256 16 mass_cc 0.833546181616 0.868321834283
256 16 M 0.91592711059 0.967354187526
256 16 Y 0.0751202618376 0.633132409604
256 16 Z 0.96027709856 0.992155965635
256 16 alpha -0.0403157954993 0.61870640986
256 16 overshoot 0.416884848256 0.636854768198
256 16 diffusion 0.327565623885 0.657082004975
256 16 age 0.889825670838 0.95149496229
256 16 X_c 0.954328502632 0.967931830868
256 16 log_g 0.998941666392 0.999755360543
256 16 L 0.983713989357 0.991964868058
256 16 radius 0.977206131955 0.992280227812
256 16 Y_surf 0.858191413073 0.950635280697
256 16 mass_cc 0.82735704408 0.859305071448
256 16 M 0.925364335558 0.966602697102
256 16 Y 0.0648630822512 0.598264931021
256 16 Z 0.95994949922 0.996564945617
256 16 alpha -0.0865220854723 0.576235386736
256 16 overshoot 0.436059165533 0.626490358845
256 16 diffusion 0.31640963048 0.636675297623
256 16 age 0.903765652685 0.953414221452
256 16 X_c 0.954868958669 0.963158471906
256 16 log_g 0.999609574194 0.999751935658
256 16 L 0.983104287838 0.992144058918
256 16 radius 0.99150898444 0.992997676202
256 16 Y_surf 0.863332558798 0.944792137987
256 16 mass_cc 0.835612061011 0.844795271656
256 16 M 0.926659032188 0.962955371019
256 16 Y 0.0616813531718 0.643497424607
256 16 Z 0.963922667564 0.99336299816
256 16 alpha -0.0506144336521 0.593316416152
256 16 overshoot 0.456088322779 0.674534134699
256 16 diffusion 0.28803051293 0.644783249556
256 16 age 0.91809033812 0.941227994712
256 16 X_c 0.95689511591 0.963332036359
256 16 log_g 0.999654621069 0.999855635486
256 16 L 0.98392835574 0.993101844611
256 16 radius 0.991233410384 0.993196373882
256 16 Y_surf 0.859207372654 0.948256521689
256 16 mass_cc 0.830963448169 0.875066986141
256 32 M 0.929257196739 0.986407377054
256 32 Y 0.0315491073396 0.838758543478
256 32 Z 0.964364721593 0.99774426367
256 32 alpha -0.070118571971 0.820779910005
256 32 overshoot 0.474433288527 0.804964629455
256 32 diffusion 0.380540442285 0.834279116942
256 32 age 0.927546963087 0.959850101083
256 32 X_c 0.960522221028 0.981395595228
256 32 log_g 0.999731641772 0.99994239049
256 32 L 0.989517768103 0.996356992341
256 32 radius 0.992666337967 0.996433410255
256 32 Y_surf 0.866191189133 0.983078615231
256 32 mass_cc 0.843674384171 0.916332374759
256 32 M 0.920216037985 0.983804593506
256 32 Y -0.0450333534386 0.821048800699
256 32 Z 0.96878648348 0.996961851928
256 32 alpha -0.104944787077 0.817128041471
256 32 overshoot 0.412809919894 0.801323438974
256 32 diffusion 0.282723529694 0.872320068163
256 32 age 0.911271674781 0.970554030442
256 32 X_c 0.955515407884 0.97899930409
256 32 log_g 0.999782036843 0.999944587535
256 32 L 0.987468291739 0.995962170027
256 32 radius 0.991112057183 0.995937146054
256 32 Y_surf 0.862298319035 0.980498459495
256 32 mass_cc 0.852813627754 0.919668021543
256 32 M 0.924076334688 0.982123072598
256 32 Y 0.0391076894817 0.848168956477
256 32 Z 0.955891537304 0.996827875477
256 32 alpha -0.0576943527038 0.837828830404
256 32 overshoot 0.431641121866 0.758343495298
256 32 diffusion 0.154655474648 0.833997477025
256 32 age 0.893898517862 0.980488664777
256 32 X_c 0.960566540884 0.980019875488
256 32 log_g 0.999473295425 0.999949354709
256 32 L 0.985464531963 0.996435623562
256 32 radius 0.989642460701 0.996001487591
256 32 Y_surf 0.852684664876 0.977840903586
256 32 mass_cc 0.828309066329 0.911687984546
256 32 M 0.921346994419 0.984668485485
256 32 Y 0.0507313650282 0.831693359592
256 32 Z 0.956836462791 0.995123996909
256 32 alpha -0.0671468415861 0.8166744608
256 32 overshoot 0.366745662015 0.773825487588
256 32 diffusion 0.267842172594 0.838107688728
256 32 age 0.902997247422 0.977145358658
256 32 X_c 0.960051973661 0.979176197866
256 32 log_g 0.999432396733 0.999961054731
256 32 L 0.985268600631 0.997080776204
256 32 radius 0.990097526914 0.996139791088
256 32 Y_surf 0.873476466229 0.974457109952
256 32 mass_cc 0.832934908399 0.917901296557
256 32 M 0.92238023907 0.983191990414
256 32 Y -0.0797200796248 0.859504650085
256 32 Z 0.957088275199 0.998271694124
256 32 alpha -0.056703133076 0.818245117879
256 32 overshoot 0.450901904353 0.773190988756
256 32 diffusion 0.213645903504 0.835652117889
256 32 age 0.916773822376 0.974156389602
256 32 X_c 0.95779957366 0.978662549188
256 32 log_g 0.999814417063 0.999959983909
256 32 L 0.984923399381 0.995685582669
256 32 radius 0.991402285188 0.996518966957
256 32 Y_surf 0.845890602706 0.983058906024
256 32 mass_cc 0.843903547071 0.914290556453
512 4 M 0.916333631154 0.93128024757
512 4 Y 0.0396662635946 0.362030673024
512 4 Z 0.965407747761 0.975675548892
512 4 alpha 0.0542747402001 0.0870171864163
512 4 overshoot 0.345517018479 0.393298203295
512 4 diffusion 0.339195099546 0.321914247745
512 4 age 0.893051218903 0.923668008739
512 4 X_c 0.889424713767 0.983365559837
512 4 log_g 0.999699479379 0.999737016494
512 4 L 0.985108651921 0.981762594983
512 4 radius 0.989746177383 0.989933471927
512 4 Y_surf 0.855431480241 0.882851973576
512 4 mass_cc 0.642991161334 0.855108582279
512 4 M 0.910601150982 0.93265363669
512 4 Y 0.0554934884546 0.319512454466
512 4 Z 0.96612927138 0.967479947898
512 4 alpha 0.0396873332574 0.135404486638
512 4 overshoot 0.345276560937 0.329482742037
512 4 diffusion 0.336962179893 0.369075997036
512 4 age 0.889226198815 0.932197118584
512 4 X_c 0.885734846891 0.98256904298
512 4 log_g 0.999828850527 0.997863680544
512 4 L 0.984587197623 0.982406065323
512 4 radius 0.988285107191 0.983533696793
512 4 Y_surf 0.856405129798 0.882524570627
512 4 mass_cc 0.617436531313 0.842806276725
512 4 M 0.918366146082 0.928841628317
512 4 Y 0.0812960079808 0.259032841488
512 4 Z 0.967604840573 0.976766649769
512 4 alpha 0.0648642385386 0.0900911736363
512 4 overshoot 0.355088849468 0.357960575983
512 4 diffusion 0.362392714247 0.405257680532
512 4 age 0.897860500919 0.922408707166
512 4 X_c 0.88925644248 0.980348376659
512 4 log_g 0.99968700202 0.998430704115
512 4 L 0.983556826015 0.984080238148
512 4 radius 0.989296323178 0.982040743641
512 4 Y_surf 0.856093113161 0.886253529278
512 4 mass_cc 0.627630314405 0.835928910611
512 4 M 0.915831423884 0.938451558108
512 4 Y 0.0557957422548 0.325035591041
512 4 Z 0.963748559341 0.968757831319
512 4 alpha 0.0370311767144 0.0966013046946
512 4 overshoot 0.356702082194 0.42418783644
512 4 diffusion 0.248579038891 0.433433047332
512 4 age 0.892219500664 0.924903075189
512 4 X_c 0.890217263346 0.981930448486
512 4 log_g 0.999862856518 0.999657343053
512 4 L 0.981711863515 0.985064316256
512 4 radius 0.989381888431 0.989925899454
512 4 Y_surf 0.842849641429 0.876780967648
512 4 mass_cc 0.639499586815 0.845580661539
512 4 M 0.903877837372 0.928975359045
512 4 Y 0.0432326191861 0.270616740634
512 4 Z 0.963453757125 0.970107704705
512 4 alpha 0.0434964749862 0.0973767066624
512 4 overshoot 0.314027506812 0.413590515273
512 4 diffusion 0.290063910065 0.375375470685
512 4 age 0.88795448343 0.932708326168
512 4 X_c 0.887259180749 0.97992350673
512 4 log_g 0.99980324098 0.998828362412
512 4 L 0.984236569371 0.98345288438
512 4 radius 0.989126030945 0.982863020105
512 4 Y_surf 0.856972815264 0.875792805341
512 4 mass_cc 0.613107062681 0.827659878866
512 8 M 0.934244942646 0.941828669046
512 8 Y 0.167042588843 0.313696088914
512 8 Z 0.969092183051 0.977917858861
512 8 alpha 0.0454726618069 0.283412674304
512 8 overshoot 0.447023753454 0.477668618894
512 8 diffusion 0.337175790249 0.517895164582
512 8 age 0.910744034872 0.937504107916
512 8 X_c 0.953150014694 0.969513691225
512 8 log_g 0.999822304403 0.999557614808
512 8 L 0.987903255545 0.99000952777
512 8 radius 0.992574893841 0.991408457592
512 8 Y_surf 0.88716133069 0.911379167281
512 8 mass_cc 0.821079486116 0.845895647656
512 8 M 0.936848132738 0.942992933526
512 8 Y 0.142455761649 0.337384777216
512 8 Z 0.971454448816 0.982227244097
512 8 alpha 0.0174735729526 0.251009182706
512 8 overshoot 0.457390441059 0.5389954035
512 8 diffusion 0.418024778803 0.456721650162
512 8 age 0.910502270612 0.927158683818
512 8 X_c 0.95508999767 0.966934818927
512 8 log_g 0.999846391543 0.999873959378
512 8 L 0.990156287427 0.990852465091
512 8 radius 0.992193522123 0.992019644562
512 8 Y_surf 0.879069368214 0.913250660932
512 8 mass_cc 0.828035319221 0.843866883863
512 8 M 0.936009928119 0.939157329871
512 8 Y 0.114821927367 0.297492510676
512 8 Z 0.970978374784 0.971298008178
512 8 alpha 0.071335250511 0.17784433567
512 8 overshoot 0.459868301872 0.50223470434
512 8 diffusion 0.427094519185 0.459046827296
512 8 age 0.927693716925 0.925494289339
512 8 X_c 0.953471316418 0.967778293928
512 8 log_g 0.999815399909 0.999770000246
512 8 L 0.991894293965 0.986542847566
512 8 radius 0.991943834866 0.991155118324
512 8 Y_surf 0.878108744852 0.909298505772
512 8 mass_cc 0.82580162471 0.828854484771
512 8 M 0.936176760776 0.945625078306
512 8 Y 0.147714849701 0.306764575354
512 8 Z 0.967222755601 0.985859881753
512 8 alpha 0.0610929294781 0.24143256503
512 8 overshoot 0.454435728181 0.509314354121
512 8 diffusion 0.413204914606 0.482184030812
512 8 age 0.92149166827 0.928058562832
512 8 X_c 0.954164840168 0.966865296002
512 8 log_g 0.9998561242 0.999695245533
512 8 L 0.990830429583 0.988644732829
512 8 radius 0.992255799302 0.992420463029
512 8 Y_surf 0.881529654943 0.920231191818
512 8 mass_cc 0.826758589797 0.825633313754
512 8 M 0.927992228788 0.940236816295
512 8 Y 0.0787657625158 0.39619741564
512 8 Z 0.953462124142 0.990638840587
512 8 alpha 0.0593184272141 0.234048134925
512 8 overshoot 0.44289736484 0.50934972036
512 8 diffusion 0.392521365959 0.418881288913
512 8 age 0.917305094745 0.927584307771
512 8 X_c 0.951031456998 0.970165975272
512 8 log_g 0.999665470208 0.999772439132
512 8 L 0.990452737787 0.986748494664
512 8 radius 0.990229270068 0.992512675113
512 8 Y_surf 0.869761625729 0.915626250969
512 8 mass_cc 0.831817317281 0.847446196359
512 16 M 0.93665074198 0.964746437563
512 16 Y 0.147937391998 0.58317617668
512 16 Z 0.970976749266 0.991472891299
512 16 alpha 0.059632620531 0.477364526511
512 16 overshoot 0.506885300061 0.647038585105
512 16 diffusion 0.422626823966 0.621606678869
512 16 age 0.922788644555 0.960031238872
512 16 X_c 0.963562744064 0.968110590613
512 16 log_g 0.999722821908 0.999927066673
512 16 L 0.992519056632 0.993638224537
512 16 radius 0.992293288533 0.993738602379
512 16 Y_surf 0.890897115805 0.949005013431
512 16 mass_cc 0.864335627775 0.876667713932
512 16 M 0.938712059263 0.960367073758
512 16 Y 0.13950475919 0.525910660831
512 16 Z 0.967971760668 0.99279220679
512 16 alpha 0.0315989261186 0.480677511156
512 16 overshoot 0.507218402457 0.615949535159
512 16 diffusion 0.420912615568 0.622004644557
512 16 age 0.920597582681 0.956492402702
512 16 X_c 0.962378952096 0.968321927245
512 16 log_g 0.999765804806 0.999901317885
512 16 L 0.990039099583 0.992910629066
512 16 radius 0.992476555679 0.994150867929
512 16 Y_surf 0.890628583952 0.948322736123
512 16 mass_cc 0.85515702194 0.878980557964
512 16 M 0.940000789878 0.962830329472
512 16 Y 0.141315470788 0.540679197303
512 16 Z 0.967314666466 0.992803877948
512 16 alpha 0.0523418828642 0.462635301618
512 16 overshoot 0.499163266047 0.665444169571
512 16 diffusion 0.392879835236 0.667287913393
512 16 age 0.927220053924 0.954916462894
512 16 X_c 0.962257848025 0.967694935631
512 16 log_g 0.999925050631 0.999828209549
512 16 L 0.992217984481 0.992415782394
512 16 radius 0.993686650168 0.993987228044
512 16 Y_surf 0.891182409744 0.951649381422
512 16 mass_cc 0.859696689593 0.867829406351
512 16 M 0.939771225001 0.961350453467
512 16 Y 0.140128666783 0.558007403729
512 16 Z 0.968212152866 0.98891889807
512 16 alpha 0.0414707993089 0.487566122596
512 16 overshoot 0.50361493146 0.657430622352
512 16 diffusion 0.4162121897 0.631124651125
512 16 age 0.932554178838 0.949771513206
512 16 X_c 0.962923511109 0.966295277692
512 16 log_g 0.999849411989 0.999755791612
512 16 L 0.990094353113 0.993667798369
512 16 radius 0.993171688072 0.992872890714
512 16 Y_surf 0.883542173926 0.952104232929
512 16 mass_cc 0.864684884143 0.866520417652
512 16 M 0.939578573375 0.961677070172
512 16 Y 0.160754090503 0.541997369575
512 16 Z 0.973489418251 0.990722153478
512 16 alpha 0.0385471193903 0.480960533912
512 16 overshoot 0.525364789513 0.641330236755
512 16 diffusion 0.405267779585 0.653514921357
512 16 age 0.932041413553 0.950555833039
512 16 X_c 0.963191094777 0.966899326
512 16 log_g 0.999748889796 0.999920553956
512 16 L 0.992423749124 0.993185190606
512 16 radius 0.993270783957 0.993634930689
512 16 Y_surf 0.88983574565 0.953358120108
512 16 mass_cc 0.862199468976 0.877312922794
512 32 M 0.938259784641 0.98219608112
512 32 Y 0.167904882896 0.784047893254
512 32 Z 0.968448599159 0.995512516311
512 32 alpha -0.0189468623894 0.75732582324
512 32 overshoot 0.528380075129 0.735536679704
512 32 diffusion 0.392961689405 0.852135592101
512 32 age 0.924807349219 0.975794225562
512 32 X_c 0.96616067753 0.979090571294
512 32 log_g 0.99969753569 0.999979093891
512 32 L 0.993155851883 0.996902123977
512 32 radius 0.993003799724 0.996362242597
512 32 Y_surf 0.901009544114 0.979486229226
512 32 mass_cc 0.871175638031 0.918508705593
512 32 M 0.937951673342 0.982958571605
512 32 Y 0.176690852078 0.762251096131
512 32 Z 0.962904623383 0.997481942469
512 32 alpha 0.0141300644822 0.747010560185
512 32 overshoot 0.494399754643 0.777598980721
512 32 diffusion 0.390027590126 0.818561837754
512 32 age 0.923584427041 0.968923840288
512 32 X_c 0.964465515999 0.979713981374
512 32 log_g 0.999869227314 0.999928248922
512 32 L 0.99269249727 0.997055587588
512 32 radius 0.993994562237 0.996334978976
512 32 Y_surf 0.895858625167 0.9786812979
512 32 mass_cc 0.866581605748 0.907991897829
512 32 M 0.94144930759 0.982578202909
512 32 Y 0.198859688773 0.748409550906
512 32 Z 0.966305564039 0.995113684298
512 32 alpha 0.0356974711774 0.767675594761
512 32 overshoot 0.510163380241 0.73195834233
512 32 diffusion 0.434034636979 0.804569943147
512 32 age 0.934011398721 0.972071967038
512 32 X_c 0.965646014817 0.978053400805
512 32 log_g 0.99987042033 0.999980621244
512 32 L 0.992252774492 0.997112517574
512 32 radius 0.994293910962 0.996558314513
512 32 Y_surf 0.894944994021 0.978127504298
512 32 mass_cc 0.866421300606 0.916999685091
512 32 M 0.938645110231 0.981792101424
512 32 Y 0.122051466621 0.788040048326
512 32 Z 0.970061672923 0.994930422191
512 32 alpha 0.0276228998069 0.781990316764
512 32 overshoot 0.524543164209 0.770393009764
512 32 diffusion 0.392253818165 0.815018481919
512 32 age 0.930184207816 0.97760632816
512 32 X_c 0.964838704552 0.979315831724
512 32 log_g 0.999954060141 0.999939381966
512 32 L 0.992460433818 0.996664171562
512 32 radius 0.994248138509 0.99624113367
512 32 Y_surf 0.895459351399 0.977731333176
512 32 mass_cc 0.870322466318 0.917223847502
512 32 M 0.939326035286 0.98222716014
512 32 Y 0.157789704295 0.772465215588
512 32 Z 0.968377491355 0.996569475808
512 32 alpha 0.0261331101872 0.784378263381
512 32 overshoot 0.480625682449 0.760703071115
512 32 diffusion 0.440040161079 0.831338942741
512 32 age 0.919398867545 0.983199963596
512 32 X_c 0.963122659492 0.981083204711
512 32 log_g 0.999872617878 0.999936333495
512 32 L 0.992974088224 0.997027973116
512 32 radius 0.993700152182 0.995965066317
512 32 Y_surf 0.893959226357 0.977869723912
512 32 mass_cc 0.863067868538 0.926635210514
1024 4 M 0.925417682308 0.944263925603
1024 4 Y 0.0761740297044 0.347191980901
1024 4 Z 0.971295062805 0.976866858157
1024 4 alpha 0.0824300296273 0.0932895065494
1024 4 overshoot 0.364583364002 0.42388467913
1024 4 diffusion 0.405367760287 0.360258220519
1024 4 age 0.884974917701 0.94737445077
1024 4 X_c 0.886975612632 0.986684000183
1024 4 log_g 0.999734582699 0.999919993561
1024 4 L 0.988617808511 0.988721240879
1024 4 radius 0.990210989043 0.993362567056
1024 4 Y_surf 0.869616964517 0.9046996673
1024 4 mass_cc 0.618780376628 0.856271254883
1024 4 M 0.926030672262 0.94658478436
1024 4 Y 0.0784422087573 0.369570015421
1024 4 Z 0.967596155688 0.983312113656
1024 4 alpha 0.079888892261 0.143179796984
1024 4 overshoot 0.359590085497 0.435759507275
1024 4 diffusion 0.373169590458 0.402784068501
1024 4 age 0.894381691893 0.948082959598
1024 4 X_c 0.886131562962 0.988052968297
1024 4 log_g 0.999943564199 0.999413217311
1024 4 L 0.989148465664 0.989743147578
1024 4 radius 0.991684561471 0.987636456352
1024 4 Y_surf 0.875887993199 0.899621278202
1024 4 mass_cc 0.637541808422 0.865272076229
1024 4 M 0.925599839403 0.944842407923
1024 4 Y 0.0793000013863 0.36587626324
1024 4 Z 0.975805168266 0.974273542661
1024 4 alpha 0.0863961768244 0.121050870163
1024 4 overshoot 0.388026332395 0.422966301852
1024 4 diffusion 0.393380908585 0.380851352413
1024 4 age 0.892534948661 0.95329643723
1024 4 X_c 0.888062986167 0.987324962534
1024 4 log_g 0.99985001947 0.999934028639
1024 4 L 0.98948757513 0.989059523411
1024 4 radius 0.990482354475 0.993471138098
1024 4 Y_surf 0.873656309383 0.903012349627
1024 4 mass_cc 0.634400436975 0.855452392166
1024 4 M 0.926219273858 0.944259760145
1024 4 Y 0.074179974691 0.362418124438
1024 4 Z 0.971507257386 0.978823367096
1024 4 alpha 0.0711865538783 0.150554623304
1024 4 overshoot 0.382747077743 0.474197134731
1024 4 diffusion 0.421038482583 0.410441061299
1024 4 age 0.89671594009 0.939947172767
1024 4 X_c 0.892842793511 0.985541010073
1024 4 log_g 0.999913435447 0.999837629062
1024 4 L 0.989051197639 0.986829219466
1024 4 radius 0.991090031855 0.992506699349
1024 4 Y_surf 0.868896262547 0.909722882864
1024 4 mass_cc 0.643120111302 0.854410748354
1024 4 M 0.926064693732 0.948783716582
1024 4 Y 0.0665786072879 0.408853458475
1024 4 Z 0.97093380497 0.978190536347
1024 4 alpha 0.0912624257954 0.0569286599127
1024 4 overshoot 0.36733027163 0.432755772324
1024 4 diffusion 0.369847768681 0.387528545075
1024 4 age 0.892796095871 0.951354299844
1024 4 X_c 0.889782315956 0.987568129288
1024 4 log_g 0.999834706519 0.999562603109
1024 4 L 0.988451532179 0.989971023714
1024 4 radius 0.99082298112 0.991058327803
1024 4 Y_surf 0.872404467554 0.910324853545
1024 4 mass_cc 0.641527355868 0.875455065483
1024 8 M 0.944107366159 0.949402227397
1024 8 Y 0.205566963179 0.362440294625
1024 8 Z 0.973987297612 0.982650986753
1024 8 alpha 0.11038012168 0.187233731274
1024 8 overshoot 0.509426215493 0.493395411582
1024 8 diffusion 0.45950340377 0.560025999694
1024 8 age 0.934577283572 0.950002473054
1024 8 X_c 0.957669807915 0.974332542096
1024 8 log_g 0.999970525755 0.999753113067
1024 8 L 0.993053749526 0.992674763856
1024 8 radius 0.994019334795 0.992852477456
1024 8 Y_surf 0.897629267764 0.924876287091
1024 8 mass_cc 0.843834916972 0.855770797237
1024 8 M 0.94451718754 0.9532096333
1024 8 Y 0.232796454239 0.399721865706
1024 8 Z 0.976081540598 0.982378902023
1024 8 alpha 0.130233827535 0.192635230361
1024 8 overshoot 0.50411980967 0.549372299698
1024 8 diffusion 0.442966979039 0.5259015248
1024 8 age 0.930742953862 0.945998926564
1024 8 X_c 0.958238807583 0.974764278019
1024 8 log_g 0.999798319107 0.999931144515
1024 8 L 0.99449503661 0.992498112918
1024 8 radius 0.993174579156 0.994495175093
1024 8 Y_surf 0.905847090353 0.915839613542
1024 8 mass_cc 0.843527028825 0.86930355794
1024 8 M 0.946850315141 0.948015622
1024 8 Y 0.222662014676 0.353167231002
1024 8 Z 0.970329341205 0.986440129098
1024 8 alpha 0.117131050873 0.223681121985
1024 8 overshoot 0.493857083436 0.563943760833
1024 8 diffusion 0.475492683214 0.46486372947
1024 8 age 0.938320802745 0.93878002306
1024 8 X_c 0.957653170799 0.974736100061
1024 8 log_g 0.999966310773 0.999722443728
1024 8 L 0.994099312257 0.991249505519
1024 8 radius 0.993710315474 0.992854751731
1024 8 Y_surf 0.898974274079 0.918974828929
1024 8 mass_cc 0.843444299486 0.863510756256
1024 8 M 0.943507966947 0.950979859406
1024 8 Y 0.200359431163 0.356377662035
1024 8 Z 0.970337068566 0.987713911064
1024 8 alpha 0.108127854188 0.147538492736
1024 8 overshoot 0.513373077665 0.52400192979
1024 8 diffusion 0.458871402583 0.500226896966
1024 8 age 0.937917685433 0.940517751234
1024 8 X_c 0.957435892971 0.975398039505
1024 8 log_g 0.999955115572 0.999765893175
1024 8 L 0.99224417534 0.993362638316
1024 8 radius 0.993809622067 0.992721210197
1024 8 Y_surf 0.897656449815 0.920807330112
1024 8 mass_cc 0.838463505772 0.858071038071
1024 8 M 0.94402123453 0.952128103467
1024 8 Y 0.218080113629 0.385152248175
1024 8 Z 0.973219789002 0.986402815529
1024 8 alpha 0.110488479805 0.280216056419
1024 8 overshoot 0.493622261565 0.503277751225
1024 8 diffusion 0.466915325186 0.505267056279
1024 8 age 0.929130143771 0.944866027224
1024 8 X_c 0.957466415976 0.976981873126
1024 8 log_g 0.999729039338 0.999950264453
1024 8 L 0.993976703229 0.992139421842
1024 8 radius 0.993139144902 0.99430570061
1024 8 Y_surf 0.899365330216 0.923597577429
1024 8 mass_cc 0.838959543259 0.868976535014
1024 16 M 0.948527214648 0.96513916986
1024 16 Y 0.251480730202 0.550993593958
1024 16 Z 0.971878496669 0.99119998308
1024 16 alpha 0.0916199132558 0.462802782271
1024 16 overshoot 0.539562451476 0.633067995163
1024 16 diffusion 0.473619779269 0.631874657857
1024 16 age 0.931733953395 0.958632965927
1024 16 X_c 0.967097814407 0.972924829542
1024 16 log_g 0.999962667052 0.999923473468
1024 16 L 0.994813358848 0.9951505136
1024 16 radius 0.994805948295 0.994727920884
1024 16 Y_surf 0.907244775919 0.956933512411
1024 16 mass_cc 0.874091208641 0.891908212549
1024 16 M 0.949916582461 0.963449197799
1024 16 Y 0.24761673436 0.52999975272
1024 16 Z 0.97452399252 0.991012195932
1024 16 alpha 0.114761428066 0.42445226257
1024 16 overshoot 0.556566577361 0.648504986524
1024 16 diffusion 0.483943857364 0.657027240933
1024 16 age 0.947255674703 0.956381877406
1024 16 X_c 0.966749336602 0.971678686102
1024 16 log_g 0.999964325588 0.999771428371
1024 16 L 0.993782945587 0.995094555251
1024 16 radius 0.994441211335 0.994461077873
1024 16 Y_surf 0.910752703501 0.953420931606
1024 16 mass_cc 0.877213554471 0.883637258007
1024 16 M 0.952509713465 0.962812554716
1024 16 Y 0.255329221782 0.535185491136
1024 16 Z 0.974599895588 0.989088043204
1024 16 alpha 0.0971848903338 0.412624586387
1024 16 overshoot 0.559968018538 0.652045682436
1024 16 diffusion 0.483492847113 0.665493957897
1024 16 age 0.944911591293 0.951672138853
1024 16 X_c 0.967988596949 0.971649068103
1024 16 log_g 0.999978938781 0.999877717914
1024 16 L 0.995319533691 0.994678530014
1024 16 radius 0.995014311403 0.99464642096
1024 16 Y_surf 0.915170092213 0.952734546542
1024 16 mass_cc 0.878661541082 0.891964852111
1024 16 M 0.950566463768 0.961701721448
1024 16 Y 0.256213163108 0.534965188467
1024 16 Z 0.976700447654 0.989870845763
1024 16 alpha 0.120036359832 0.44490310669
1024 16 overshoot 0.55736542646 0.662730140112
1024 16 diffusion 0.486569392664 0.701424715829
1024 16 age 0.945260533183 0.947764058165
1024 16 X_c 0.968199924562 0.970805430843
1024 16 log_g 0.999910204997 0.99990353907
1024 16 L 0.994242167981 0.995026071441
1024 16 radius 0.994851187646 0.994372410363
1024 16 Y_surf 0.911850413582 0.953491827635
1024 16 mass_cc 0.878184660966 0.88675142268
1024 16 M 0.950332550933 0.964502253172
1024 16 Y 0.257193663883 0.544876473872
1024 16 Z 0.974020358115 0.989662470444
1024 16 alpha 0.106790887829 0.452093099259
1024 16 overshoot 0.556360620964 0.661569190244
1024 16 diffusion 0.493081145736 0.644151010014
1024 16 age 0.947508529575 0.946994778885
1024 16 X_c 0.968459946764 0.97123860762
1024 16 log_g 0.99986478393 0.999980438354
1024 16 L 0.995132269887 0.995152202719
1024 16 radius 0.994386028152 0.995098068637
1024 16 Y_surf 0.918565212243 0.949786567269
1024 16 mass_cc 0.879016936054 0.878812329802
1024 32 M 0.950537204612 0.981195094538
1024 32 Y 0.230036053819 0.775481606739
1024 32 Z 0.972888380157 0.994992950956
1024 32 alpha 0.0889813568811 0.675607920016
1024 32 overshoot 0.560804712227 0.752504111509
1024 32 diffusion 0.453277480551 0.7740092959
1024 32 age 0.951786665283 0.9650723522
1024 32 X_c 0.970483719279 0.97957561094
1024 32 log_g 0.99994740802 0.999972619549
1024 32 L 0.995162288445 0.997511000912
1024 32 radius 0.995315817199 0.996638727739
1024 32 Y_surf 0.914678920595 0.97721417956
1024 32 mass_cc 0.891690581582 0.918325483956
1024 32 M 0.952871948696 0.979723394793
1024 32 Y 0.258137318235 0.7476601975
1024 32 Z 0.974933981015 0.995129550253
1024 32 alpha 0.106059183924 0.6165262698
1024 32 overshoot 0.583515085506 0.738561206802
1024 32 diffusion 0.492530180849 0.799501931712
1024 32 age 0.946513157952 0.971653905061
1024 32 X_c 0.970129825023 0.980203056719
1024 32 log_g 0.999959932374 0.999957218608
1024 32 L 0.995457027911 0.99725528646
1024 32 radius 0.995592851054 0.996305715346
1024 32 Y_surf 0.914668304484 0.977810887754
1024 32 mass_cc 0.889113034874 0.915838029982
1024 32 M 0.949670837829 0.980806451729
1024 32 Y 0.240634592043 0.773631468084
1024 32 Z 0.971831963847 0.996726358689
1024 32 alpha 0.107541047798 0.684138981544
1024 32 overshoot 0.567545586798 0.7652050747
1024 32 diffusion 0.4837056699 0.774926057961
1024 32 age 0.950476006843 0.969323961852
1024 32 X_c 0.970408481249 0.980109227631
1024 32 log_g 0.999990288958 0.999968483538
1024 32 L 0.994764525555 0.99739345122
1024 32 radius 0.995344256277 0.996486368975
1024 32 Y_surf 0.920655305225 0.975311872339
1024 32 mass_cc 0.887913871298 0.91641830163
1024 32 M 0.950789808788 0.980520583589
1024 32 Y 0.256111276367 0.764179335535
1024 32 Z 0.977017245006 0.995901759468
1024 32 alpha 0.103856829672 0.693208011581
1024 32 overshoot 0.567043084651 0.771518757633
1024 32 diffusion 0.478194915156 0.79172232565
1024 32 age 0.954787091449 0.968914063227
1024 32 X_c 0.97061050173 0.979525131585
1024 32 log_g 0.99998327232 0.999966631057
1024 32 L 0.993938225189 0.997547589297
1024 32 radius 0.995441677566 0.996470092264
1024 32 Y_surf 0.91674936761 0.977380515385
1024 32 mass_cc 0.891027787808 0.912398540977
1024 32 M 0.952637472058 0.978964731138
1024 32 Y 0.255173660335 0.734864716511
1024 32 Z 0.975486432193 0.992378033975
1024 32 alpha 0.0910830092878 0.697826833877
1024 32 overshoot 0.573854135896 0.754493887331
1024 32 diffusion 0.483926902024 0.747229950639
1024 32 age 0.945435316573 0.974496201206
1024 32 X_c 0.969841598752 0.979072967607
1024 32 log_g 0.999864090996 0.999992887534
1024 32 L 0.994720635552 0.997238772586
1024 32 radius 0.995314616039 0.99655573137
1024 32 Y_surf 0.921893543618 0.975666524534
1024 32 mass_cc 0.885267076837 0.919784865805
2048 4 M 0.929321784235 0.957020265865
2048 4 Y 0.0822394495115 0.453460190552
2048 4 Z 0.977925352512 0.977289755522
2048 4 alpha 0.118959294469 0.189225380831
2048 4 overshoot 0.387101962773 0.514864646218
2048 4 diffusion 0.433406423731 0.438743855826
2048 4 age 0.89970260805 0.95953135052
2048 4 X_c 0.885645130827 0.990260736082
2048 4 log_g 0.999970898758 0.999853437146
2048 4 L 0.991940357587 0.992701760727
2048 4 radius 0.992571194864 0.994007567886
2048 4 Y_surf 0.889502650357 0.923585402144
2048 4 mass_cc 0.641882255944 0.883026387202
2048 4 M 0.930867595896 0.955573161094
2048 4 Y 0.0772601252151 0.449231138811
2048 4 Z 0.974141533264 0.979794284612
2048 4 alpha 0.136110834226 0.166595998769
2048 4 overshoot 0.389978362399 0.497778312789
2048 4 diffusion 0.430069725846 0.444462373309
2048 4 age 0.917661163797 0.953820232864
2048 4 X_c 0.882781843725 0.989939521627
2048 4 log_g 0.999843491304 0.999974947915
2048 4 L 0.992890100653 0.992652690825
2048 4 radius 0.992277567515 0.994518894449
2048 4 Y_surf 0.886558913285 0.923804936069
2048 4 mass_cc 0.632766983478 0.882078065788
2048 4 M 0.931234276996 0.954886954584
2048 4 Y 0.0777727229195 0.457505619884
2048 4 Z 0.977292057311 0.979453296472
2048 4 alpha 0.126501390298 0.162928859915
2048 4 overshoot 0.393123962011 0.495531712292
2048 4 diffusion 0.448788369495 0.409336522748
2048 4 age 0.918303508207 0.957364259899
2048 4 X_c 0.885747921645 0.989732327262
2048 4 log_g 0.99996559124 0.999802131735
2048 4 L 0.992164436293 0.992140960733
2048 4 radius 0.992775558005 0.993043047266
2048 4 Y_surf 0.886958541598 0.924899822684
2048 4 mass_cc 0.63469528782 0.881594214111
2048 4 M 0.932418412653 0.955999570348
2048 4 Y 0.0833475978784 0.455726832121
2048 4 Z 0.973950131117 0.976958086386
2048 4 alpha 0.13681660192 0.165952590471
2048 4 overshoot 0.372942648675 0.503378097676
2048 4 diffusion 0.439031943553 0.439374779818
2048 4 age 0.915732689337 0.958171907684
2048 4 X_c 0.882915739273 0.990546326554
2048 4 log_g 0.999964017632 0.999816339034
2048 4 L 0.991041366975 0.992357769964
2048 4 radius 0.99297216977 0.993615708354
2048 4 Y_surf 0.883566638181 0.923413265154
2048 4 mass_cc 0.633925346555 0.88206653308
2048 4 M 0.931765737781 0.956233372959
2048 4 Y 0.0760211665743 0.444330920634
2048 4 Z 0.97521431774 0.980112121606
2048 4 alpha 0.124650911085 0.174477905248
2048 4 overshoot 0.403151630108 0.490667869125
2048 4 diffusion 0.41549276127 0.43785870505
2048 4 age 0.921223590388 0.956914587245
2048 4 X_c 0.88637029526 0.989813895726
2048 4 log_g 0.999981521388 0.999791666428
2048 4 L 0.990669028247 0.992511657575
2048 4 radius 0.992458641861 0.994272779576
2048 4 Y_surf 0.889042703702 0.922462649539
2048 4 mass_cc 0.641967875738 0.880558895184
2048 8 M 0.953633692759 0.957649097442
2048 8 Y 0.283027012855 0.443805359744
2048 8 Z 0.980036242311 0.982650333768
2048 8 alpha 0.171010792937 0.201129389914
2048 8 overshoot 0.543010864088 0.577452066713
2048 8 diffusion 0.485575521081 0.531815662753
2048 8 age 0.944398934721 0.953336221449
2048 8 X_c 0.961952096708 0.979355864192
2048 8 log_g 0.999933605805 0.999955597664
2048 8 L 0.995161818359 0.994524278771
2048 8 radius 0.994913588022 0.994838498066
2048 8 Y_surf 0.923928289599 0.930835121238
2048 8 mass_cc 0.856146487888 0.87688489274
2048 8 M 0.951709924581 0.958114549656
2048 8 Y 0.277257347757 0.42429742432
2048 8 Z 0.979767196329 0.9843290803
2048 8 alpha 0.174870127558 0.193252728153
2048 8 overshoot 0.54316324722 0.564678969764
2048 8 diffusion 0.519096817234 0.503838924142
2048 8 age 0.940503357518 0.954810152543
2048 8 X_c 0.961417092121 0.97882684011
2048 8 log_g 0.999992638125 0.999904500034
2048 8 L 0.994891159118 0.994948717364
2048 8 radius 0.994955408907 0.994568488539
2048 8 Y_surf 0.919642896869 0.933463845108
2048 8 mass_cc 0.859079026507 0.874821002085
2048 8 M 0.951653048399 0.95706167808
2048 8 Y 0.275792216843 0.448714257312
2048 8 Z 0.980308830818 0.981866429075
2048 8 alpha 0.156801991383 0.241560915794
2048 8 overshoot 0.556472887361 0.570206994991
2048 8 diffusion 0.505051946716 0.547030460206
2048 8 age 0.943777608613 0.953232426452
2048 8 X_c 0.960602359936 0.979795636389
2048 8 log_g 0.999971075695 0.999896791551
2048 8 L 0.994717508694 0.994497923447
2048 8 radius 0.994823241135 0.994740753328
2048 8 Y_surf 0.91418577292 0.93572349013
2048 8 mass_cc 0.856830721992 0.88164676531
2048 8 M 0.954705649962 0.957099473774
2048 8 Y 0.281549182503 0.436680854176
2048 8 Z 0.979336304224 0.982861354717
2048 8 alpha 0.179439872494 0.208911543936
2048 8 overshoot 0.556520482934 0.553554339357
2048 8 diffusion 0.52448640173 0.514634167206
2048 8 age 0.947937511434 0.949292242396
2048 8 X_c 0.961565895825 0.979289094162
2048 8 log_g 0.999955160258 0.999821197853
2048 8 L 0.994926173942 0.994363999644
2048 8 radius 0.994805042957 0.994455431919
2048 8 Y_surf 0.918442929533 0.93398024043
2048 8 mass_cc 0.852913439638 0.883717572771
2048 8 M 0.952681741121 0.957796316825
2048 8 Y 0.291583483673 0.431532160031
2048 8 Z 0.974147130409 0.985829243299
2048 8 alpha 0.180080895776 0.183586754608
2048 8 overshoot 0.519217659172 0.586936453759
2048 8 diffusion 0.505788755047 0.516572436851
2048 8 age 0.945852882806 0.952685225073
2048 8 X_c 0.960655517193 0.9794030108
2048 8 log_g 0.999824589483 0.999983491767
2048 8 L 0.995542658364 0.99475294862
2048 8 radius 0.994376871045 0.995294357364
2048 8 Y_surf 0.916208995697 0.935004517771
2048 8 mass_cc 0.85733976346 0.88081305347
2048 16 M 0.96105864606 0.96575722568
2048 16 Y 0.363183941373 0.527418330205
2048 16 Z 0.981110458397 0.989720081596
2048 16 alpha 0.169051831932 0.388478349334
2048 16 overshoot 0.601793412735 0.663399125586
2048 16 diffusion 0.550488520733 0.615991441173
2048 16 age 0.95199413627 0.962585331835
2048 16 X_c 0.972037702849 0.9742813838
2048 16 log_g 0.999996602213 0.999960574136
2048 16 L 0.996463249953 0.996221916095
2048 16 radius 0.995975663312 0.995659313898
2048 16 Y_surf 0.927631215908 0.957581822192
2048 16 mass_cc 0.891988068675 0.898615322395
2048 16 M 0.959481547105 0.96736507628
2048 16 Y 0.359870853089 0.53308765962
2048 16 Z 0.981555036756 0.98919186357
2048 16 alpha 0.178294140588 0.340023565382
2048 16 overshoot 0.590763895806 0.66186820826
2048 16 diffusion 0.567462376254 0.623637109416
2048 16 age 0.951874347212 0.95656588312
2048 16 X_c 0.971154364111 0.975000521582
2048 16 log_g 0.9999813875 0.999963852882
2048 16 L 0.995528528456 0.996271117003
2048 16 radius 0.996012241341 0.995607525987
2048 16 Y_surf 0.92698265388 0.957021602847
2048 16 mass_cc 0.891247480879 0.89524426262
2048 16 M 0.959009679113 0.967771060055
2048 16 Y 0.338161770763 0.562694617903
2048 16 Z 0.979193166813 0.990860366035
2048 16 alpha 0.179086589523 0.369215131746
2048 16 overshoot 0.604071292944 0.660588876184
2048 16 diffusion 0.506064543416 0.670714023118
2048 16 age 0.955165662274 0.960671676014
2048 16 X_c 0.971472159653 0.975437425354
2048 16 log_g 0.999979340277 0.999934298035
2048 16 L 0.995983031975 0.996089601283
2048 16 radius 0.995432328076 0.995646703946
2048 16 Y_surf 0.929122876482 0.958206979909
2048 16 mass_cc 0.892623802909 0.897840975659
2048 16 M 0.959313491951 0.967714792263
2048 16 Y 0.364723366059 0.529377035876
2048 16 Z 0.978922128011 0.990197287797
2048 16 alpha 0.156066124369 0.393261516299
2048 16 overshoot 0.597891884969 0.659193479382
2048 16 diffusion 0.513447185803 0.643498925008
2048 16 age 0.948903491134 0.961960383169
2048 16 X_c 0.971860376069 0.974683486567
2048 16 log_g 0.999993509319 0.999971862846
2048 16 L 0.995980890008 0.996430998219
2048 16 radius 0.995957726571 0.995891457822
2048 16 Y_surf 0.926100141468 0.957603261595
2048 16 mass_cc 0.894516394682 0.896154875177
2048 16 M 0.959616806566 0.966693736803
2048 16 Y 0.339242752522 0.548534307477
2048 16 Z 0.981109669136 0.989235459612
2048 16 alpha 0.178464700888 0.372011641212
2048 16 overshoot 0.598477010608 0.6457120927
2048 16 diffusion 0.544592159873 0.646481103697
2048 16 age 0.953981196488 0.959297846329
2048 16 X_c 0.970852346208 0.975562349636
2048 16 log_g 0.999971720803 0.999962913122
2048 16 L 0.996481469551 0.996324545693
2048 16 radius 0.995798202018 0.995522402863
2048 16 Y_surf 0.93076012073 0.957705135458
2048 16 mass_cc 0.887557699718 0.901881399536
2048 32 M 0.959432941121 0.980452356256
2048 32 Y 0.375316509899 0.70289364544
2048 32 Z 0.974782980729 0.995969824976
2048 32 alpha 0.14861639426 0.593703819983
2048 32 overshoot 0.615168469223 0.742446736117
2048 32 diffusion 0.5332916346 0.749978856959
2048 32 age 0.951545651876 0.97601344773
2048 32 X_c 0.973907760438 0.981013069904
2048 32 log_g 0.999988486333 0.999985922802
2048 32 L 0.996069010513 0.99780960424
2048 32 radius 0.99632603019 0.996934267375
2048 32 Y_surf 0.927353378499 0.977960394129
2048 32 mass_cc 0.902734372763 0.921966713148
2048 32 M 0.961559633352 0.980270181191
2048 32 Y 0.357810070552 0.72622195234
2048 32 Z 0.980055768194 0.99498264093
2048 32 alpha 0.135400980734 0.64316789921
2048 32 overshoot 0.620605704029 0.745050982917
2048 32 diffusion 0.539715594583 0.776083018214
2048 32 age 0.957239581695 0.97637443472
2048 32 X_c 0.974289941171 0.981185640882
2048 32 log_g 0.999978563422 0.999986528578
2048 32 L 0.996612751416 0.99756735732
2048 32 radius 0.996278162138 0.996928734107
2048 32 Y_surf 0.929713575912 0.977532143821
2048 32 mass_cc 0.899448388772 0.92620915052
2048 32 M 0.962733046798 0.979801138467
2048 32 Y 0.363239999238 0.734931654671
2048 32 Z 0.981134244455 0.995171239396
2048 32 alpha 0.173783042055 0.604424584685
2048 32 overshoot 0.612669001632 0.756285324503
2048 32 diffusion 0.550032065756 0.732851238771
2048 32 age 0.955542831635 0.974976280069
2048 32 X_c 0.975663486999 0.980738604852
2048 32 log_g 0.999991708453 0.99998747572
2048 32 L 0.996507373831 0.99768691247
2048 32 radius 0.996339037744 0.996884111064
2048 32 Y_surf 0.930850029667 0.97596308585
2048 32 mass_cc 0.90603376373 0.92257602252
2048 32 M 0.963182556575 0.979884028326
2048 32 Y 0.392870237513 0.709265243771
2048 32 Z 0.978835478468 0.995325483841
2048 32 alpha 0.187558460135 0.595056835552
2048 32 overshoot 0.615067835043 0.74671405599
2048 32 diffusion 0.558153882025 0.76008134002
2048 32 age 0.953946924933 0.97436169219
2048 32 X_c 0.973974174106 0.980766111774
2048 32 log_g 0.999989685006 0.99998444766
2048 32 L 0.996352698849 0.997688775415
2048 32 radius 0.996219138032 0.996890251411
2048 32 Y_surf 0.935358860175 0.97595847871
2048 32 mass_cc 0.905382278448 0.917817035617
2048 32 M 0.963760890504 0.979953098615
2048 32 Y 0.389499153838 0.716010777046
2048 32 Z 0.978253293756 0.995711892638
2048 32 alpha 0.143705992955 0.610060974709
2048 32 overshoot 0.613754665982 0.752308749338
2048 32 diffusion 0.5500758104 0.774297576031
2048 32 age 0.957961243111 0.973999015176
2048 32 X_c 0.974965148559 0.980586470558
2048 32 log_g 0.999988584075 0.999989261379
2048 32 L 0.995924427039 0.997662028705
2048 32 radius 0.996276797514 0.99681384007
2048 32 Y_surf 0.932453509999 0.976221124684
2048 32 mass_cc 0.903723062272 0.919767696871
4096 4 M 0.936152582797 0.96456989052
4096 4 Y 0.0923480009191 0.527760041881
4096 4 Z 0.980836392738 0.983149367643
4096 4 alpha 0.187640793998 0.208665578587
4096 4 overshoot 0.387285528454 0.540785046511
4096 4 diffusion 0.384004713976 0.494344316013
4096 4 age 0.940802083735 0.963806534723
4096 4 X_c 0.883455730304 0.992839695966
4096 4 log_g 0.999819069253 0.999975266984
4096 4 L 0.994693257642 0.994945802202
4096 4 radius 0.993588654 0.995472524883
4096 4 Y_surf 0.892500965803 0.939378783301
4096 4 mass_cc 0.623289440259 0.897520176642
4096 4 M 0.938777806794 0.964268224029
4096 4 Y 0.0797900239972 0.53159085538
4096 4 Z 0.97459247133 0.983393888234
4096 4 alpha 0.155148448984 0.214396068365
4096 4 overshoot 0.428503119362 0.532282152692
4096 4 diffusion 0.38544432583 0.493599628083
4096 4 age 0.926608037705 0.964532317758
4096 4 X_c 0.881237340403 0.992866832978
4096 4 log_g 0.999736005686 0.999964522101
4096 4 L 0.993232519174 0.994682804372
4096 4 radius 0.993962214221 0.995361621329
4096 4 Y_surf 0.890822471739 0.940565098264
4096 4 mass_cc 0.640418776332 0.897112494584
4096 4 M 0.938761635674 0.964446099084
4096 4 Y 0.102215639609 0.532358004315
4096 4 Z 0.982858922992 0.982673818864
4096 4 alpha 0.165800495261 0.213756655218
4096 4 overshoot 0.406865278694 0.5438153228
4096 4 diffusion 0.439422405407 0.483751048126
4096 4 age 0.919598513012 0.965432539462
4096 4 X_c 0.881467645349 0.992710764455
4096 4 log_g 0.999985801991 0.999910279302
4096 4 L 0.994570401905 0.994784198496
4096 4 radius 0.993740428198 0.995297911944
4096 4 Y_surf 0.902774773602 0.941188722525
4096 4 mass_cc 0.634203433248 0.895886296808
4096 4 M 0.938401283841 0.964796569508
4096 4 Y 0.0977938385286 0.532401986094
4096 4 Z 0.980774938937 0.983177665534
4096 4 alpha 0.151099364011 0.219398214044
4096 4 overshoot 0.438176822687 0.52745656974
4096 4 diffusion 0.36287006912 0.495238503082
4096 4 age 0.936992231007 0.964095336241
4096 4 X_c 0.885320320666 0.992763533583
4096 4 log_g 0.999891542279 0.999897988601
4096 4 L 0.994790716051 0.994805995993
4096 4 radius 0.993195296657 0.995352335392
4096 4 Y_surf 0.89359722966 0.940449414821
4096 4 mass_cc 0.633660939802 0.894773025106
4096 4 M 0.938714941497 0.96455889865
4096 4 Y 0.0992334938885 0.532467411615
4096 4 Z 0.978199460365 0.983675431915
4096 4 alpha 0.17972630376 0.210896623393
4096 4 overshoot 0.351029475159 0.543653942746
4096 4 diffusion 0.456483286901 0.479997706668
4096 4 age 0.92230767867 0.964399469087
4096 4 X_c 0.884388894531 0.992485993631
4096 4 log_g 0.999990813193 0.999935413535
4096 4 L 0.994779931516 0.994853997546
4096 4 radius 0.994053237124 0.995323485335
4096 4 Y_surf 0.891565021039 0.94104611336
4096 4 mass_cc 0.636992079402 0.895073710439
4096 8 M 0.962091550038 0.964611930302
4096 8 Y 0.357975662226 0.492371926371
4096 8 Z 0.982044890822 0.985525459943
4096 8 alpha 0.188841619489 0.233740417787
4096 8 overshoot 0.577674854367 0.607365274463
4096 8 diffusion 0.440436670076 0.55932198889
4096 8 age 0.958106644973 0.959532573262
4096 8 X_c 0.963316330438 0.983518699275
4096 8 log_g 0.999932944646 0.9999643419
4096 8 L 0.996657098408 0.995993347568
4096 8 radius 0.996139773886 0.995744620461
4096 8 Y_surf 0.933205699164 0.942692918949
4096 8 mass_cc 0.868966218469 0.89432097008
4096 8 M 0.960956252074 0.965026908597
4096 8 Y 0.353255941624 0.492726558426
4096 8 Z 0.984168625408 0.985160379582
4096 8 alpha 0.215233449106 0.230307332458
4096 8 overshoot 0.578839910019 0.603999521948
4096 8 diffusion 0.442059117733 0.55297958805
4096 8 age 0.956755644343 0.960499295797
4096 8 X_c 0.962552484958 0.983460419962
4096 8 log_g 0.999997306939 0.99996415783
4096 8 L 0.996948688691 0.995979468967
4096 8 radius 0.995710708116 0.995892459872
4096 8 Y_surf 0.927510577386 0.944345288208
4096 8 mass_cc 0.86458773265 0.895960060829
4096 8 M 0.960538968745 0.965222330223
4096 8 Y 0.325989487918 0.493262276846
4096 8 Z 0.981952042871 0.985405811748
4096 8 alpha 0.207384092856 0.23133432195
4096 8 overshoot 0.581159260836 0.606940379924
4096 8 diffusion 0.577233621026 0.539300868399
4096 8 age 0.957551265602 0.959637837662
4096 8 X_c 0.963340672327 0.983360636765
4096 8 log_g 0.999927132295 0.999951061469
4096 8 L 0.996731803405 0.996064717297
4096 8 radius 0.995936989807 0.995689997125
4096 8 Y_surf 0.933069552288 0.943088479884
4096 8 mass_cc 0.868255114169 0.894683380872
4096 8 M 0.960010173357 0.965600266125
4096 8 Y 0.343092277074 0.494861229728
4096 8 Z 0.977735832189 0.985980132579
4096 8 alpha 0.220947352244 0.225830863677
4096 8 overshoot 0.589213414634 0.601346436656
4096 8 diffusion 0.470409723246 0.550733623392
4096 8 age 0.954929773996 0.960368370269
4096 8 X_c 0.963634377004 0.983368009886
4096 8 log_g 0.999945557282 0.999965579825
4096 8 L 0.996508235399 0.995988629576
4096 8 radius 0.995852084186 0.995777977024
4096 8 Y_surf 0.93424355138 0.942442069695
4096 8 mass_cc 0.868401311203 0.895507517441
4096 8 M 0.962235711895 0.964882731394
4096 8 Y 0.373228535994 0.487980284036
4096 8 Z 0.984197234739 0.98563846014
4096 8 alpha 0.175351133193 0.239277144869
4096 8 overshoot 0.594716613054 0.603881188661
4096 8 diffusion 0.507352162745 0.550780764053
4096 8 age 0.953415664184 0.960635133439
4096 8 X_c 0.962039594979 0.983504435548
4096 8 log_g 0.999921505079 0.999959269926
4096 8 L 0.996715259016 0.99602230708
4096 8 radius 0.9958902449 0.995812611675
4096 8 Y_surf 0.933951306588 0.942842727474
4096 8 mass_cc 0.872204502609 0.895163175202
4096 16 M 0.968363370792 0.971869490611
4096 16 Y 0.445361534765 0.569889400458
4096 16 Z 0.986990018065 0.990061984068
4096 16 alpha 0.227362817664 0.344561422844
4096 16 overshoot 0.629509110416 0.677989880202
4096 16 diffusion 0.590446004451 0.634136076826
4096 16 age 0.967520298742 0.964750911098
4096 16 X_c 0.975906700951 0.977993623181
4096 16 log_g 0.999969393169 0.999979282494
4096 16 L 0.997233509574 0.996976837027
4096 16 radius 0.996415179281 0.996378540335
4096 16 Y_surf 0.933879682969 0.959603817924
4096 16 mass_cc 0.911268091276 0.907456536602
4096 16 M 0.969513215671 0.971456614722
4096 16 Y 0.459462723745 0.565331927958
4096 16 Z 0.982497344838 0.99077268495
4096 16 alpha 0.218663809783 0.343791632546
4096 16 overshoot 0.630835526105 0.675966383835
4096 16 diffusion 0.484417238876 0.643288355765
4096 16 age 0.970475448526 0.964195036274
4096 16 X_c 0.9755541076 0.97817489315
4096 16 log_g 0.999950150465 0.999981288818
4096 16 L 0.996995950409 0.997048429859
4096 16 radius 0.99698876338 0.996276706779
4096 16 Y_surf 0.940019051796 0.958859591078
4096 16 mass_cc 0.908811733127 0.90767410483
4096 16 M 0.968349993314 0.971051323591
4096 16 Y 0.45149730583 0.567181054396
4096 16 Z 0.983978318877 0.990711769472
4096 16 alpha 0.237070878436 0.349073135086
4096 16 overshoot 0.628313695023 0.675379085037
4096 16 diffusion 0.548431400863 0.638031009006
4096 16 age 0.952386067133 0.966304752899
4096 16 X_c 0.974305060089 0.978078199913
4096 16 log_g 0.999938122528 0.999975821962
4096 16 L 0.99748340349 0.997012154261
4096 16 radius 0.996117626498 0.996292213337
4096 16 Y_surf 0.941331669366 0.958932160337
4096 16 mass_cc 0.910808346337 0.907184330536
4096 16 M 0.968903835171 0.971836669481
4096 16 Y 0.45077815188 0.571191385271
4096 16 Z 0.985331688687 0.989983173647
4096 16 alpha 0.217187843543 0.342859321967
4096 16 overshoot 0.64774742072 0.677187545896
4096 16 diffusion 0.569875422673 0.640314110355
4096 16 age 0.964732725049 0.965346865511
4096 16 X_c 0.974730586702 0.978070070953
4096 16 log_g 0.999633308879 0.999992816511
4096 16 L 0.997025037181 0.996995854886
4096 16 radius 0.995103397502 0.996398283887
4096 16 Y_surf 0.937597261544 0.959343432812
4096 16 mass_cc 0.908827268477 0.907533276777
4096 16 M 0.971502338204 0.971041672072
4096 16 Y 0.464678149532 0.56802577409
4096 16 Z 0.990480881375 0.989686376396
4096 16 alpha 0.231998921784 0.342741721098
4096 16 overshoot 0.628318444882 0.674138876625
4096 16 diffusion 0.567917153628 0.637148462861
4096 16 age 0.954205494574 0.96548700816
4096 16 X_c 0.976136879038 0.977915896068
4096 16 log_g 0.999996963662 0.99998648282
4096 16 L 0.997523875357 0.99694345878
4096 16 radius 0.99683384818 0.996406121417
4096 16 Y_surf 0.944491866456 0.958576884638
4096 16 mass_cc 0.905455685255 0.908234840286
4096 32 M 0.972275178884 0.981180595811
4096 32 Y 0.471521483855 0.716115404002
4096 32 Z 0.982099394473 0.995211978601
4096 32 alpha 0.242264724548 0.532339590603
4096 32 overshoot 0.655774532551 0.753015034642
4096 32 diffusion 0.561172713752 0.748238011784
4096 32 age 0.968099160228 0.976401388257
4096 32 X_c 0.978769935543 0.982316511401
4096 32 log_g 0.999698974557 0.999995363465
4096 32 L 0.997210015952 0.997947645939
4096 32 radius 0.995876289743 0.997155564353
4096 32 Y_surf 0.94160229481 0.976453502497
4096 32 mass_cc 0.917838145322 0.926408784594
4096 32 M 0.972943354271 0.981265475691
4096 32 Y 0.481737366718 0.718856486314
4096 32 Z 0.987116999175 0.994847505246
4096 32 alpha 0.242573556852 0.544756398197
4096 32 overshoot 0.658342795054 0.753281380783
4096 32 diffusion 0.580449622795 0.75269034159
4096 32 age 0.968898440358 0.975862350501
4096 32 X_c 0.978676474441 0.982297753069
4096 32 log_g 0.999982377599 0.999993916687
4096 32 L 0.997610868047 0.99792911105
4096 32 radius 0.99706446735 0.997182057804
4096 32 Y_surf 0.940477788987 0.97649188646
4096 32 mass_cc 0.916528955902 0.925477065913
4096 32 M 0.973875154608 0.980958898655
4096 32 Y 0.500878895279 0.712052986108
4096 32 Z 0.982429902951 0.995042546473
4096 32 alpha 0.262192995468 0.535863335122
4096 32 overshoot 0.636033706986 0.751039245239
4096 32 diffusion 0.554007722852 0.749757991392
4096 32 age 0.963693007749 0.976384881716
4096 32 X_c 0.978007444242 0.982149531269
4096 32 log_g 0.999981177726 0.999994424977
4096 32 L 0.997715301736 0.997939266167
4096 32 radius 0.997155550238 0.997141824526
4096 32 Y_surf 0.942539281984 0.976601417913
4096 32 mass_cc 0.917378803762 0.926267336002
4096 32 M 0.972761130076 0.981163294972
4096 32 Y 0.472924723977 0.717247791532
4096 32 Z 0.983091342583 0.994911834467
4096 32 alpha 0.206664069272 0.542375714518
4096 32 overshoot 0.637941756717 0.750054051042
4096 32 diffusion 0.559294519315 0.745741618366
4096 32 age 0.966207858542 0.97601179494
4096 32 X_c 0.979041343064 0.982113615629
4096 32 log_g 0.99995487604 0.999993569802
4096 32 L 0.997492426808 0.99793666944
4096 32 radius 0.99706729687 0.99720474667
4096 32 Y_surf 0.940644401451 0.976269036541
4096 32 mass_cc 0.92025397013 0.925670900022
4096 32 M 0.973434633471 0.981088100746
4096 32 Y 0.485276404436 0.716499304479
4096 32 Z 0.984911583577 0.995061472102
4096 32 alpha 0.219712456113 0.548649540974
4096 32 overshoot 0.661819213704 0.751380813219
4096 32 diffusion 0.584366860464 0.741991708445
4096 32 age 0.968333035008 0.976032025833
4096 32 X_c 0.978905127179 0.982307601121
4096 32 log_g 0.999997226949 0.999993409313
4096 32 L 0.997782309692 0.997917185849
4096 32 radius 0.997294228186 0.997175999487
4096 32 Y_surf 0.946786270953 0.975960639016
4096 32 mass_cc 0.915785488416 0.926606180143



(Variable set), score
