1.00043797054699 4891.811261 8122.235558 2.511521311e-08 0.740443192 0.02349195482 1.652893956
1.0004278089376 4893.810781 8561.523961 2.646326927e-08 0.740443192 0.02349195482 1.652673557
1.00041757795969 4896.028783 9027.612816 2.789184026e-08 0.740443192 0.02349195482 1.652429979
1.00040728322827 4898.488796 9521.992722 2.940509233e-08 0.740443192 0.02349195482 1.652160968
1.00039692942248 4901.216801 10046.24238 3.100738693e-08 0.740443192 0.02349195482 1.651863972
1.00038652087055 4904.241472 10602.03357 3.270328872e-08 0.740443192 0.02349195482 1.65155627
1.00037606154976 4907.594435 11191.13636 3.449755778e-08 0.740443192 0.02349195482 1.651239028
1.00036555473552 4911.310542 11815.42442 3.639514962e-08 0.740443192 0.02349195482 1.650902148
1.00035500323533 4915.428167 12476.88047 3.840121768e-08 0.740443192 0.02349195482 1.650544676
1.00034440985668 4919.989527 13177.60112 4.052110319e-08 0.740443192 0.02349195482 1.650165511
1.00033377670519 4925.041014 13919.80085 4.276032227e-08 0.740443192 0.02349195482 1.649770491
1.00032310565252 4930.633553 14705.81646 4.512455214e-08 0.740443192 0.02349195482 1.649380602
1.00031239833638 4936.822976 15538.1123 4.761960772e-08 0.740443192 0.02349195482 1.648981097
1.00030165604354 4943.670406 16419.28574 5.025142525e-08 0.740443192 0.02349195482 1.64857301
1.00029087982681 4951.242661 17352.07265 5.302603499e-08 0.740443192 0.02349195482 1.648157409
1.00028007050504 4959.61266 18339.35314 5.594953043e-08 0.740443192 0.02349195482 1.647735344
1.00026922854614 4968.859837 19384.15746 5.902803674e-08 0.740443192 0.02349195482 1.647336166
1.00025835406711 4979.070546 20489.67248 6.226765902e-08 0.740443192 0.02349195482 1.646950814
1.0002474471849 4990.338459 21659.24861 6.567444607e-08 0.740443192 0.02349195482 1.646581481
1.00023650754859 5002.764941 22896.40754 6.92543397e-08 0.740443192 0.02349195482 1.646233068
1.00022553433933 5016.459392 24204.8509 7.301313764e-08 0.740443192 0.02349195482 1.645903168
1.00021452673826 5031.539545 25588.46905 7.695642908e-08 0.740443192 0.02349195482 1.645603487
1.00020348322465 5048.131703 27051.34735 8.108951172e-08 0.740443192 0.02349195482 1.645345982
1.00019240239477 5066.370907 28597.76912 8.541729974e-08 0.740443192 0.02349195482 1.645122303
1.00018128214298 5086.401003 30232.21465 8.994423622e-08 0.740443192 0.02349195482 1.644935435
1.00017012059763 5108.374607 31959.35262 9.467415841e-08 0.740443192 0.02349195482 1.644789341
1.00015891541913 5132.452944 33784.01952 9.961014469e-08 0.740443192 0.02349195482 1.644685656
1.00014766461885 5158.805543 35711.17999 1.047543897e-07 0.740443192 0.02349195482 1.644631738
1.00013636655907 5187.609781 37745.86044 1.101077892e-07 0.740443192 0.02349195482 1.644600904
1.00012502030398 5219.050258 39893.04442 1.156696042e-07 0.740443192 0.02349195482 1.64458905
1.00011362608752 5253.318005 42157.5133 1.214369472e-07 0.740443192 0.02349195482 1.644599682
1.00010218613229 5290.609515 44543.61144 1.274042474e-07 0.740443192 0.02349195482 1.644608373
1.00009070546839 5331.125615 47054.91229 1.335622282e-07 0.740443192 0.02349195482 1.644588808
1.00007919298623 5375.070184 49693.75927 1.398965819e-07 0.740443192 0.02349195482 1.644530454
1.00006766284024 5422.648745 52460.64684 1.463867864e-07 0.740443192 0.02349195482 1.644384769
1.00005613596967 5474.066958 55353.41197 1.530040618e-07 0.740443192 0.02349195482 1.644103832
1.00004464255507 5529.529055 58366.21822 1.597089729e-07 0.740443192 0.02349195482 1.643660747
1.00003322342209 5589.236259 61488.32641 1.664493115e-07 0.740443192 0.02349195482 1.642985646
1.00002193261501 5653.385239 64702.7286 1.731569272e-07 0.740443192 0.02349195482 1.642030696
1.0000108352911 5722.16665 67985.90096 1.797490902e-07 0.740443192 0.02349195482 1.640716607
1 5795.763803 71390.50921 1.863453574e-07 0.740443192 0.02349195482 1.638950799
0.999982960964894 5927.507932 76855.29155 1.961339592e-07 0.740443192 0.02349195482 1.634746994
0.999967626195934 6067.899209 82006.13874 2.044158938e-07 0.740443192 0.02349195482 1.628675143
0.999954194791271 6214.112388 86684.8267 2.109686653e-07 0.740443192 0.02349195482 1.620465361
0.999942667452779 6363.143587 90810.3264 2.158009889e-07 0.740443192 0.02349195482 1.609962026
0.999932838882423 6513.073427 94394.95072 2.191166651e-07 0.740443192 0.02349195482 1.597164696
0.999924297431319 6665.235102 97548.93612 2.212200628e-07 0.740443192 0.02349195482 1.581803049
0.999916420537561 6826.59158 100479.2756 2.224148204e-07 0.740443192 0.02349195482 1.563065119
0.999908489716513 7008.312175 103441.0749 2.229419395e-07 0.740443192 0.02349195482 1.539147855
0.999899997513543 7215.973614 106616.9795 2.230378367e-07 0.740443192 0.02349195482 1.50885018
0.999890896552179 7439.723398 110021.4326 2.230438479e-07 0.740443192 0.02349195482 1.473969999
0.999881245672829 7666.038566 113633.8819 2.233084617e-07 0.740443192 0.02349195482 1.437858486
0.999870789861408 7892.030457 117556.7612 2.240682046e-07 0.740443192 0.02349195482 1.402489192
0.999859112555918 8120.059294 121959.4654 2.255011239e-07 0.740443192 0.02349195482 1.368785237
0.999845807605487 8351.934553 127017.5659 2.277795398e-07 0.740443192 0.02349195482 1.337497571
0.999830508515103 8588.016798 132905.715 2.310815382e-07 0.740443192 0.02349195482 1.309286337
0.999812895581328 8827.571823 139800.3345 2.355870343e-07 0.740443192 0.02349195482 1.284595392
0.999792708993942 9069.179263 147878.9127 2.414684801e-07 0.740443192 0.02349195482 1.263578898
0.999769763926223 9311.088251 157318.091 2.488811691e-07 0.740443192 0.02349195482 1.246107203
0.999743956266917 9551.531913 168293.0225 2.579625088e-07 0.740443192 0.02349195482 1.231874059
0.999715258058057 9788.969585 180978.6043 2.688326594e-07 0.740443192 0.02349195482 1.220467556
0.999683705797071 10022.22891 195552.7024 2.816004089e-07 0.740443192 0.02349195482 1.211447857
0.999649384410669 10250.56074 212200.3153 2.963724426e-07 0.740443192 0.02349195482 1.204397618
0.999612412047578 10473.63092 231117.7984 3.13266232e-07 0.740443192 0.02349195482 1.19894994
0.999572923116598 10691.4482 252517.6776 3.323991829e-07 0.740443192 0.02349195482 1.194779471
0.999531045241749 10904.21909 276641.0539 3.538610562e-07 0.740443192 0.02349195482 1.191601219
0.999486890839791 11112.26948 303760.3344 3.777981468e-07 0.740443192 0.02349195482 1.189224293
0.999440566361557 11316.04807 334180.2033 4.044014089e-07 0.740443192 0.02349195482 1.18750444
0.999392175450386 11516.09738 368238.3835 4.339195605e-07 0.740443192 0.02349195482 1.186329726
0.999341805840482 11712.95458 406317.1782 4.664819296e-07 0.740443192 0.02349195482 1.185569322
0.999289521285366 11907.09332 448849.8464 5.02297923e-07 0.740443192 0.02349195482 1.185144703
0.999235378636801 12098.99088 496318.0746 5.416921607e-07 0.740443192 0.02349195482 1.185001694
0.999179437086131 12289.13882 549253.6634 5.850685795e-07 0.740443192 0.02349195482 1.185133869
0.999121743190971 12477.97942 608258.0339 6.325887024e-07 0.740443192 0.02349195482 1.185442665
0.999062323388563 12665.89076 674001.9392 6.845777769e-07 0.740443192 0.02349195482 1.185904787
0.999001205168956 12853.24596 747230.8673 7.415803326e-07 0.740443192 0.02349195482 1.186552599
0.998938422573022 13040.4143 828757.3651 8.04121874e-07 0.740443192 0.02349195482 1.18731123
0.998873992913643 13227.71778 919518.109 8.723280858e-07 0.740443192 0.02349195482 1.188181736
0.998807919232272 13415.4426 1020533.905 9.468429074e-07 0.740443192 0.02349195482 1.189164505
0.998740220713455 13603.88617 1132928.524 1.028578298e-06 0.740443192 0.02349195482 1.190225976
0.998670911043727 13793.32526 1257967.935 1.117719987e-06 0.740443192 0.02349195482 1.191379929
0.998599983087372 13984.00202 1397061.317 1.214883e-06 0.740443192 0.02349195482 1.192606687
0.998527436844392 14176.1595 1551755.659 1.321120424e-06 0.740443192 0.02349195482 1.193901806
0.998453282024038 14370.03961 1723747.537 1.437272511e-06 0.740443192 0.02349195482 1.195273566
0.99837751301132 14565.86141 1914982.429 1.563674962e-06 0.740443192 0.02349195482 1.196700374
0.998300112610336 14763.83879 2127569.6 1.701404971e-06 0.740443192 0.02349195482 1.198198187
0.998221082692748 14964.19017 2363823.584 1.852152244e-06 0.740443192 0.02349195482 1.199755611
0.998140420334082 15167.11915 2626357.802 2.016138983e-06 0.740443192 0.02349195482 1.201368365
0.998058099448035 15372.83071 2918067.949 2.194408601e-06 0.740443192 0.02349195482 1.203053946
0.997974110442335 15581.5305 3242104.763 2.389230837e-06 0.740443192 0.02349195482 1.204793407
0.99788845027553 15793.41639 3601952.87 2.601356602e-06 0.740443192 0.02349195482 1.206593273
0.997801093797146 16008.69226 4001577.315 2.831673244e-06 0.740443192 0.02349195482 1.208467696
0.997712016441609 16227.56735 4445237.692 3.082407107e-06 0.740443192 0.02349195482 1.210409995
0.997621212242991 16450.24351 4937619.671 3.35597339e-06 0.740443192 0.02349195482 1.21240754
0.997528663186536 16676.92353 5484049.947 3.652622072e-06 0.740443192 0.02349195482 1.214488593
0.997434333008774 16907.8335 6090309.994 3.974573707e-06 0.740443192 0.02349195482 1.216659086
0.997338208023169 17143.1876 6762683.478 4.325675796e-06 0.740443192 0.02349195482 1.218887391
0.997240273841311 17383.1973 7508257.371 4.70632719e-06 0.740443192 0.02349195482 1.221203593
0.997140492795983 17628.10428 8334800.862 5.118714055e-06 0.740443192 0.02349195482 1.22362671
0.997038837280155 17878.15323 9250836.659 5.566656653e-06 0.740443192 0.02349195482 1.226136126
0.996935294309165 18133.57062 10265527.09 6.05346866e-06 0.740443192 0.02349195482 1.228715354
0.996829833234531 18394.60731 11389494.44 6.579366175e-06 0.740443192 0.02349195482 1.231425735
0.996722413347584 18661.54914 12633887.84 7.148934103e-06 0.740443192 0.02349195482 1.234251526
0.996613016516587 18934.65064 14011053.9 7.767361543e-06 0.740443192 0.02349195482 1.237146973
0.996501618994816 19214.17578 15534709.65 8.435374132e-06 0.740443192 0.02349195482 1.240170864
0.996388177032149 19500.43954 17219857.25 9.156310445e-06 0.740443192 0.02349195482 1.243343404
0.996272658927294 19793.75604 19082711.91 9.936568109e-06 0.740443192 0.02349195482 1.24662025
0.996155044910809 20094.40247 21140920.01 1.078053888e-05 0.740443192 0.02349195482 1.249984082
0.996035299538077 20402.70799 23414463.19 1.168870166e-05 0.740443192 0.02349195482 1.253537333
0.995913377889185 20719.06862 25924391.25 1.266708904e-05 0.740443192 0.02349195482 1.257244633
0.995789253058978 21043.81079 28693748.63 1.372434218e-05 0.740443192 0.02349195482 1.26101409
0.995662897557406 21377.22663 31748119.78 1.486237158e-05 0.740443192 0.02349195482 1.264920948
0.99553426938903 21719.7226 35115170.01 1.608395019e-05 0.740443192 0.02349195482 1.269056376
0.995403329833821 22071.75874 38824562.91 1.739710943e-05 0.740443192 0.02349195482 1.273330164
0.995270048828192 22433.69172 42908440.53 1.881036546e-05 0.740443192 0.02349195482 1.277644956
0.9951343894068 22805.8796 47402769.86 2.032484193e-05 0.740443192 0.02349195482 1.282148183
0.9949963079365 23188.80973 52345485.58 2.194613515e-05 0.740443192 0.02349195482 1.286875354
0.994855767802884 23582.94182 57777715.69 2.36850158e-05 0.740443192 0.02349195482 1.291657363
0.994712731104777 23988.62791 63743913.22 2.55478036e-05 0.740443192 0.02349195482 1.296479412
0.994567155027888 24406.31821 70293479.61 2.753574478e-05 0.740443192 0.02349195482 1.301544353
0.994418992195746 24836.54093 77477836.95 2.965783133e-05 0.740443192 0.02349195482 1.306703309
0.994268195348861 25279.68571 85353541.62 3.192702806e-05 0.740443192 0.02349195482 1.311826462
0.994114721088047 25736.14905 93981664.75 3.434654717e-05 0.740443192 0.02349195482 1.31708959
0.993958515369035 26206.42328 103428538 3.692011044e-05 0.740443192 0.02349195482 1.322426116
0.99379951373643 26690.95069 113764825.4 3.965968272e-05 0.740443192 0.02349195482 1.327762808
0.993637660859194 27190.13328 125067248.4 4.257843678e-05 0.740443192 0.02349195482 1.333129464
0.993472898481816 27704.37611 137419027.4 4.567949984e-05 0.740443192 0.02349195482 1.338490831
0.993305154077355 28234.10819 150910089.8 4.897030953e-05 0.740443192 0.02349195482 1.343887509
0.993134354650954 28779.7896 165636347.9 5.246139133e-05 0.740443192 0.02349195482 1.349334152
0.992960430483165 29341.83964 181702035.9 5.616881209e-05 0.740443192 0.02349195482 1.354751547
0.992783313960163 29920.67485 199218030.4 6.009981273e-05 0.740443192 0.02349195482 1.360222901
0.992602933724795 30516.79557 218306282 6.425830675e-05 0.740443192 0.02349195482 1.365802076
0.992419216431268 31130.7382 239092858.9 6.865758097e-05 0.740443192 0.02349195482 1.371498537
0.992232096337418 31763.06765 261715478.8 7.331067418e-05 0.740443192 0.02349195482 1.377367453
0.992041512731177 32414.35512 286318197.8 7.822999793e-05 0.740443192 0.02349195482 1.383360713
0.991847406187245 33085.24261 313058579.8 8.341453567e-05 0.740443192 0.02349195482 1.38964607
0.991649724065098 33776.49393 342096402.1 8.887555736e-05 0.740443192 0.02349195482 1.396236871
0.991448427644709 34488.92325 373602639.8 9.4626641e-05 0.740443192 0.02349195482 1.403175527
0.991243492477481 35223.36783 407755838.9 0.0001006824906 0.740443192 0.02349195482 1.410418372
0.991034901367508 35980.70587 444743326.8 0.0001070462642 0.740443192 0.02349195482 1.418035785
0.990822644839497 36761.92368 484761190.3 0.0001137172646 0.740443192 0.02349195482 1.426132368
0.990606716810543 37568.07105 528008040.2 0.000120702892 0.740443192 0.02349195482 1.434680654
0.990387108273268 38400.19872 574694856.9 0.0001280105369 0.740443192 0.02349195482 1.443630244
0.990163800043127 39259.30673 625042704.5 0.0001356463594 0.740443192 0.02349195482 1.452842504
0.989936770245057 40146.39339 679282187.5 0.00014360677 0.740443192 0.02349195482 1.462409463
0.989705998407745 41062.54002 737651013.2 0.0001518927418 0.740443192 0.02349195482 1.472342287
0.989471451309173 42008.81351 800398142.6 0.0001605080925 0.740443192 0.02349195482 1.482515372
0.989233075139028 42986.20714 867787742.9 0.0001694593117 0.740443192 0.02349195482 1.492803609
0.988990795615686 43995.63343 940102842 0.0001787546436 0.740443192 0.02349195482 1.503065747
0.98874452091068 45037.97055 1017644977 0.0001883940422 0.740443192 0.02349195482 1.51328134
0.98849414422224 46114.10584 1100735681 0.0001983793786 0.740443192 0.02349195482 1.523404381
0.988239535703745 47224.8884 1189716940 0.0002087189904 0.740443192 0.02349195482 1.533297805
0.987980536965714 48371.10106 1284961282 0.0002194245769 0.740443192 0.02349195482 1.542830977
0.987716961894655 49553.46351 1386875680 0.0002305110716 0.740443192 0.02349195482 1.551883291
0.987448601566187 50772.6391 1495902815 0.0002419943801 0.740443192 0.02349195482 1.560364461
0.987175227988359 52029.27394 1612525355 0.0002538847596 0.740443192 0.02349195482 1.56825481
0.986896592113012 53324.01121 1737265002 0.0002662001439 0.740443192 0.02349195482 1.575473294
0.986612420209433 54657.4584 1870693442 0.0002789634891 0.740443192 0.02349195482 1.581934826
0.986322414215287 56030.18279 2013438288 0.0002922015396 0.740443192 0.02349195482 1.587572692
0.986026254427138 57442.72034 2166188991 0.0003059446302 0.740443192 0.02349195482 1.592344205
0.985723609209696 58895.56948 2329696703 0.0003202265141 0.740443192 0.02349195482 1.59625246
0.985414134995821 60389.26939 2504780286 0.0003350750248 0.740443192 0.02349195482 1.599418921
0.985097437215557 61924.24842 2692354147 0.0003505302647 0.740443192 0.02349195482 1.601305891
0.98477309649941 63500.85797 2893431320 0.0003666335075 0.740443192 0.02349195482 1.602358053
0.984440698741942 65119.53805 3109097270 0.0003834370832 0.740443192 0.02349195482 1.602508118
0.984099808898481 66780.62736 3340566010 0.0004009944117 0.740443192 0.02349195482 1.601737284
0.983749981981149 68484.45746 3589156774 0.0004193612988 0.740443192 0.02349195482 1.600191564
0.983390764696562 70231.40278 3856306608 0.0004385984681 0.740443192 0.02349195482 1.597923664
0.983021688661052 72021.78103 4143609939 0.0004587643773 0.740443192 0.02349195482 1.594946454
0.982642277653364 73855.88483 4452797861 0.0004799256821 0.740443192 0.02349195482 1.591440516
0.982252064225661 75734.08344 4785746801 0.0005021569979 0.740443192 0.02349195482 1.587554248
0.981850605963602 77656.82429 5144485453 0.0005255355839 0.740443192 0.02349195482 1.583462904
0.981437511923575 79624.64979 5531178150 0.0005501387455 0.740443192 0.02349195482 1.579381915
0.981012446142072 81638.30838 5948111938 0.0005760406374 0.740443192 0.02349195482 1.575511604
0.980575098858865 83698.74774 6397738256 0.0006032992873 0.740443192 0.02349195482 1.57191007
0.980125188739609 85807.04781 6882658948 0.0006319825081 0.740443192 0.02349195482 1.568715713
0.97966249469411 87964.50203 7405606844 0.0006621579013 0.740443192 0.02349195482 1.566069692
0.97918686581954 90172.65523 7969429152 0.0006938891716 0.740443192 0.02349195482 1.564082164
0.978698213913779 92433.31349 8577087836 0.0007272368291 0.740443192 0.02349195482 1.562820657
0.978196494992746 94748.51604 9231666223 0.0007622586387 0.740443192 0.02349195482 1.562295411
0.977681684724823 97120.4729 9936409310 0.0007989810515 0.740443192 0.02349195482 1.562496382
0.97715377527242 99551.54933 10694695730 0.0008374384672 0.740443192 0.02349195482 1.563431914
0.976612782778632 102044.2887 11510030850 0.0008776701184 0.740443192 0.02349195482 1.565083378
0.976058731458097 104601.3336 12386089000 0.0009197155082 0.740443192 0.02349195482 1.567390524
0.975491632306837 107225.3901 13326730090 0.0009636172136 0.740443192 0.02349195482 1.570264517
0.974911479592883 109919.1568 14336038920 0.001009416952 0.740443192 0.02349195482 1.57363138
0.974318239392344 112685.3509 15418327030 0.001057132214 0.740443192 0.02349195482 1.577418333
0.973711855789286 115526.6947 16578152890 0.001106786835 0.740443192 0.02349195482 1.581563968
0.973092246547518 118445.965 17820307280 0.001158421888 0.740443192 0.02349195482 1.586032926
0.972459275737512 121445.853 19149945810 0.001212085167 0.740443192 0.02349195482 1.59062029
0.971812778652925 124528.9579 20572540280 0.001267835723 0.740443192 0.02349195482 1.595381827
0.971152538531785 127697.8692 22093995370 0.001325727683 0.740443192 0.02349195482 1.600093918
0.970478282111293 130955.0168 23720649420 0.001385827895 0.740443192 0.02349195482 1.604759412
0.96978973051366 134302.9548 25459241940 0.001448177526 0.740443192 0.02349195482 1.609402272
0.969086566024093 137744.1557 27316987780 0.001512847073 0.740443192 0.02349195482 1.613863918
0.968368428581421 141281.0686 29301585190 0.001579930847 0.740443192 0.02349195482 1.618201088
0.967634932038169 144916.1408 31421393780 0.001649506844 0.740443192 0.02349195482 1.622294831
0.966885654685266 148651.7663 33685274400 0.001721692384 0.740443192 0.02349195482 1.626172895
0.966120153757434 152490.3615 36102886150 0.001796569814 0.740443192 0.02349195482 1.629781386
0.965337969293488 156434.3288 38684389210 0.0018742707 0.740443192 0.02349195482 1.6331432
0.964538642151098 160486.1627 41440729830 0.001954870312 0.740443192 0.02349195482 1.6362849
0.963721693184534 164648.4371 44383605400 0.002038459438 0.740443192 0.02349195482 1.63919304
0.9628866175127 168923.7025 47525406510 0.002125233782 0.740443192 0.02349195482 1.641828299
0.962032909201691 173314.5119 50879562300 0.002215299162 0.740443192 0.02349195482 1.644240392
0.961160059978021 177823.5568 54460406540 0.002308762923 0.740443192 0.02349195482 1.646453334
0.960267546594902 182453.529 58283016360 0.002405837656 0.740443192 0.02349195482 1.648419515
0.959354845922523 187207.1575 62363764350 0.002506609539 0.740443192 0.02349195482 1.650212698
0.958421438223464 192087.3162 66720006030 0.002611227896 0.740443192 0.02349195482 1.651837614
0.957466792998242 197096.8793 71370048110 0.002719887226 0.740443192 0.02349195482 1.653271606
0.956490375302174 202238.8239 76333762590 0.002832706383 0.740443192 0.02349195482 1.654576335
0.955491650775472 207516.1899 81632010860 0.002949911029 0.740443192 0.02349195482 1.655716002
0.954470080028253 212932.0421 87287287750 0.00307165219 0.740443192 0.02349195482 1.656731421
0.953425127881878 218489.5405 93323468670 0.003198136021 0.740443192 0.02349195482 1.657624959
0.952356254478547 224191.8849 99765908490 0.003329538164 0.740443192 0.02349195482 1.658399971
0.951262910719128 230042.3615 106641903500 0.00346603562 0.740443192 0.02349195482 1.65906966
0.950144544463032 236044.301 113980157900 0.003607860326 0.740443192 0.02349195482 1.659628169
0.949000600645201 242201.0924 121811697600 0.003755207969 0.740443192 0.02349195482 1.660095259
0.947830534728679 248516.1903 130169044100 0.003908325233 0.740443192 0.02349195482 1.660480012
0.946633821244076 254993.2139 139087187000 0.004067406867 0.740443192 0.02349195482 1.660838379
0.945409920801511 261635.8194 148602956300 0.004232753739 0.740443192 0.02349195482 1.66109621
0.94415829529787 268447.622 158755923200 0.004404576678 0.740443192 0.02349195482 1.661310128
0.942878474360842 275432.5511 169587500400 0.004583048207 0.740443192 0.02349195482 1.661574207
0.941570035462507 282594.8072 181141109100 0.004768447078 0.740443192 0.02349195482 1.661893031
0.940232524256667 289938.5645 193463004700 0.004961057469 0.740443192 0.02349195482 1.662192719
0.938865444050754 297467.9157 206602964700 0.0051610825 0.740443192 0.02349195482 1.662465844
0.937468315816017 305187.0626 220613734300 0.005368761737 0.740443192 0.02349195482 1.662752665
0.936040711760481 313100.4003 235550133500 0.005584489577 0.740443192 0.02349195482 1.663086778
0.934582232518051 321212.4376 251470736000 0.00580852564 0.740443192 0.02349195482 1.663461228
0.933092460707878 329527.7374 268437651100 0.006041095374 0.740443192 0.02349195482 1.663854915
0.931570941749809 338050.8524 286516861200 0.006282446422 0.740443192 0.02349195482 1.664234363
0.930017172517432 346786.2727 305778814900 0.006532830828 0.740443192 0.02349195482 1.664562919
0.928430616896276 355738.4056 326299048200 0.006792588561 0.740443192 0.02349195482 1.66482106
0.926810769771286 364911.6873 348156467200 0.007062276845 0.740443192 0.02349195482 1.665050533
0.925157180071679 374310.6909 371435555500 0.00734225099 0.740443192 0.02349195482 1.665266949
0.923469415794237 383940.0966 396225129700 0.007632810036 0.740443192 0.02349195482 1.665475025
0.921747043531996 393804.663 422619182600 0.007934195861 0.740443192 0.02349195482 1.665669724
0.919989609991571 403909.203 450717616800 0.008246685973 0.740443192 0.02349195482 1.665836923
0.918196653691053 414258.487 480625468000 0.008570874272 0.740443192 0.02349195482 1.665962588
0.916367731163287 424857.2357 512455110100 0.008907223158 0.740443192 0.02349195482 1.666052518
0.914502420348268 435710.2368 546325193100 0.00925610207 0.740443192 0.02349195482 1.666117535
0.912600325389269 446822.3819 582360579800 0.009617847257 0.740443192 0.02349195482 1.666171254
0.910661068093383 458198.6857 620693554100 0.009992876607 0.740443192 0.02349195482 1.666218329
0.908684277052484 469844.1489 661462503500 0.01038179752 0.740443192 0.02349195482 1.666239498
0.906669591620506 481763.7174 704815683700 0.01078502981 0.740443192 0.02349195482 1.666240169
0.904616672324571 493962.4041 750908565900 0.01120297009 0.740443192 0.02349195482 1.66622968
0.902525199110306 506445.331 799905499100 0.01163603946 0.740443192 0.02349195482 1.666215187
0.900394866194767 519217.6256 851978649700 0.01208489327 0.740443192 0.02349195482 1.666182796
0.898225387915388 532284.364 907311150800 0.01255004721 0.740443192 0.02349195482 1.666138404
0.896016506684548 545650.694 966095360300 0.01303195346 0.740443192 0.02349195482 1.666092798
0.893767990299055 559321.8577 1028534096000 0.01353112007 0.740443192 0.02349195482 1.666051597
0.891479622581831 573303.0947 1094839669000 0.01404819426 0.740443192 0.02349195482 1.666003152
0.889151206657326 587599.6102 1165237254000 0.01458366718 0.740443192 0.02349195482 1.665951509
0.886782570332542 602216.6951 1239963124000 0.01513798899 0.740443192 0.02349195482 1.665904663
0.884373572296922 617159.7129 1319264939000 0.0157118334 0.740443192 0.02349195482 1.665868039
0.881924098846939 632434.0284 1403403061000 0.01630589164 0.740443192 0.02349195482 1.665837584
0.879434053007053 648044.9835 1492652376000 0.01692076139 0.740443192 0.02349195482 1.665808294
0.876903351956176 663997.899 1587301628000 0.01755703737 0.740443192 0.02349195482 1.665775853
0.874331927846525 680298.0812 1687654034000 0.01821529144 0.740443192 0.02349195482 1.665736674
0.871719726048935 696950.8306 1794028397000 0.01889604218 0.740443192 0.02349195482 1.665687406
0.869066712990451 713961.4658 1906759876000 0.01960000354 0.740443192 0.02349195482 1.665631292
0.866372893701168 731335.3297 2026197408000 0.02032808541 0.740443192 0.02349195482 1.665576088
0.863638304561535 749077.7638 2152710382000 0.02108096424 0.740443192 0.02349195482 1.665518548
0.860862995638537 767194.0859 2286685484000 0.02185929107 0.740443192 0.02349195482 1.665454324
0.858047027644244 785689.5777 2428528334000 0.02266370235 0.740443192 0.02349195482 1.665378437
0.855190469362271 804569.4886 2578665309000 0.02349483704 0.740443192 0.02349195482 1.665285594
0.852293410866399 823839.0296 2737541482000 0.02435366415 0.740443192 0.02349195482 1.665176291
0.849355974984515 843503.3963 2905625199000 0.02524102546 0.740443192 0.02349195482 1.665053726
0.846378311566636 863567.8101 3083406910000 0.02615765958 0.740443192 0.02349195482 1.664921045
0.843360594092528 884037.5157 3271399424000 0.02710428488 0.740443192 0.02349195482 1.664780777
0.84030301312088 904917.8044 3470140221000 0.02808161471 0.740443192 0.02349195482 1.664634192
0.837205775353477 926213.9248 3680190477000 0.02909068757 0.740443192 0.02349195482 1.664472588
0.834069111121845 947931.0634 3902139313000 0.03013247154 0.740443192 0.02349195482 1.664299067
0.830893282575785 970074.4802 4136603260000 0.03120780144 0.740443192 0.02349195482 1.664122659
0.827678586256905 992649.5475 4384224713000 0.03231746008 0.740443192 0.02349195482 1.663951646
0.824425336370631 1015661.742 4645677139000 0.03346226432 0.740443192 0.02349195482 1.663785416
0.821133854024148 1039116.485 4921660747000 0.03464333459 0.740443192 0.02349195482 1.663611473
0.817804481146891 1063019.162 5212912088000 0.03586160466 0.740443192 0.02349195482 1.66343818
0.814437595229892 1087375.318 5520197618000 0.03711794989 0.740443192 0.02349195482 1.6632763
0.811033603476834 1112190.72 5844317354000 0.03841326488 0.740443192 0.02349195482 1.663134857
0.807592928298662 1137471.205 6186103351000 0.039748704 0.740443192 0.02349195482 1.663005965
0.804116001230677 1163222.576 6546428795000 0.0411252835 0.740443192 0.02349195482 1.662887082
0.80060326807961 1189450.712 6926203777000 0.04254395162 0.740443192 0.02349195482 1.662779628
0.797055194070699 1216161.643 7326378768000 0.04400563901 0.740443192 0.02349195482 1.662688384
0.793472264432577 1243361.568 7747940111000 0.04551153942 0.740443192 0.02349195482 1.662619056
0.789854974220109 1271056.764 8191921150000 0.0470627298 0.740443192 0.02349195482 1.662565363
0.786203815095771 1299253.505 8659400413000 0.0486602712 0.740443192 0.02349195482 1.66252014
0.782519273808922 1327958.053 9151504433000 0.05030523758 0.740443192 0.02349195482 1.66247664
0.778801835822156 1357176.666 9669410857000 0.05199873098 0.740443192 0.02349195482 1.662429474
0.775052001805326 1386915.738 10214344730000 0.05374215352 0.740443192 0.02349195482 1.662388858
0.771270294420325 1417181.883 10787585300000 0.05553679368 0.740443192 0.02349195482 1.662358369
0.767457242177996 1447981.829 11390467010000 0.05738379854 0.740443192 0.02349195482 1.662334224
0.763613365517633 1479322.34 12024383520000 0.0592842501 0.740443192 0.02349195482 1.66231044
0.759739173414594 1511210.185 12690790620000 0.06123932936 0.740443192 0.02349195482 1.66228058
0.755835176832879 1543652.2 13391203090000 0.06325063193 0.740443192 0.02349195482 1.662246464
0.751901899604173 1576655.384 14127205960000 0.06531963668 0.740443192 0.02349195482 1.662211126
0.747939874684516 1610226.923 14900452040000 0.06744773473 0.740443192 0.02349195482 1.662176375
0.743949640761917 1644374.191 15712664290000 0.06963632697 0.740443192 0.02349195482 1.662143834
0.739931740501667 1679104.758 16565639180000 0.07188682289 0.740443192 0.02349195482 1.662114731
0.735886718557703 1714426.389 17461249730000 0.07420063701 0.740443192 0.02349195482 1.662089778
0.731815120051874 1750347.038 18401448980000 0.07657915831 0.740443192 0.02349195482 1.662069279
0.727717490690925 1786874.867 19388276180000 0.07902406468 0.740443192 0.02349195482 1.66205441
0.723594378170243 1824018.228 20423852690000 0.08153719613 0.740443192 0.02349195482 1.662044407
0.719446327962615 1861785.638 21510401300000 0.08412017829 0.740443192 0.02349195482 1.662037235
0.715271262405127 1900209.93 22650967530000 0.08677632946 0.740443192 0.02349195482 1.662031257
0.711063006413608 1939364.003 23850030460000 0.08951186012 0.740443192 0.02349195482 1.662025191
0.707056345255747 1977046.597 25039592960000 0.09218009973 0.7403301959 0.02350879376 1.662016431
0.703701744700757 2008620.332 26073842800000 0.09464487914 0.7379165702 0.02397379955 1.66195569
0.700889870033457 2034808.713 26969755790000 0.09688498563 0.7344908049 0.02456284654 1.661887259
0.698025234706763 2061078.527 27911241890000 0.09919833438 0.7316265609 0.02486465115 1.661858587
0.694728572064997 2090627.444 29031743790000 0.1019183351 0.7289774079 0.02499471215 1.661856969
0.690989417874254 2123254.525 30352254590000 0.1050750835 0.7268790418 0.02509933184 1.661867779
0.686946780662916 2157620.965 31841736040000 0.1086124944 0.7251223018 0.02523477591 1.661883255
0.682700259340106 2192886.356 33478916570000 0.1124795677 0.7236407725 0.0253718363 1.66190361
0.678321951066661 2228507.64 35248952450000 0.1166422424 0.7223356707 0.02551018799 1.661925731
0.673849662499458 2264254.008 37147861650000 0.1210887037 0.7211405869 0.02563184025 1.661949104
0.669298100815454 2300082.322 39180209370000 0.1258219314 0.7200557436 0.02574143718 1.661977514
0.664676492026497 2335981.591 41352906690000 0.1308508944 0.7190705468 0.02581746605 1.66201355
0.659991358761183 2371947.429 43674361880000 0.1361870869 0.7181902281 0.02586338514 1.662056066
0.655248948864581 2407971.103 46153503190000 0.141843226 0.7174131025 0.02587110526 1.662105042
0.650455633243603 2444043.197 48799574010000 0.1478326536 0.7167383201 0.02585661419 1.662157862
0.645618195974769 2480159.645 51621927850000 0.1541681756 0.7161609202 0.02582618179 1.662212455
0.640743581629703 2516323.041 54630089110000 0.1608625552 0.7156728272 0.02579647694 1.662266245
0.635838389341224 2552544.206 57834001900000 0.1679288865 0.7152635574 0.02577006037 1.662320477
0.630908466652478 2588838.753 61244344140000 0.1753813664 0.7149210656 0.02575244397 1.662375184
0.62595868515133 2625225.666 64872774960000 0.183235585 0.7146331359 0.02573972941 1.662430593
0.620992954273882 2661724.516 68732106790000 0.1915091463 0.7143880826 0.02573237339 1.662486912
0.616014368931892 2698355.427 72836360130000 0.2002218581 0.7141753526 0.02572711409 1.662544078
0.611025401826149 2735138.315 77200805960000 0.2093956798 0.7139857656 0.02572470475 1.66260157
0.606028069556562 2772093.257 81841992820000 0.2190544757 0.7138116658 0.02572363408 1.662658978
0.601024056151919 2809239.921 86777768490000 0.2292243135 0.7136469626 0.02572459982 1.662716473
0.596014797294725 2846597.634 92027361920000 0.2399326844 0.7134870648 0.02572665255 1.662773957
0.591001529803289 2884184.933 97611451480000 0.2512084204 0.7133288105 0.0257301233 1.66283167
0.585985331521545 2922019.704 103552242900000 0.2630822546 0.7131702224 0.02573438093 1.662889673
0.580967153020342 2960119.071 109873570500000 0.2755870245 0.7130102236 0.02573959022 1.662947751
0.575947844034683 2998499.601 116601012600000 0.2887575956 0.7128483668 0.02574537549 1.663005669
0.570928173818064 3037177.293 123762013100000 0.3026314151 0.7126846183 0.02575180648 1.663063287
0.565908849859101 3076167.751 131385993800000 0.3172484553 0.7125191605 0.02575866131 1.663120627
0.560890526654952 3115486.165 139504529600000 0.3326503621 0.7123523205 0.02576594879 1.663177961
0.555873810858387 3155147.373 148151487300000 0.348881302 0.7121845167 0.02577353457 1.663235506
0.550859272039855 3195165.923 157363169300000 0.3659885182 0.7120161604 0.02578139755 1.663293128
0.545847452162775 3235556.222 167178512300000 0.3840222066 0.7118475997 0.0257894702 1.66335065
0.540838870613631 3276332.624 177639274500000 0.4030356878 0.7116791184 0.02579771925 1.663407867
0.53583402771134 3317509.514 188790240100000 0.4230855939 0.7115109415 0.02580610762 1.663464571
0.530833403303505 3359101.301 200679451900000 0.4442312771 0.7113432646 0.02581458963 1.663520933
0.5258374562985 3401122.436 213358464300000 0.4665356309 0.7111762694 0.02582314409 1.663577118
0.520846628408792 3443587.453 2.26882564e+14 0.4900658584 0.7110100864 0.0258317338 1.663632985
0.515861348362191 3486511.04 241311082700000 0.514893318 0.7108447777 0.02584036643 1.663688313
0.51088203412444 3529908.085 256707713900000 0.541094189 0.7106803471 0.02584902099 1.663742906
0.505909096759527 3573793.756 273140761200000 0.568750149 0.7105167228 0.02585771871 1.663796879
0.500942936452398 3618183.49 290683632400000 0.5979458021 0.7103538187 0.02586644225 1.663850517
0.495983937361885 3663092.959 309415106700000 0.6287710833 0.7101915853 0.0258752043 1.663903931
0.491032470311222 3708538.113 329419755300000 0.6613219311 0.7100299638 0.025883987 1.663957057
0.486088895712515 3754535.222 3.507884e+14 0.6957002133 0.7098688742 0.0258928054 1.664009809
0.481153563800704 3801100.906 373618579900000 0.7320141058 0.7097082265 0.02590164279 1.664062093
0.476226814750541 3848252.147 398015016900000 0.7703780521 0.7095479292 0.02591050842 1.664113859
0.471308975050241 3896006.259 424090277200000 0.8109115346 0.7093879184 0.0259193855 1.664165221
0.46640035691659 3944380.898 451965167400000 0.8537423489 0.7092281361 0.02592828678 1.664216055
0.461501264377846 3993394.124 481769463500000 0.8990063571 0.7090684779 0.02593721498 1.664266148
0.456611994443532 4043064.426 513642590600000 0.9468488018 0.7089087897 0.02594619662 1.66431539
0.451732838508184 4093410.687 547734263400000 0.9974248689 0.7087488647 0.02595524045 1.664363942
0.446864076619378 4144452.079 584205417800000 1.05089614 0.7085885102 0.02596436266 1.664411935
0.442005970692955 4196207.998 623229074200000 1.107432875 0.7084276017 0.02597355618 1.664459502
0.437158766969581 4248698.098 664991023800000 1.16721735 0.7082660315 0.02598282776 1.664506602
0.432322699992024 4301942.349 709690963800000 1.23044307 0.7081036744 0.02599217443 1.664553177
0.427497993424016 4355961.068 757543505200000 1.297315423 0.7079404011 0.02600160002 1.66459915
0.422684859933264 4410774.935 808779204200000 1.368051643 0.7077760856 0.02601109511 1.664644451
0.417883496863236 4466404.94 863646025600000 1.442878006 0.7076106343 0.02602065549 1.664689015
0.413094085999203 4522872.386 922410264100000 1.5220368 0.7074439591 0.02603027418 1.664732699
0.408316803043528 4580198.998 985357957400000 1.605788462 0.7072758886 0.02603996512 1.664775612
0.403551819838271 4638406.994 1.0527966e+15 1.694407861 0.7071061819 0.02604974361 1.664817864
0.398799300855819 4697519.106 1.125056515e+15 1.788185799 0.7069345862 0.02605962778 1.664859535
0.394059396882023 4757558.549 1.202492686e+15 1.887425474 0.7067608882 0.02606962257 1.664900631
0.389332241974745 4818548.966 1.28548654e+15 1.99244755 0.7065849285 0.02607972698 1.66494108
0.38461795685625 4880514.468 1.374447642e+15 2.103594175 0.7064065406 0.02608993285 1.664980821
0.379916652305591 4943479.676 1.469815977e+15 2.221227763 0.7062255247 0.02610023399 1.665019793
0.375228430328403 5007469.757 1.572064141e+15 2.345732245 0.7060416572 0.02611062115 1.665057945
0.370553385560645 5072510.467 1.681699323e+15 2.477513421 0.7058546824 0.0261210915 1.665095321
0.36589160597048 5138628.321 1.799266491e+15 2.616994414 0.7056643135 0.02613164466 1.665131773
0.361243174963889 5205850.812 1.925349903e+15 2.764625524 0.7054702063 0.0261422885 1.665167167
0.356608175244983 5274206.504 2.060576376e+15 2.920882586 0.7052719376 0.02615303412 1.665201506
0.351986688465058 5343725.058 2.20561811e+15 3.086267952 0.7050690322 0.02616389376 1.665235062
0.347378792766047 5414437.209 2.361195434e+15 3.261308805 0.7048609782 0.02617487613 1.665268299
0.342784556697607 5486374.65 2.528081105e+15 3.446549045 0.7046472642 0.02618598454 1.665301097
0.338204040971806 5559569.991 2.707102126e+15 3.642570756 0.7044273294 0.02619722029 1.66533349
0.33363730875727 5634056.831 2.899143782e+15 3.849991622 0.704200469 0.02620859489 1.665365513
0.329084426615016 5709869.774 3.105153822e+15 4.069457463 0.7039658675 0.02622012393 1.665396958
0.324545461340017 5787044.42 3.326145456e+15 4.301645172 0.7037226449 0.02623182401 1.665427607
0.32002047259153 5865617.259 3.563202733e+15 4.547248104 0.7034699029 0.02624370359 1.665457055
0.315509513594974 5945625.565 3.817482779e+15 4.806998432 0.7032067033 0.02625576157 1.665484503
0.311012641670027 6027107.359 4.090220775e+15 5.081668078 0.7029319684 0.02626799492 1.665510072
0.306529929343631 6110101.409 4.382733234e+15 5.372073289 0.7026444353 0.02628040493 1.665534444
0.302061469380084 6194647.198 4.696422493e+15 5.679063878 0.7023426486 0.02629300269 1.66555844
0.297607370335839 6280784.761 5.032781265e+15 6.003502328 0.7020250259 0.0263058024 1.665582544
0.293167756676487 6368554.45 5.39339516e+15 6.346286873 0.701689867 0.02631881502 1.665606607
0.288742781527458 6457996.686 5.779945643e+15 6.708359078 0.7013352667 0.02633204786 1.665630163
0.284332640126598 6549151.641 6.194213336e+15 7.090695138 0.7009590803 0.02634550367 1.665652656
0.279937579767382 6642059.001 6.638079404e+15 7.494304546 0.7005589266 0.02635918253 1.66567376
0.27555790553088 6736757.727 7.113526755e+15 7.92020439 0.7001321996 0.02637308794 1.665693417
0.271193992802504 6833285.052 7.622640392e+15 8.369425838 0.6996760876 0.02638722125 1.665711682
0.266846321546835 6931676.572 8.167599837e+15 8.84303463 0.6991874471 0.02640158879 1.665728643
0.262515502744866 7031965.804 8.750676223e+15 9.342109897 0.6986627518 0.02641619427 1.665744212
0.258202305182176 7134182.415 9.374221396e+15 9.867747729 0.6980981 0.02643103493 1.665758785
0.253907686214393 7238351.377 1.004065485e+16 10.42101139 0.6974891909 0.02644611433 1.665772441
0.249632814578083 7344491.475 1.075244924e+16 11.00290314 0.6968313974 0.0264614367 1.665784804
0.245379112854111 7452613.48 1.151209717e+16 11.61440852 0.6961197181 0.02647701267 1.665795916
0.241148315021272 7562717.978 1.232208191e+16 12.25645112 0.6953487237 0.02649285273 1.665805871
0.236942517225152 7674792.82 1.318483338e+16 12.92986447 0.6945125907 0.02650895832 1.665814806
0.232764225505537 7788810.329 1.410267394e+16 13.63535393 0.6936051498 0.02652532077 1.665822816
0.228616395686228 7904724.078 1.507776173e+16 14.3734116 0.6926199828 0.02654192975 1.665829282
0.224502483442028 8022465.324 1.611200477e+16 15.144358 0.691550477 0.02655878532 1.665833783
0.220426490856357 8141939.048 1.720697862e+16 15.94829583 0.6903898705 0.02657590473 1.665836606
0.216392975662591 8263020.212 1.836383649e+16 16.7850426 0.6891314428 0.02659330447 1.66583801
0.212407020946517 8385551.455 1.95832183e+16 17.65409571 0.687768758 0.02661098562 1.665838213
0.208474168117397 8509342.285 2.086516525e+16 18.55456881 0.6862959198 0.02662892816 1.665837504
0.204600319581498 8634169.496 2.220905446e+16 19.48516953 0.6847078239 0.02664709508 1.665835873
0.200791624921582 8759779.075 2.361352844e+16 20.44427766 0.6830003158 0.02666544577 1.665833418
0.197054335492087 8885890.096 2.507647343e+16 21.42991326 0.6811703328 0.02668394437 1.665830017
0.193394607660553 9012201.019 2.659502889e+16 22.4397677 0.6792160821 0.02670255469 1.665825299
0.18981827060443 9138398.315 2.816564718e+16 23.47125738 0.677137163 0.02672123548 1.665819223
0.186330583345827 9264166.621 2.978419819e+16 24.5215655 0.6749346301 0.02673993605 1.665811719
0.182936016819748 9389199.122 3.144611988e+16 25.58772245 0.6726109775 0.02675859674 1.665802687
0.179638106129694 9513206.882 3.314655675e+16 26.66679897 0.6701699802 0.02677715855 1.66579242
0.176439367492618 9635926.578 3.488052748e+16 27.755947 0.6676164651 0.02679557271 1.665781229
0.173341265484822 9757126.519 3.664307619e+16 28.85247263 0.6649560932 0.02681380088 1.665769397
0.170344230471817 9876610.662 3.842941145e+16 29.9538997 0.6621951218 0.02683181459 1.665757162
0.167447724935385 9994220.44 4.023502014e+16 31.05801512 0.6593401713 0.02684959353 1.665744711
0.16465034080005 10109834.7 4.205575283e+16 32.16287416 0.6563980099 0.02686712329 1.665732402
0.161949915827127 10223367.84 4.388789547e+16 33.26677143 0.6533753991 0.0268843898 1.665720347
0.159343676562977 10334766.36 4.572817706e+16 34.36835198 0.6502789421 0.02690137708 1.665708407
0.15682839520777 10444004.64 4.757377382e+16 35.46655265 0.6471149441 0.02691807492 1.665696473
0.154400529990204 10551080.46 4.942228298e+16 36.56056055 0.6438893383 0.02693447632 1.665684444
0.152056342263426 10656010.87 5.127169172e+16 37.64978357 0.6406076438 0.02695058066 1.665672227
0.149791994299424 10758828.39 5.312034066e+16 38.73382061 0.6372749482 0.02696638768 1.665659735
0.147603628600742 10859577.47 5.496688438e+16 39.81243269 0.6338959073 0.02698190383 1.66564689
0.145487429665367 10958311.56 5.681025201e+16 40.88551605 0.6304747574 0.02699713421 1.665633625
0.143439669725485 11055090.6 5.864960992e+16 41.9530741 0.6270153347 0.02701209276 1.665619931
0.141456736939413 11149979.07 6.048433257e+16 43.01516478 0.6235211071 0.02702678647 1.665605997
0.139535156330823 11243044.38 6.231397608e+16 44.07190796 0.6199952101 0.02704122888 1.665591876
0.13767160803746 11334355.39 6.413824032e+16 45.1235192 0.6164404693 0.02705541857 1.665577639
0.135862939009033 11423981.19 6.595694885e+16 46.17026118 0.6128594194 0.02706937163 1.665563348
0.134106164527944 11511990.4 6.777002824e+16 47.21243044 0.60925435 0.02708308526 1.66554905
0.132398466337622 11598450.6 6.957749067e+16 48.25035015 0.6056272998 0.02709658311 1.665534783
0.130737213581756 11683426.57 7.13793928e+16 49.28434499 0.6019801987 0.02710982537 1.665520577
0.129119981286964 11766984.68 7.317579206e+16 50.31471035 0.5983145516 0.02712284457 1.665506406
0.127544487545105 11849182.63 7.496679572e+16 51.34177427 0.5946318068 0.02713571054 1.665492378
0.126008526718308 11930073.04 7.675262191e+16 52.36592382 0.5909334688 0.02714838062 1.665478564
0.124510026056773 12009713.55 7.853352418e+16 53.38753043 0.5872207128 0.02716085629 1.665464936
0.123047080090581 12088157.81 8.030973387e+16 54.40692457 0.5834946304 0.02717314517 1.665451563
0.121617911090814 12165456.7 8.208148799e+16 55.42443095 0.5797562041 0.02718525484 1.665438485
0.12022085199063 12241658.83 8.384903538e+16 56.44037646 0.5760063437 0.02719718792 1.665425678
0.118854341472144 12316810.48 8.561263325e+16 57.45505688 0.5722458652 0.02720895583 1.66541303
0.117516915777908 12390955.72 8.737254226e+16 58.4687714 0.5684755163 0.027220561 1.665400494
0.116207202838564 12464136.49 8.912902391e+16 59.48182361 0.5646959772 0.02723201276 1.66538807
0.114923916763139 12536392.62 9.088233877e+16 60.4945091 0.5609078667 0.02724331281 1.665375756
0.113665851721042 12607761.9 9.263274429e+16 61.50711499 0.5571117507 0.02725446798 1.66536355
0.112431876444061 12678280.19 9.438049355e+16 62.51992008 0.553308146 0.02726548056 1.665351446
0.11122092881023 12747981.41 9.612583454e+16 63.53319527 0.5494975263 0.02727635631 1.665339436
0.110032010790347 12816897.7 9.786900953e+16 64.54720383 0.5456803261 0.02728709809 1.665327511
0.108864183991069 12885059.46 9.961025457e+16 65.56220169 0.5418569449 0.02729771056 1.66531566
0.107716565350093 12952495.48 1.013497991e+17 66.57843767 0.5380277503 0.02730819682 1.665303871
0.106588323369432 13019233.01 1.030878656e+17 67.59615367 0.5341930809 0.02731856079 1.665292131
0.105478674395481 13085297.89 1.048246696e+17 68.61558489 0.5303532496 0.02732880559 1.665280429
0.104386879402105 13150714.65 1.065604192e+17 69.63696005 0.5265085452 0.02733893451 1.665268756
0.103312240832198 13215506.57 1.082953156e+17 70.66050169 0.5226592349 0.02734895051 1.665257102
0.102254099801894 13279695.75 1.100295525e+17 71.68642644 0.5188055663 0.02735885643 1.665245465
0.101211833503629 13343303.22 1.117633166e+17 72.71494534 0.5149477685 0.02736865496 1.665233842
0.100184852772983 13406348.93 1.134967874e+17 73.74626417 0.5110860545 0.02737834852 1.665222238
0.0991725998777764 13468851.86 1.152301372e+17 74.78058372 0.5072206217 0.02738793949 1.665210659
0.0981745460966058 13530830.05 1.169635304e+17 75.81808572 0.5033516538 0.02739743058 1.665199097
0.0971901891687039 13592300.7 1.186971306e+17 76.85892129 0.499479323 0.02740682439 1.665187567
0.0962190515275568 13653280.16 1.204310912e+17 77.90326975 0.495603791 0.02741612284 1.665176096
0.0952606792246985 13713784.04 1.221655616e+17 78.95131193 0.4917252077 0.0274253277 1.665164698
0.0943146407716188 13773827.2 1.239006852e+17 80.00322515 0.487843713 0.02743444059 1.665153386
0.0933805257243186 13833423.77 1.256365994e+17 81.05918338 0.483959438 0.02744346294 1.665142171
0.0924579433965413 13892587.23 1.273734361e+17 82.11935751 0.4800725056 0.02745239619 1.665131063
0.0915465216080984 13951330.45 1.291113216e+17 83.18391546 0.476183031 0.02746124146 1.665120068
0.0906459055150797 14009665.71 1.308503771e+17 84.25302247 0.4722911225 0.02747000013 1.665109191
0.0897557565219498 14067604.75 1.325907187e+17 85.32684131 0.468396882 0.02747867295 1.665098434
0.0888757512989244 14125158.81 1.343324578e+17 86.40553245 0.4645004051 0.0274872614 1.665087796
0.0880055807993478 14182338.63 1.360757013e+17 87.48925439 0.4606017822 0.02749576565 1.665077277
0.0871449493472566 14239154.49 1.378205518e+17 88.57816392 0.4567010983 0.02750418755 1.665066872
0.0862935738068298 14295616.25 1.395671082e+17 89.67241638 0.452798434 0.02751252634 1.665056577
0.0854511827401399 14351733.31 1.413154658e+17 90.77216611 0.4488938655 0.02752078456 1.665046387
0.0846175155064157 14407514.69 1.43065717e+17 91.87756668 0.4449874653 0.02752896043 1.665036295
0.0837923214899806 14462969.02 1.448179519e+17 92.98877148 0.4410793032 0.02753705648 1.665026294
0.0829753591059323 14518104.57 1.465722593e+17 94.105934 0.4371694472 0.02754507242 1.665016379
0.0821663938933858 14572929.41 1.483287296e+17 95.22920921 0.4332579658 0.02755300336 1.665006542
0.0813651974158711 14627451.41 1.50087457e+17 96.35875513 0.4293449241 0.02756087125 1.66499678
0.0805715629131157 14681678.45 1.518485036e+17 97.49470933 0.425430363 0.02756860143 1.664987086
0.0797853120624267 14735621.57 1.536118815e+17 98.63717051 0.4215141976 0.02757627309 1.664977453
0.0790062575922226 14789285.04 1.553776347e+17 99.78627886 0.4175965735 0.02758390341 1.664967881
0.0782341933505212 14842669.6 1.571458635e+17 100.9422169 0.4136776756 0.02759143267 1.664958356
0.0774689242983395 14895781.82 1.589166584e+17 102.1051349 0.4097574586 0.0275989083 1.664948846
0.076710269995666 14948627.46 1.606900871e+17 103.275184 0.4058359652 0.02760629308 1.664939346
0.0759580555472905 15001212.09 1.624662159e+17 104.4525172 0.4019132382 0.02761360244 1.664929855
0.0752121113454512 15053541.13 1.642451127e+17 105.6372748 0.3979893115 0.02762083421 1.664920403
0.0744722740758529 15105619.76 1.660268391e+17 106.8295923 0.3940642337 0.02762798618 1.664911008
0.0737383854192013 15157453 1.678114549e+17 108.0296201 0.3901380457 0.02763505645 1.664901672
0.0730102911738604 15209045.77 1.695990206e+17 109.2375098 0.3862107843 0.02764204366 1.664892397
0.0722878415716961 15260402.84 1.713895951e+17 110.453414 0.3822824869 0.02764895077 1.664883184
0.0715708909739309 15311528.83 1.731832362e+17 111.677486 0.3783531883 0.02765577836 1.664874037
0.0708592977424669 15362428.2 1.749800009e+17 112.9098805 0.3744229222 0.0276625271 1.664864957
0.070152924087813 15413105.24 1.767799445e+17 114.1507534 0.3704917209 0.02766919377 1.664855947
0.0694516359404088 15463564 1.785831211e+17 115.4002623 0.366559615 0.02767577803 1.66484701
0.0687553028687385 15513808.35 1.803895832e+17 116.6585661 0.3626266336 0.027682277 1.664838147
0.0680637994479849 15563841.43 1.821993649e+17 117.9258168 0.3586928211 0.02768869132 1.664829362
0.0673770021132961 15613666.78 1.840125187e+17 119.2021787 0.3547582002 0.02769501971 1.664820657
0.066694790388064 15663287.9 1.858291007e+17 120.4878211 0.3508227853 0.02770126387 1.664812034
0.066017047258257 15712707.35 1.876491552e+17 121.782912 0.3468866107 0.02770742593 1.664803496
0.0653436573475488 15761927.57 1.894727287e+17 123.0876228 0.3429497085 0.02771350178 1.664795044
0.0646745082625759 15810951.41 1.912998649e+17 124.402124 0.3390120973 0.02771948853 1.664786682
0.0640094921136639 15859781.69 1.931306009e+17 125.7265833 0.3350737959 0.02772538557 1.66477841
0.0633485047778604 15908421.02 1.949649682e+17 127.0611679 0.3311348247 0.0277311918 1.664770232
0.0626914453842271 15956871.9 1.968029939e+17 128.4060454 0.3271952031 0.02773690638 1.664762148
0.0620382163489341 16005136.62 1.986446999e+17 129.7613836 0.3232549482 0.02774252893 1.664754161
0.0613887234454471 16053217.29 2.004901027e+17 131.1273506 0.3193140751 0.02774805835 1.664746272
0.0607428759215061 16101115.74 2.023392134e+17 132.5041157 0.3153725968 0.02775349405 1.664738484
0.0601005866395002 16148833.59 2.041920402e+17 133.8918643 0.3114305243 0.02775883462 1.664730775
0.0594617725209878 16196372.15 2.060485621e+17 135.2908835 0.3074878659 0.02776407868 1.664722921
0.0588263546753733 16243732.44 2.07908773e+17 136.7013666 0.3035446288 0.02776922518 1.664714891
0.0581942580021785 16290915.18 2.097726491e+17 138.1234645 0.299600819 0.02777427336 1.664706714
0.0575654110038767 16337920.81 2.116401568e+17 139.5573254 0.2956564415 0.02777922253 1.664698419
0.0569397457741945 16384749.46 2.135112525e+17 141.0030949 0.2917114998 0.02778407193 1.664690039
0.0563171980098096 16431400.93 2.15385882e+17 142.4609154 0.2877659954 0.02778882082 1.664681605
0.0556977070688408 16477874.71 2.1726398e+17 143.930926 0.2838199282 0.02779346833 1.664673148
0.0550812159825453 16524169.96 2.191454693e+17 145.4132627 0.2798732965 0.02779801362 1.664664701
0.0544676714202254 16570285.46 2.210302607e+17 146.9080576 0.2759260973 0.02780245576 1.664656296
0.0538570236658325 16616219.64 2.229182524e+17 148.4154392 0.2719783261 0.02780679382 1.664647963
0.0532492265711756 16661970.53 2.248093297e+17 149.9355321 0.2680299776 0.02781102687 1.664639733
0.0526442374740361 16707535.77 2.267033652e+17 151.4684571 0.2640810461 0.02781515391 1.664631639
0.0520420170226992 16752912.6 2.286002182e+17 153.014331 0.2601315255 0.02781917386 1.66462371
0.0514425290355796 16798097.85 2.304997353e+17 154.5732666 0.2561814108 0.02782308553 1.664615978
0.0508457401970758 16843087.96 2.324017508e+17 156.1453729 0.2522306976 0.02782688757 1.664608474
0.0502516198353101 16887878.98 2.343060868e+17 157.7307553 0.2482793838 0.02783057846 1.664601229
0.049660139501005 16932466.59 2.362125548e+17 159.3295156 0.2443274698 0.02783415653 1.664594279
0.0490712725346606 16976846.12 2.381209561e+17 160.9417523 0.2403749595 0.02783762001 1.664587657
0.0484849935635451 17021012.54 2.400310838e+17 162.5675616 0.2364218614 0.02784096704 1.664581404
0.0479012779051028 17064960.55 2.419427238e+17 164.2070373 0.2324681897 0.02784419563 1.66457556
0.0473201009001735 17108684.56 2.438556574e+17 165.860272 0.228513965 0.02784730368 1.664570174
0.0467414372462129 17152178.74 2.457696633e+17 167.5273575 0.2245592163 0.0278502889 1.664565298
0.0461652600848571 17195437.06 2.476845201e+17 169.2083859 0.2206039817 0.02785314873 1.664560993
0.0455915402181629 17238453.34 2.496000091e+17 170.9034507 0.2166483102 0.02785588032 1.66455733
0.0450202451259859 17281221.29 2.515159175e+17 172.6126474 0.2126922631 0.02785848053 1.664554389
0.0444513379248668 17323734.57 2.534320419e+17 174.3360753 0.2087359158 0.02786094588 1.664552263
0.0438847763386175 17365986.86 2.553481884e+17 176.0738362 0.2047793589 0.02786327262 1.66455106
0.0433205114934378 17407971.91 2.572641551e+17 177.8260208 0.2008227004 0.02786545669 1.664550903
0.0427584865843554 17449683.59 2.591798618e+17 179.5926253 0.196866066 0.02786749397 1.664552022
0.042198635588458 17491115.93 2.610951451e+17 181.3736552 0.1929095994 0.0278693799 1.664554586
0.0416408826449042 17532263.21 2.630098997e+17 183.1693517 0.1889534646 0.02787110934 1.664558673
0.0410851412360717 17573119.96 2.649240584e+17 184.9799675 0.1849978474 0.02787267683 1.664564383
0.0405313130762569 17613681.1 2.668375857e+17 186.8057984 0.181042958 0.02787407651 1.664571795
0.0399792869067921 17653941.9 2.687504876e+17 188.6471671 0.1770890323 0.02787530224 1.664580985
0.0394289371624853 17693898.1 2.706628134e+17 190.5044233 0.1731363336 0.02787634755 1.664592032
0.0388801227199459 17733545.92 2.725746601e+17 192.3779448 0.1691851535 0.02787720572 1.664605009
0.0383326855757227 17772882.1 2.744861756e+17 194.2681404 0.1652358141 0.02787786976 1.664619984
0.0377864494893479 17811903.93 2.76397563e+17 196.1754512 0.1612886689 0.02787833241 1.664637018
0.0372412186029859 17850609.3 2.783090836e+17 198.1003528 0.1573441046 0.02787858612 1.66465616
0.0366967760961753 17888996.66 2.802210606e+17 200.0433572 0.1534025427 0.02787862307 1.664677446
0.0361528826534053 17927065.07 2.821338823e+17 202.0050148 0.1494644415 0.02787843517 1.664700898
0.0356092749784825 17964814.23 2.840480051e+17 203.9859157 0.1455302982 0.02787801414 1.664726519
0.0350656640749411 18002244.4 2.859639568e+17 205.9866921 0.1416006511 0.02787735147 1.66475429
0.0345217334796604 18039356.46 2.878823393e+17 208.0080201 0.1376760823 0.02787643854 1.664784172
0.0339771372625256 18076151.85 2.898038322e+17 210.0506214 0.1337572204 0.02787526659 1.664816098
0.0334314977804316 18112632.55 2.917291954e+17 212.1152657 0.1298447438 0.02787382684 1.664849974
0.0328844032909131 18148801 2.936592723e+17 214.2027725 0.1259393856 0.02787211046 1.664885674
0.0323354053435139 18184660.05 2.955949925e+17 216.3140123 0.1220419394 0.02787010864 1.664923038
0.0317840158787098 18220212.91 2.975373736e+17 218.4499077 0.1181532664 0.02786781266 1.66496187
0.0312297040109871 18255463 2.994875241e+17 220.6114331 0.1142743057 0.02786521391 1.665001932
0.0306718924258918 18290413.94 3.014466444e+17 222.7996143 0.1104060848 0.02786230399 1.665042944
0.0301099530518088 18325069.43 3.034160293e+17 225.0155269 0.1065497326 0.02785907477 1.665084577
0.029543202205336 18359433.11 3.053970695e+17 227.260295 0.1027064935 0.02785551854 1.665126452
0.0289708951166698 18393508.42 3.073912525e+17 229.5350877 0.09887774634 0.02785162812 1.665168133
0.0283922201040544 18427298.3 3.094001608e+17 231.8411123 0.0950650287 0.02784739696 1.665209124
0.027806292678043 18460804.93 3.114254579e+17 234.1795956 0.09127007123 0.02784281932 1.665248867
0.0272121493884055 18494029.38 3.134687632e+17 236.5516787 0.08749484097 0.02783789032 1.665286727
0.026608741121236 18526971.26 3.155319998e+17 238.9582993 0.08374159274 0.02783260639 1.665322431
0.0259949255304151 18559628.26 3.176171532e+17 241.399655 0.08001292315 0.02782696555 1.665356545
0.0253694609547049 18591995.54 3.197259845e+17 243.876274 0.07631183828 0.02782096762 1.665388919
0.0247310040079834 18624064.87 3.218603147e+17 246.3885735 0.07264184836 0.02781461482 1.665419374
0.0240781115327925 18655823.48 3.240218408e+17 248.9366405 0.0690070906 0.02780791222 1.665447745
0.0234092504148708 18687252.59 3.262120179e+17 251.5200814 0.06541248693 0.02780086875 1.665473883
0.0227228193412364 18718325.56 3.284318904e+17 254.1378151 0.06186393779 0.02779349785 1.665497662
0.0220171875904021 18749005.76 3.306818612e+17 256.7878012 0.05836855091 0.02778581882 1.665518978
0.0212907594526769 18779243.76 3.329613774e+17 259.4666862 0.05493490505 0.02777785822 1.665537761
0.0205420769610693 18808974.06 3.352685089e+17 262.1693482 0.05157334721 0.0277696518 1.665553973
0.0197699770524898 18838111.23 3.375993969e+17 264.8883258 0.04829630807 0.02776124665 1.665567623
0.0189738181208602 18866545.92 3.399475726e+17 267.6131476 0.04511858292 0.02775270332 1.665578767
0.018153781272972 18894141.82 3.423031986e+17 270.3296367 0.04205746779 0.02774409744 1.665587521
0.0173112299451373 18920734.88 3.446523677e+17 273.0193583 0.03913257928 0.02773552012 1.66559406
0.0164490783868427 18946136.83 3.469766878e+17 275.6594657 0.03636516093 0.02772707645 1.665598621
0.0155720767735146 18970144.98 3.492534625e+17 278.2232573 0.03377672033 0.02771888134 1.665601494
0.014686879393542 18992559.31 3.514567803e+17 280.6817185 0.03138697902 0.02771105206 1.665603008
0.0138017619803714 19013205.56 3.535596516e+17 283.0060924 0.02921138582 0.02770369787 1.665603505
0.0129259491888947 19031959.34 3.555369183e+17 285.1710706 0.02725879415 0.02769690848 1.665603309
0.0120686871279415 19048763.64 3.573681857e+17 287.1577362 0.02553007541 0.02769074478 1.665602702
0.0112383235888139 19063634.22 3.590399045e+17 288.9553663 0.02401816146 0.02768523435 1.665601901
0.0104416253246216 19076652.27 3.605461213e+17 290.5617066 0.02270939693 0.027680373 1.66560106
0.00968345035250412 19087948.3 3.618879286e+17 291.981903 0.02158565854 0.02767613056 1.665600273
0.00896686622635536 19097681.31 3.630718741e+17 293.2264694 0.02062672551 0.02767245991 1.665599589
0.00829355407739608 19106020.49 3.641080336e+17 294.3090612 0.01981227382 0.0276693053 1.665599024
0.00766395100210665 19113135.93 3.650087698e+17 295.2451003 0.01912285438 0.02766660781 1.665598574
0.00707720538680092 19119192.65 3.657879141e+17 296.0509493 0.01854030172 0.02766430805 1.665598226
0.00653159897582245 19124341.52 3.664595087e+17 296.7426898 0.01804834062 0.02766235045 1.665597961
0.00602514887791269 19128714.13 3.670367177e+17 297.3350829 0.01763298673 0.02766068544 1.665597765
0.00555579597365805 19132424.14 3.675315431e+17 297.8413559 0.01728236918 0.02765926988 1.665597622
0.00512138852206153 19135569.94 3.679548555e+17 298.2733103 0.01698639283 0.02765806601 1.665597519
0.00471973325811257 19138236.25 3.683163813e+17 298.6413757 0.01673649809 0.0276570414 1.665597447
0.00434866167773239 19140495.57 3.686247165e+17 298.9546756 0.01652545636 0.02765616817 1.665597398
0.00400606862327663 19142409.69 3.688873921e+17 299.2211351 0.01634717499 0.02765542285 1.665597364
0.00368993543015774 19144031.21 3.691109631e+17 299.4476034 0.01619652363 0.02765478552 1.665597342
0.00339834382745224 19145404.77 3.693011058e+17 299.6399759 0.01606918317 0.02765423951 1.665597329
0.00312948313210531 19146568.27 3.694627163e+17 299.8033119 0.01596151701 0.02765377091 1.665597321
0.0028816528563914 19147553.82 3.696000038e+17 299.9419426 0.01587046261 0.02765336797 1.665597317
0.00265326221426303 19148388.64 3.69716578e+17 300.0595684 0.01579343963 0.02765302106 1.665597315
0.002442827548984 19149095.79 3.698155277e+17 300.1593466 0.01572827272 0.02765272183 1.665597315
0.00224896841784435 19149694.8 3.698994915e+17 300.243967 0.01567312708 0.02765246357 1.665597316
0.00207040287089035 19150202.12 3.699707081e+17 300.3157073 0.0156264622 0.0276522403 1.665597317
0.00190594223483378 19150631.89 3.700311131e+17 300.3765319 0.01558696103 0.02765204717 1.665597319
0.00175448563960734 19150995.95 3.700823387e+17 300.4280955 0.01555351975 0.02765187983 1.665597321
0.00161501407934398 19151304.36 3.701257734e+17 300.4718052 0.01552520339 0.02765173481 1.665597323
0.00148658472486101 19151565.62 3.701625981e+17 300.5088551 0.01550122336 0.02765160892 1.665597324
0.00136832713354243 19151786.94 3.701938158e+17 300.5402552 0.01548091966 0.02765149951 1.665597326
0.00125944186313859 19151974.42 3.702202771e+17 300.5668624 0.01546373345 0.02765140421 1.665597327
0.00115919808656559 19152133.2 3.702427029e+17 300.5894095 0.01544917755 0.02765132128 1.665597328
0.00106692537565567 19152267.67 3.702617047e+17 300.60852 0.01543683528 0.02765124926 1.66559733
0.000982001028945801 19152381.53 3.702778028e+17 300.6247116 0.01542637833 0.0276511866 1.665597331
0.000903841472439046 19152477.96 3.702914406e+17 300.638416 0.01541754671 0.02765113162 1.665597331
0.000831902929659871 19152559.63 3.703029948e+17 300.6500133 0.01541009289 0.02765108328 1.665597332
0.000765685923120672 19152628.81 3.703127843e+17 300.6598427 0.01540377117 0.02765104121 1.665597333
0.000704735085049848 19152687.41 3.703210784e+17 300.6681839 0.01539838814 0.02765100489 1.665597333
0.000648633400273376 19152737.05 3.703281054e+17 300.6752533 0.01539382252 0.02765097324 1.665597334
0.000596996284507022 19152779.1 3.703340585e+17 300.6812322 0.01538997589 0.02765094522 1.665597334
0.000549468661754555 19152814.72 3.703391019e+17 300.68629 0.01538673223 0.02765092046 1.665597334
0.000505723597993755 19152844.89 3.703433746e+17 300.6905784 0.01538397728 0.02765089897 1.665597334
0.000465460473848427 19152870.44 3.703469941e+17 300.6942175 0.01538163056 0.02765088037 1.665597335
0.000428402600674623 19152892.09 3.703500604e+17 300.6973004 0.01537964233 0.02765086396 1.665597335
0.000394295033171486 19152910.43 3.703526579e+17 300.6999061 0.01537797029 0.02765084923 1.665597335
0.000362902866401872 19152925.96 3.703548584e+17 300.702107 0.01537656699 0.02765083609 1.665597335
0.000334009853803181 19152939.12 3.703567225e+17 300.7039687 0.015375384 0.02765082452 1.665597335
0.000307417125683089 19152950.27 3.703583016e+17 300.7055458 0.01537438171 0.02765081441 1.665597335
0.000282941641120288 19152959.71 3.703596394e+17 300.7066989 0.01537391064 0.02765080961 1.665597334
1.16978937831347e-60 19153012.24 3.703670418e+17 300.7140333 0.01536933289 0.02765080961 1.665597333
