n l nu dnu
6 0 972.613 0.002
7 1 1185.592 0.004
8 0 1263.162 0.012
8 1 1329.629 0.004
8 2 1394.68 0.011
9 0 1407.481 0.012
9 1 1472.835 0.007
9 2 1535.859 0.011
10 0 1548.333 0.007
10 1 1612.72 0.007
10 2 1674.534 0.008
10 3 1729.085 0.016
11 0 1686.597 0.011
11 1 1749.279 0.007
11 2 1810.304 0.009
11 3 1865.293 0.019
12 0 1822.196 0.011
12 1 1885.081 0.009
12 2 1945.797 0.013
12 3 2001.243 0.017
13 0 1957.421 0.012
13 1 2020.793 0.01
13 2 2082.102 0.015
13 3 2137.788 0.019
14 0 2093.518 0.013
14 1 2156.784 0.014
14 2 2217.656 0.018
14 3 2273.516 0.026
15 0 2228.749 0.014
15 1 2291.993 0.015
15 2 2352.222 0.017
15 3 2407.643 0.025
16 0 2362.788 0.016
16 1 2425.595 0.015
16 2 2485.873 0.019
16 3 2541.671 0.023
17 0 2496.18 0.017
17 1 2559.162 0.015
17 2 2619.668 0.018
17 3 2676.149 0.023
18 0 2629.668 0.015
18 1 2693.347 0.014
18 2 2754.439 0.017
18 3 2811.318 0.021
19 0 2764.142 0.015
19 1 2828.15 0.014
19 2 2889.578 0.018
19 3 2946.935 0.021
20 0 2899.022 0.013
20 1 2963.322 0.014
20 2 3024.689 0.018
20 3 3082.273 0.025
21 0 3033.754 0.014
21 1 3098.14 0.015
21 2 3159.821 0.02
21 3 3217.683 0.028
22 0 3168.618 0.017
22 1 3233.139 0.018
22 2 3295.063 0.025
22 3 3353.335 0.041
23 0 3303.52 0.021
23 1 3368.469 0.023
23 2 3430.748 0.034
23 3 3489.409 0.053
24 0 3438.992 0.03
24 1 3504.129 0.03
24 2 3566.949 0.044
24 3 3626.078 0.075
25 0 3574.893 0.048
25 1 3640.475 0.038
25 2 3703.044 0.067
25 3 3762.53 0.105
26 0 3710.717 0.088
26 1 3777.067 0.052
26 2 3839.717 0.144
27 0 3846.993 0.177
27 1 3913.57 0.068
27 2 3976.93 0.298
28 0 3984.214 0.323
9 4 1640.9227 0.0131
10 4 1778.0069 0.011
11 4 1914.7198 0.0222
12 4 2051.6704 0.0193
13 4 2188.3142 0.0184
14 4 2324.0703 0.0239
15 4 2458.5031 0.0241
16 4 2592.9787 0.0237
17 4 2728.3312 0.0227
18 4 2864.143 0.0192
19 4 3000.0776 0.018
20 4 3135.8735 0.0221
21 4 3271.6384 0.0279
22 4 3408.0334 0.0355
23 4 3544.4454 0.0448
24 4 3681.2944 0.0532
25 4 3818.6459 0.0689
26 4 3955.6835 0.089
8 5 1545.2801 0.0102
9 5 1685.862 0.0108
10 5 1823.3669 0.0133
11 5 1960.5124 0.0161
12 5 2098.4145 0.0164
13 5 2235.3439 0.0167
14 5 2371.091 0.017
15 5 2506.0541 0.018
16 5 2641.1306 0.0193
17 5 2777.27 0.0183
18 5 2913.6645 0.0196
19 5 3049.8872 0.0201
20 5 3186.1508 0.0227
22 5 3459.2922 0.0379
23 5 3596.3963 0.0487
24 5 3733.6207 0.0599
25 5 3871.3246 0.0699
26 5 4009.3163 0.0921
27 5 4147.4791 0.1239
8 6 1587.4687 0.0082
9 6 1727.7491 0.01
10 6 1866.0927 0.0136
11 6 2004.0378 0.0142
12 6 2142.446 0.0159
13 6 2279.7824 0.0176
14 6 2415.4951 0.0165
15 6 2551.0173 0.0183
16 6 2687.0232 0.0164
17 6 2823.673 0.015
18 6 2960.5868 0.0151
19 6 3097.2306 0.0166
20 6 3233.9079 0.0212
21 6 3370.8932 0.0282
22 6 3508.1135 0.0389
23 6 3645.9025 0.046
24 6 3783.7267 0.0567
25 6 3921.7767 0.0708
26 6 4060.1156 0.0897
27 6 4198.9383 0.12
6 7 1334.54 0.0055
7 7 1483.4089 0.006
8 7 1627.5063 0.0076
9 7 1767.6678 0.0098
10 7 1906.8346 0.0109
11 7 2045.8347 0.013
12 7 2184.5332 0.015
13 7 2322.1267 0.0166
14 7 2458.1689 0.0157
15 7 2594.2231 0.0165
16 7 2731.1113 0.0152
17 7 2868.2963 0.0133
18 7 3005.5602 0.0139
19 7 3142.7177 0.0165
20 7 3279.7951 0.0213
21 7 3417.3822 0.0259
22 7 3555.141 0.0351
23 7 3693.3448 0.0454
24 7 3831.787 0.0551
25 7 3970.2929 0.0722
26 7 4109.3642 0.097
27 7 4248.1657 0.1238
7 8 1521.2287 0.0058
8 8 1665.7596 0.0078
9 8 1806.1992 0.0096
10 8 1946.0776 0.0115
11 8 2086.1464 0.0127
12 8 2225.1408 0.0139
13 8 2362.8493 0.015
14 8 2499.4085 0.0152
15 8 2636.101 0.0153
16 8 2773.7143 0.0135
17 8 2911.4782 0.0139
18 8 3049.1061 0.0142
19 8 3186.6877 0.0168
20 8 3324.3002 0.0213
21 8 3462.3625 0.0273
22 8 3600.752 0.0343
23 8 3739.2282 0.0433
24 8 3878.1604 0.0566
25 8 4017.3046 0.0734
26 8 4156.4491 0.0948
27 8 4296.2155 0.1264
28 8 4435.5811 0.1706
7 9 1557.6547 0.0357
8 9 1702.4204 0.0068
9 9 1843.6131 0.0097
10 9 1984.2082 0.011
11 9 2125.0886 0.0127
12 9 2264.497 0.0128
13 9 2402.2932 0.0145
14 9 2539.5248 0.0138
15 9 2676.9711 0.0135
16 9 2815.1574 0.012
17 9 2953.5309 0.0121
18 9 3091.4067 0.0135
19 9 3229.4496 0.0166
20 9 3367.7118 0.0229
21 9 3506.1122 0.0278
22 9 3645.1598 0.0359
23 9 3784.0119 0.0465
24 9 3923.3356 0.0566
25 9 4062.8717 0.0744
26 9 4202.3759 0.0966
27 9 4342.263 0.1347
5 10 1288.0136 0.0034
6 10 1443.421 0.0051
7 10 1592.9143 0.005
8 10 1737.8259 0.0067
9 10 1879.9986 0.01
10 10 2021.4582 0.0104
11 10 2162.9096 0.0121
12 10 2302.7609 0.0141
13 10 2440.7841 0.0138
14 10 2578.5886 0.014
15 10 2716.944 0.0125
16 10 2855.6446 0.0115
17 10 2994.4302 0.0119
18 10 3132.8581 0.0137
19 10 3271.2433 0.0178
20 10 3409.9797 0.0225
21 10 3548.9994 0.0291
22 10 3688.3026 0.0367
23 10 3827.7528 0.047
24 10 3967.4327 0.0577
25 10 4107.4169 0.0776
27 10 4387.6936 0.1373
28 10 4528.3436 0.1739
5 11 1320.4969 0.0038
6 11 1477.1576 0.0051
7 11 1627.1059 0.0066
8 11 1772.2275 0.0074
9 11 1915.4018 0.0095
10 11 2057.9257 0.0111
11 11 2199.7836 0.0115
12 11 2340.017 0.0132
13 11 2478.4467 0.0141
14 11 2616.912 0.0135
15 11 2756.0751 0.0124
16 11 2895.3578 0.0111
17 11 3034.4821 0.0118
18 11 3173.3791 0.0134
19 11 3312.2665 0.018
20 11 3451.5719 0.0223
21 11 3590.9682 0.0292
22 11 3730.6612 0.0381
23 11 3870.6077 0.0473
24 11 4010.893 0.0612
25 11 4151.058 0.0807
27 11 4432.109 0.1452
28 11 4573.1563 0.2047
6 12 1509.714 0.0041
7 12 1660.2427 0.0059
8 12 1805.7824 0.008
9 12 1949.9798 0.0086
10 12 2093.6318 0.0108
11 12 2235.8295 0.0113
12 12 2376.2783 0.0125
13 12 2515.4238 0.013
14 12 2654.5256 0.0129
15 12 2794.4323 0.0115
16 12 2934.2944 0.0113
17 12 3073.7583 0.0118
18 12 3213.165 0.0144
19 12 3352.5849 0.0181
20 12 3492.3007 0.0231
21 12 3632.3124 0.0288
22 12 3772.4542 0.0382
23 12 3912.7925 0.0483
24 12 4053.3083 0.0628
25 12 4193.9317 0.0851
26 12 4334.8115 0.1088
27 12 4475.806 0.1495
3 13 1038.7877 0.0033
4 13 1215.3462 0.0024
6 13 1541.1427 0.0049
7 13 1692.357 0.007
8 13 1838.6616 0.0072
9 13 1983.8157 0.0096
10 13 2128.4861 0.0102
11 13 2271.1331 0.0119
12 13 2411.7971 0.0129
13 13 2551.6616 0.0123
14 13 2691.6035 0.0124
15 13 2832.1247 0.0113
16 13 2972.5334 0.0108
17 13 3112.4328 0.0118
18 13 3252.2565 0.0152
19 13 3392.2912 0.0187
20 13 3532.4086 0.0236
21 13 3672.9439 0.0298
22 13 3813.5975 0.0389
23 13 3954.2087 0.0496
24 13 4095.2038 0.066
25 13 4236.1747 0.0855
26 13 4377.4042 0.1173
27 13 4518.8008 0.1614
5 14 1411.7246 0.0035
6 14 1571.5612 0.0053
7 14 1723.5201 0.0059
8 14 1870.8306 0.0075
9 14 2017.0155 0.009
10 14 2162.5078 0.0099
11 14 2305.6701 0.0113
12 14 2446.6679 0.012
13 14 2587.2543 0.0118
14 14 2728.1415 0.0108
15 14 2869.1851 0.0109
16 14 3010.0708 0.012
17 14 3150.4638 0.012
18 14 3290.7668 0.0156
19 14 3431.3268 0.02
20 14 3572.038 0.025
21 14 3713.0061 0.0315
22 14 3854.0712 0.0394
23 14 3995.185 0.052
24 14 4136.4806 0.0673
25 14 4278.0936 0.0924
26 14 4419.5874 0.1249
27 14 4561.1887 0.1644
4 15 1268.6082 0.0043
5 15 1440.0273 0.0037
6 15 1601.0105 0.0047
7 15 1753.7995 0.0064
8 15 1902.3282 0.0079
9 15 2049.603 0.009
10 15 2195.788 0.0103
11 15 2339.4804 0.012
12 15 2480.9991 0.0114
13 15 2622.3085 0.0114
14 15 2764.0895 0.0101
15 15 2905.7236 0.0103
16 15 3046.9985 0.0105
17 15 3187.9919 0.0132
18 15 3328.7392 0.0165
19 15 3469.8407 0.0205
20 15 3611.1196 0.0264
21 15 3752.4291 0.0327
22 15 3893.989 0.04
23 15 4035.5181 0.0546
24 15 4177.3012 0.0711
25 15 4319.1585 0.1004
26 15 4460.9604 0.1325
3 16 1109.0425 0.0023
4 16 1293.7608 0.0029
5 16 1467.2795 0.0049
6 16 1629.5047 0.0049
7 16 1783.2464 0.0065
8 16 1933.1277 0.0082
9 16 2081.613 0.0094
10 16 2228.376 0.0103
11 16 2372.5738 0.0106
12 16 2514.7936 0.0113
13 16 2656.8774 0.011
14 16 2799.4667 0.01
15 16 2941.7206 0.0093
16 16 3083.4402 0.0104
17 16 3224.8659 0.0134
18 16 3366.2438 0.0172
19 16 3507.8366 0.0219
20 16 3649.6351 0.0276
21 16 3791.3946 0.034
22 16 3933.3773 0.0427
23 16 4075.3896 0.0553
24 16 4217.3773 0.0772
25 16 4359.7565 0.1023
26 16 4502.1554 0.1315
3 17 1131.009 0.013
4 17 1318.0363 0.0028
5 17 1493.4937 0.0035
6 17 1657.055 0.0053
7 17 1811.9775 0.0065
8 17 1963.2993 0.0077
9 17 2112.9668 0.0092
10 17 2260.3044 0.0107
11 17 2405.007 0.011
12 17 2548.0385 0.0111
13 17 2691.0185 0.0108
14 17 2834.2812 0.0095
15 17 2977.1719 0.0101
16 17 3119.3207 0.0107
17 17 3261.3207 0.0138
18 17 3403.3163 0.0176
19 17 3545.3849 0.0224
20 17 3687.6382 0.0276
21 17 3829.9147 0.034
22 17 3972.227 0.0441
23 17 4114.8511 0.0603
24 17 4257.4237 0.0809
25 17 4399.8739 0.1064
26 17 4542.4567 0.1472
3 18 1152.4092 0.0025
4 18 1341.529 0.003
5 18 1518.7267 0.0046
6 18 1683.6633 0.0053
7 18 1839.9792 0.0071
8 18 1992.8182 0.0082
9 18 2143.6884 0.0088
10 18 2291.6042 0.0098
11 18 2436.8227 0.0112
12 18 2580.7888 0.0104
13 18 2724.6427 0.0104
14 18 2868.589 0.0095
15 18 3012.0699 0.0097
16 18 3154.7736 0.0112
17 18 3297.2849 0.0141
18 18 3439.9003 0.0175
19 18 3582.4987 0.0233
20 18 3725.1687 0.0284
21 18 3868.0165 0.0363
22 18 4010.7174 0.0468
23 18 4153.6117 0.0628
24 18 4296.7567 0.0833
25 18 4439.5419 0.1156
26 18 4582.3814 0.1599
3 19 1173.2724 0.0018
4 19 1364.3264 0.0036
5 19 1543.0517 0.004
6 19 1709.3489 0.006
7 19 1867.2779 0.0077
8 19 2021.7286 0.0083
9 19 2173.7312 0.0089
10 19 2322.2965 0.0098
11 19 2468.12 0.0109
12 19 2613.033 0.0105
13 19 2757.8769 0.0094
14 19 2902.4767 0.0093
15 19 3046.4838 0.0092
16 19 3189.7897 0.0113
17 19 3332.8064 0.0147
18 19 3476.0468 0.0188
19 19 3619.2179 0.0241
20 19 3762.2824 0.03
21 19 3905.6166 0.0379
22 19 4048.8734 0.0494
23 19 4192.2437 0.0664
24 19 4335.4335 0.0867
25 19 4478.9357 0.1195
3 20 1193.6538 0.0028
4 20 1386.4842 0.0039
5 20 1566.5395 0.0041
6 20 1734.1794 0.0059
7 20 1893.9079 0.0072
8 20 2050.0527 0.008
9 20 2203.1308 0.0089
10 20 2352.3802 0.0098
11 20 2498.9013 0.0102
12 20 2644.8102 0.0096
13 20 2790.6506 0.0091
14 20 2935.8725 0.009
15 20 3080.3933 0.0096
16 20 3224.3525 0.012
17 20 3367.9706 0.0155
18 20 3511.7753 0.0191
19 20 3655.4862 0.0248
20 20 3799.0646 0.031
21 20 3942.8783 0.039
22 20 4086.4816 0.0515
23 20 4230.288 0.0684
24 20 4374.2714 0.0895
25 20 4517.8979 0.1264
2 21 1005.0926 0.0019
4 21 1408.0748 0.0032
5 21 1589.2846 0.0038
6 21 1758.2204 0.0062
7 21 1919.8126 0.0071
8 21 2077.7246 0.0077
9 21 2231.8498 0.0095
10 21 2381.8898 0.0096
11 21 2529.2612 0.0099
12 21 2676.1386 0.0097
13 21 2822.9245 0.0089
14 21 2968.8432 0.0086
15 21 3113.8619 0.0099
16 21 3258.4208 0.0128
17 21 3402.7812 0.0158
18 21 3547.0612 0.0203
19 21 3691.3429 0.0255
20 21 3835.4316 0.0325
21 21 3979.63 0.042
22 21 4123.7958 0.0544
23 21 4267.972 0.0735
24 21 4412.0447 0.0947
25 21 4556.3964 0.1346
2 22 1022.448 0.0016
3 22 1233.1151 0.0025
4 22 1429.1236 0.0031
5 22 1611.3465 0.0043
6 22 1781.5262 0.0064
7 22 1945.0362 0.007
8 22 2104.7284 0.0083
9 22 2259.965 0.0095
10 22 2410.7687 0.0099
11 22 2559.1516 0.0096
12 22 2707.0512 0.0088
13 22 2854.6591 0.0088
14 22 3001.3298 0.009
15 22 3146.9302 0.0098
16 22 3292.101 0.0131
17 22 3437.1384 0.016
18 22 3582.0124 0.0213
19 22 3726.8203 0.0267
20 22 3871.5271 0.0327
21 22 4016.0725 0.0442
22 22 4160.7151 0.0583
23 22 4305.4623 0.0757
24 22 4449.9268 0.1044
25 22 4594.3383 0.139
3 23 1252.2452 0.0029
4 23 1449.6889 0.0033
5 23 1632.7903 0.0042
6 23 1804.1995 0.0057
7 23 1969.6333 0.0072
8 23 2131.0808 0.0084
9 23 2287.4372 0.0093
10 23 2439.1442 0.0101
11 23 2588.6088 0.0095
12 23 2737.5471 0.0088
13 23 2885.9901 0.0089
14 23 3033.3737 0.0089
15 23 3179.6164 0.0107
16 23 3325.4272 0.0132
17 23 3471.1141 0.0166
18 23 3616.5678 0.0221
19 23 3761.8896 0.0272
20 23 3907.1833 0.0347
21 23 4052.2941 0.0469
22 23 4197.2773 0.0613
23 23 4342.4691 0.0814
24 23 4487.2432 0.1132
3 24 1271.0066 0.0021
4 24 1469.7877 0.0033
5 24 1653.686 0.0048
6 24 1826.2987 0.0062
7 24 1993.5483 0.0075
8 24 2156.7412 0.0086
9 24 2314.268 0.0091
10 24 2466.9733 0.0099
11 24 2617.6161 0.0091
12 24 2767.6237 0.0085
13 24 2916.8886 0.0084
14 24 3064.9473 0.0088
15 24 3211.9001 0.0108
16 24 3358.3654 0.0136
17 24 3504.7276 0.0172
18 24 3650.8027 0.0226
19 24 3796.5996 0.0286
20 24 3942.3698 0.037
21 24 4088.0131 0.0497
22 24 4233.5372 0.0657
23 24 4379.09 0.0872
2 25 1072.5221 0.0023
3 25 1289.4094 0.0022
4 25 1489.4554 0.0035
5 25 1674.0903 0.0048
6 25 1847.8868 0.0061
7 25 2016.9056 0.0077
8 25 2181.7241 0.0083
9 25 2340.4506 0.0091
10 25 2494.315 0.0097
11 25 2646.1911 0.0097
12 25 2797.2984 0.0085
13 25 2947.3279 0.0083
14 25 3096.0986 0.009
15 25 3243.7925 0.0115
16 25 3390.9947 0.0143
17 25 3537.9427 0.0181
18 25 3684.7352 0.0235
19 25 3831.016 0.0297
20 25 3977.3034 0.0392
21 25 4123.5696 0.0527
22 25 4269.3296 0.0701
23 25 4415.5494 0.0953
24 25 4561.0966 0.1257
2 26 1088.5943 0.0023
3 26 1307.482 0.0022
4 26 1508.7081 0.0038
5 26 1694.0353 0.0047
6 26 1869.0157 0.0066
7 26 2039.7164 0.0079
8 26 2206.0227 0.0084
9 26 2366.0065 0.0092
10 26 2521.1757 0.0092
11 26 2674.32 0.009
12 26 2826.5107 0.0082
13 26 2977.3487 0.0079
14 26 3126.8205 0.0091
15 26 3275.3027 0.0121
16 26 3423.205 0.0149
17 26 3570.8188 0.0194
18 26 3718.2644 0.0242
19 26 3865.2084 0.0309
20 26 4011.8979 0.0417
21 26 4158.6849 0.055
22 26 4305.0463 0.0744
23 26 4451.2562 0.1
2 27 1104.3879 0.0032
3 27 1325.2229 0.0031
4 27 1527.5543 0.0046
5 27 1713.5775 0.0047
6 27 1889.7458 0.0064
7 27 2062.0371 0.0071
8 27 2229.7014 0.0083
9 27 2390.9265 0.0092
10 27 2547.4991 0.009
11 27 2702.0175 0.0084
12 27 2855.3022 0.0079
13 27 3006.9548 0.0079
14 27 3157.1532 0.0093
15 27 3306.3947 0.0123
16 27 3455.08 0.0158
17 27 3603.3744 0.0205
18 27 3751.3704 0.0254
19 27 3898.9245 0.0324
20 27 4046.2372 0.0451
21 27 4193.414 0.0597
22 27 4340.279 0.0805
23 27 4487.2276 0.1068
3 28 1342.6529 0.0023
4 28 1546.0374 0.0034
5 28 1732.741 0.0056
6 28 1910.1292 0.0067
7 28 2083.899 0.0075
8 28 2252.7862 0.0083
9 28 2415.2924 0.0092
10 28 2573.3288 0.0091
11 28 2729.2631 0.0081
12 28 2883.6457 0.0078
13 28 3036.1309 0.0083
14 28 3187.1103 0.0095
15 28 3337.1458 0.0125
16 28 3486.6447 0.0162
17 28 3635.5931 0.0208
18 28 3784.1481 0.0263
19 28 3932.4035 0.0353
20 28 4080.2057 0.0468
21 28 4227.8421 0.063
22 28 4375.2234 0.0856
23 28 4522.2768 0.1127
2 29 1135.1721 0.002
3 29 1359.773 0.0028
4 29 1564.1421 0.0035
5 29 1751.5539 0.0053
6 29 1930.1804 0.0062
7 29 2105.3079 0.0073
8 29 2275.2996 0.0081
9 29 2439.0148 0.0091
10 29 2598.611 0.0089
11 29 2756.1083 0.0082
12 29 2911.5638 0.008
13 29 3064.915 0.0083
14 29 3216.6557 0.0101
15 29 3367.5272 0.0128
16 29 3517.8012 0.0166
17 29 3667.4631 0.0214
18 29 3816.6291 0.0276
19 29 3965.5646 0.0366
20 29 4113.9647 0.0506
21 29 4261.996 0.0688
22 29 4409.7035 0.0926
2 30 1150.1886 0.002
3 30 1376.6104 0.0025
4 30 1581.8968 0.0037
5 30 1770.0417 0.0053
6 30 1949.9419 0.0067
7 30 2126.3363 0.0075
8 30 2297.3192 0.0086
9 30 2462.2234 0.009
10 30 2623.4357 0.0087
11 30 2782.4203 0.0081
12 30 2939.0182 0.0077
13 30 3093.2585 0.0085
14 30 3245.8832 0.0106
15 30 3397.5507 0.013
16 30 3548.613 0.0175
17 30 3698.9749 0.0224
18 30 3848.788 0.0285
19 30 3998.2233 0.039
20 30 4147.309 0.0525
21 30 4295.9119 0.0715
22 30 4444.2612 0.0968
1 31 907.5603 0.0012
2 31 1164.9732 0.002
3 31 1393.1551 0.0025
4 31 1599.3286 0.0038
5 31 1788.2472 0.0052
6 31 1969.4145 0.0069
7 31 2147.0065 0.0077
8 31 2318.8898 0.0084
9 31 2484.9552 0.0088
10 31 2647.7526 0.0086
11 31 2808.282 0.0077
12 31 2966.0575 0.0075
13 31 3121.2226 0.0087
14 31 3274.7077 0.0112
15 31 3427.24 0.0137
16 31 3579.0432 0.0181
17 31 3730.1419 0.0234
18 31 3880.5426 0.0306
19 31 4030.6421 0.0416
20 31 4180.3695 0.0583
21 31 4329.4499 0.0768
22 31 4478.1609 0.1038
2 32 1179.5323 0.0028
3 32 1409.4235 0.0026
4 32 1616.4344 0.0037
5 32 1806.1661 0.0056
6 32 1988.6346 0.0068
7 32 2167.3212 0.0079
8 32 2339.9999 0.0085
9 32 2507.2368 0.0089
10 32 2671.5777 0.0086
11 32 2833.6503 0.0075
12 32 2992.6058 0.0076
13 32 3148.7729 0.0087
14 32 3303.1906 0.0115
15 32 3456.5633 0.0144
16 32 3609.1914 0.0191
17 32 3760.9919 0.0245
18 32 3912.1154 0.0322
19 32 4062.7937 0.0432
20 32 4213.0174 0.0606
21 32 4362.9108 0.0816
3 33 1425.4175 0.0026
4 33 1633.2285 0.0042
5 33 1823.8413 0.0053
6 33 2007.5963 0.0067
7 33 2187.3071 0.0076
8 33 2360.7908 0.0087
9 33 2529.0773 0.0089
10 33 2694.9607 0.0084
11 33 2858.4784 0.0077
12 33 3018.7244 0.0075
13 33 3175.9589 0.0089
14 33 3331.3312 0.0118
15 33 3485.5913 0.0152
16 33 3639.0054 0.0197
17 33 3791.506 0.0257
18 33 3943.351 0.0343
19 33 4094.6635 0.0465
20 33 4245.4525 0.0641
21 33 4395.7641 0.0868
2 34 1207.9995 0.0019
3 34 1441.1445 0.0028
4 34 1649.7243 0.004
5 34 1841.2464 0.0056
6 34 2026.3266 0.0069
7 34 2206.9968 0.0077
8 34 2381.1904 0.0087
9 34 2550.6025 0.0087
10 34 2717.9121 0.008
11 34 2882.8522 0.0074
12 34 3044.348 0.0076
13 34 3202.719 0.0093
14 34 3359.0903 0.0121
15 34 3514.2719 0.0159
16 34 3668.4942 0.0206
17 34 3821.7356 0.0264
18 34 3974.288 0.0361
19 34 4126.1281 0.0493
20 34 4277.5126 0.0685
21 34 4428.4051 0.093
2 35 1221.926 0.0021
3 35 1456.62 0.003
4 35 1665.9469 0.0038
5 35 1858.4443 0.0055
6 35 2044.8001 0.0068
7 35 2226.3867 0.0078
8 35 2401.284 0.0085
9 35 2571.7944 0.0087
10 35 2740.4563 0.0084
11 35 2906.755 0.0075
12 35 3069.5045 0.0079
13 35 3229.0461 0.0098
14 35 3386.4775 0.0124
15 35 3542.6 0.0165
16 35 3697.5996 0.0211
17 35 3851.6742 0.0281
18 35 4004.8608 0.038
19 35 4157.5038 0.0519
20 35 4309.2148 0.0726
1 36 966.2864 0.0015
2 36 1235.6592 0.002
3 36 1471.8444 0.0031
4 36 1681.8951 0.0043
5 36 1875.4139 0.006
6 36 2063.083 0.0068
7 36 2245.4766 0.0078
8 36 2421.091 0.0085
9 36 2592.6785 0.0083
10 36 2762.6468 0.0076
11 36 2930.1901 0.0075
12 36 3094.1935 0.0079
13 36 3254.9756 0.0101
14 36 3413.5321 0.0127
15 36 3570.6064 0.0171
16 36 3726.4721 0.0221
17 36 3881.2409 0.0298
18 36 4035.123 0.0418
19 36 4188.2528 0.056
20 36 4340.8893 0.0775
1 37 977.5152 0.0039
2 37 1249.1943 0.0023
3 37 1486.8142 0.003
4 37 1697.5936 0.0046
5 37 1892.1894 0.0056
6 37 2081.116 0.0068
7 37 2264.3051 0.0081
8 37 2440.6249 0.0088
9 37 2613.3007 0.0081
10 37 2784.4875 0.0077
11 37 2953.1916 0.0073
12 37 3118.4272 0.0083
13 37 3280.4885 0.0105
14 37 3440.2501 0.0131
15 37 3598.2931 0.0175
16 37 3754.9501 0.0231
17 37 3910.5728 0.0314
18 37 4065.1349 0.0437
19 37 4219.0209 0.0606
1 38 988.5751 0.0027
2 38 1262.5578 0.0019
3 38 1501.5475 0.0029
4 38 1713.0409 0.0046
5 38 1908.7923 0.0057
6 38 2098.9391 0.0067
7 38 2282.8785 0.0078
8 38 2459.937 0.0084
9 38 2633.6578 0.0083
10 38 2805.9817 0.0077
11 38 2975.8036 0.0073
12 38 3142.245 0.0083
13 38 3305.589 0.0106
14 38 3466.5713 0.0136
15 38 3625.5719 0.0183
16 38 3783.1667 0.0243
17 38 3939.4618 0.0331
18 38 4094.8744 0.0468
19 38 4249.4096 0.065
20 38 4403.184 0.0864
1 39 999.4935 0.0033
2 39 1275.7315 0.0021
3 39 1516.0492 0.0032
4 39 1728.2563 0.0045
5 39 1925.181 0.0059
6 39 2116.5461 0.007
7 39 2301.2036 0.0079
8 39 2479.0031 0.0086
9 39 2653.8058 0.008
10 39 2827.2241 0.0073
11 39 2998.068 0.0072
12 39 3165.6062 0.0086
13 39 3330.2542 0.0108
14 39 3492.4982 0.0147
15 39 3652.5497 0.0192
16 39 3810.9994 0.025
17 39 3968.1403 0.0356
18 39 4124.2832 0.0498
19 39 4279.3545 0.0679
1 40 1010.2585 0.0021
2 40 1288.7342 0.0022
3 40 1530.3189 0.0031
4 40 1743.2542 0.0047
5 40 1941.3957 0.0058
6 40 2133.9077 0.007
7 40 2319.2797 0.008
8 40 2497.869 0.0085
9 40 2673.7161 0.008
10 40 2848.1773 0.0073
11 40 3019.9775 0.0072
12 40 3188.6012 0.0089
13 40 3354.5232 0.0113
14 40 3517.9989 0.0152
15 40 3679.1974 0.0199
16 40 3838.516 0.0269
17 40 3996.5741 0.0378
18 40 4153.3977 0.0528
1 41 1020.8745 0.0174
2 41 1301.5681 0.0021
3 41 1544.3648 0.0033
4 41 1758.0285 0.0047
5 41 1957.4333 0.0063
6 41 2151.1088 0.0069
7 41 2337.1474 0.008
8 41 2516.5012 0.0084
9 41 2693.4663 0.0081
10 41 2868.8671 0.0072
11 41 3041.5521 0.0073
12 41 3211.231 0.0092
13 41 3378.4047 0.0115
14 41 3543.1627 0.0157
15 41 3705.508 0.0211
16 41 3865.7089 0.0287
17 41 4024.6047 0.0395
18 41 4182.1012 0.0563
1 42 1031.3718 0.0023
2 42 1314.2329 0.0026
3 42 1558.1895 0.0034
4 42 1772.6287 0.0048
5 42 1973.3181 0.0061
6 42 2168.0991 0.007
7 42 2354.7817 0.0082
8 42 2534.9923 0.0083
9 42 2712.9723 0.0076
10 42 2889.3205 0.0072
11 42 3062.8547 0.0074
12 42 3233.5341 0.0095
13 42 3401.8804 0.0117
14 42 3567.8721 0.0166
15 42 3731.3468 0.0218
16 42 3892.6068 0.0306
17 42 4052.3373 0.0433
18 42 4210.8499 0.0599
1 43 1041.7065 0.0023
2 43 1326.7365 0.0024
3 43 1571.8093 0.0032
4 43 1787.0225 0.0048
5 43 1989.0319 0.0062
6 43 2184.8281 0.0071
7 43 2372.1887 0.0079
8 43 2553.2731 0.0083
9 43 2732.3209 0.0075
10 43 2909.5492 0.0071
11 43 3083.8869 0.0076
12 43 3255.5373 0.0096
13 43 3425.0043 0.0123
14 43 3592.2174 0.0174
15 43 3756.9237 0.023
16 43 3919.2746 0.0322
17 43 4079.7953 0.0456
18 43 4238.9363 0.0642
1 44 1051.931 0.0023
2 44 1339.0808 0.0021
3 44 1585.2086 0.0033
4 44 1801.243 0.0049
5 44 2004.5832 0.0059
6 44 2201.4255 0.007
7 44 2389.4069 0.008
8 44 2571.4059 0.0084
9 44 2751.4779 0.0074
10 44 2929.5632 0.0069
11 44 3104.6937 0.0077
12 44 3277.2377 0.0096
13 44 3447.8052 0.0126
14 44 3616.207 0.0176
15 44 3782.0929 0.0244
16 44 3945.4551 0.0348
17 44 4106.9028 0.0492
1 45 1062.0246 0.0016
2 45 1351.2658 0.0024
3 45 1598.4156 0.0035
4 45 1815.2851 0.0051
5 45 2019.9798 0.0062
6 45 2217.7606 0.0074
7 45 2406.4326 0.008
8 45 2589.3884 0.008
9 45 2770.4671 0.0073
10 45 2949.3653 0.0071
11 45 3125.2529 0.0078
12 45 3298.6938 0.01
13 45 3470.2773 0.0135
14 45 3639.8239 0.0186
15 45 3806.849 0.0261
16 45 3971.3641 0.0376
17 45 4133.6743 0.0523
1 46 1071.998 0.0017
2 46 1363.3038 0.0022
3 46 1611.4276 0.0036
4 46 1829.177 0.0054
5 46 2035.219 0.0063
6 46 2233.9053 0.0071
7 46 2423.2701 0.0081
8 46 2607.1796 0.008
9 46 2789.2971 0.0071
10 46 2968.9682 0.0072
11 46 3145.5997 0.008
12 46 3319.9433 0.0101
13 46 3492.5283 0.0141
14 46 3663.1193 0.0197
15 46 3831.2632 0.0276
16 46 3996.9345 0.0397
1 47 1081.8607 0.0017
2 47 1375.1861 0.0026
3 47 1624.2387 0.0037
4 47 1842.9064 0.0053
5 47 2050.3139 0.0061
6 47 2249.9082 0.0073
7 47 2439.9248 0.0081
8 47 2624.8434 0.0079
9 47 2807.9131 0.0072
10 47 2988.3906 0.007
11 47 3165.7621 0.0083
12 47 3340.9643 0.0104
13 47 3514.4858 0.0146
14 47 3686.0569 0.0205
15 47 3855.314 0.0293
16 47 4022.0551 0.0427
1 48 1091.6092 0.002
2 48 1386.9232 0.0026
3 48 1636.8727 0.0038
4 48 1856.5108 0.0054
5 48 2065.239 0.0064
6 48 2265.6825 0.0073
7 48 2456.4245 0.0081
8 48 2642.3451 0.0076
9 48 2826.4133 0.0071
10 48 3007.6044 0.0068
11 48 3185.7143 0.0084
12 48 3361.7254 0.0107
13 48 3536.1609 0.0152
14 48 3708.6958 0.0215
15 48 3878.9908 0.0317
16 48 4046.9441 0.0457
1 49 1101.2444 0.0017
2 49 1398.5174 0.0024
3 49 1649.3344 0.0037
4 49 1869.9547 0.0051
5 49 2080.0234 0.0064
6 49 2281.2951 0.0074
7 49 2472.7722 0.008
8 49 2659.735 0.0075
9 49 2844.7243 0.0069
10 49 3026.6603 0.0071
11 49 3205.5333 0.0087
12 49 3382.339 0.0109
13 49 3557.6039 0.0159
14 49 3731.063 0.0229
15 49 3902.3607 0.0342
16 49 4071.3873 0.0491
1 50 1110.7793 0.002
2 50 1409.969 0.0025
3 50 1661.6089 0.0039
4 50 1883.2649 0.0055
5 50 2094.6459 0.0065
6 50 2296.7069 0.0075
7 50 2488.9653 0.0078
8 50 2676.9845 0.0075
9 50 2862.8899 0.0067
10 50 3045.5458 0.0073
11 50 3225.1514 0.0087
12 50 3402.7619 0.0114
13 50 3578.8696 0.0165
14 50 3753.2265 0.0239
15 50 3925.508 0.0361
1 51 1120.2109 0.002
2 51 1421.2746 0.0025
3 51 1673.7255 0.004
4 51 1896.4608 0.0054
5 51 2109.1384 0.0064
6 51 2311.9818 0.0075
7 51 2504.9948 0.0079
8 51 2694.0508 0.0075
9 51 2880.8728 0.0068
10 51 3064.2612 0.0071
11 51 3244.6056 0.009
12 51 3423.0072 0.0119
13 51 3599.9098 0.0172
14 51 3775.0842 0.0256
15 51 3948.2939 0.0384
1 52 1129.5379 0.002
2 52 1432.4552 0.0025
3 52 1685.6719 0.0041
4 52 1909.5218 0.0055
5 52 2123.4799 0.0065
6 52 2327.0474 0.0076
7 52 2520.9132 0.0077
8 52 2711.0114 0.0072
9 52 2898.7296 0.0067
10 52 3082.8144 0.0074
11 52 3263.8991 0.009
12 52 3443.1124 0.0122
13 52 3620.7878 0.0179
14 52 3796.7474 0.0271
15 52 3970.9177 0.0413
1 53 1138.7656 0.0024
2 53 1443.4836 0.0025
3 53 1697.4613 0.0043
4 53 1922.4708 0.0054
5 53 2137.6565 0.0067
6 53 2341.9658 0.0072
7 53 2536.6779 0.0078
8 53 2727.855 0.0073
9 53 2916.3903 0.0068
10 53 3101.2175 0.0074
11 53 3283.0663 0.0092
12 53 3463.0446 0.0128
13 53 3641.4958 0.0187
14 53 3818.1628 0.029
15 53 3993.0849 0.044
1 54 1147.9001 0.0021
2 54 1454.3879 0.0028
3 54 1709.1207 0.0042
4 54 1935.2965 0.0057
5 54 2151.722 0.0066
6 54 2356.718 0.0075
7 54 2552.3091 0.0079
8 54 2744.5523 0.0072
9 54 2933.9405 0.0066
10 54 3119.4851 0.0072
11 54 3302.0779 0.0094
12 54 3482.8213 0.0132
13 54 3662.0122 0.0202
14 54 3839.5072 0.0307
2 55 1465.1598 0.0028
3 55 1720.6236 0.0041
4 55 1948.0291 0.0056
5 55 2165.6183 0.0066
6 55 2371.3145 0.0076
7 55 2567.83 0.0078
8 55 2761.1108 0.0071
9 55 2951.3381 0.0065
10 55 3137.5899 0.0076
11 55 3320.9329 0.0095
12 55 3502.4615 0.0137
13 55 3682.3366 0.0204
14 55 3860.4234 0.0309
1 56 1165.8949 0.0018
2 56 1475.7969 0.0026
3 56 1731.9747 0.0043
4 56 1960.6201 0.0058
5 56 2179.3715 0.0067
6 56 2385.7661 0.0077
7 56 2583.2486 0.0077
8 56 2777.5811 0.007
9 56 2968.5743 0.0066
10 56 3155.5466 0.0077
11 56 3339.6568 0.0097
12 56 3521.9545 0.0144
13 56 3702.5423 0.0223
1 57 1174.76 0.0017
2 57 1486.3124 0.0028
3 57 1743.204 0.0043
4 57 1973.1361 0.0056
5 57 2193.0193 0.0067
6 57 2400.0664 0.0076
7 57 2598.5179 0.0075
8 57 2793.8849 0.0068
9 57 2985.678 0.0067
10 57 3173.3656 0.0078
11 57 3358.2784 0.0099
12 57 3541.3041 0.0148
13 57 3722.6831 0.0225
14 57 3902.2701 0.0343
1 58 1183.5454 0.0018
2 58 1496.6966 0.0028
3 58 1754.2994 0.0044
4 58 1985.5512 0.0056
5 58 2206.479 0.0067
6 58 2414.2617 0.0076
7 58 2613.7012 0.0075
8 58 2810.0851 0.0069
9 58 3002.6601 0.0067
10 58 3191.0607 0.008
11 58 3376.7378 0.0103
12 58 3560.5623 0.0156
13 58 3742.5244 0.0244
1 59 1192.2423 0.0016
2 59 1506.96 0.0031
3 59 1765.267 0.0044
4 59 1997.8306 0.0056
5 59 2219.8359 0.0068
6 59 2428.3014 0.0076
7 59 2628.7658 0.0076
8 59 2826.1489 0.0068
9 59 3019.4748 0.0067
10 59 3208.6349 0.0082
11 59 3395.0859 0.0107
12 59 3579.608 0.0162
13 59 3762.2963 0.0256
14 59 3943.1838 0.0386
1 60 1200.8554 0.0022
2 60 1517.1004 0.0031
3 60 1776.1321 0.0043
4 60 2010.0229 0.0059
5 60 2233.0248 0.0068
6 60 2442.2087 0.0076
7 60 2643.7063 0.0074
8 60 2842.0762 0.0067
9 60 3036.1581 0.0068
10 60 3226.069 0.0084
11 60 3413.3058 0.0111
12 60 3598.6329 0.0169
13 60 3781.9271 0.0268
1 61 1209.3911 0.0018
2 61 1527.1174 0.003
3 61 1786.8473 0.005
4 61 2022.1171 0.0061
5 61 2246.0889 0.0073
6 61 2456.0053 0.0077
7 61 2658.5499 0.0073
8 61 2857.897 0.0068
9 61 3052.7426 0.0068
10 61 3243.3765 0.0082
11 61 3431.4103 0.0115
12 61 3617.4379 0.0178
13 61 3801.5032 0.029
1 62 1217.8473 0.0018
2 62 1537.0156 0.0032
3 62 1797.4825 0.0049
4 62 2034.1055 0.0061
5 62 2259.0388 0.0072
6 62 2469.6875 0.0076
7 62 2673.3078 0.0071
8 62 2873.6054 0.0068
9 62 3069.1846 0.007
10 62 3260.5785 0.0083
11 62 3449.374 0.0118
12 62 3636.1557 0.0183
13 62 3820.8264 0.028
1 63 1226.2314 0.002
2 63 1546.7998 0.0033
3 63 1808.0145 0.0049
4 63 2046.0086 0.0062
5 63 2271.8417 0.0073
6 63 2483.2568 0.0078
7 63 2687.9594 0.0071
8 63 2889.1725 0.0066
9 63 3085.4908 0.0071
10 63 3277.6547 0.0085
11 63 3467.2428 0.0125
12 63 3654.7668 0.0192
1 64 1234.5366 0.002
2 64 1556.4683 0.0033
3 64 1818.425 0.0051
4 64 2057.8276 0.0061
5 64 2284.5064 0.0073
6 64 2496.7198 0.0076
7 64 2702.4998 0.0072
8 64 2904.6315 0.0066
9 64 3101.6998 0.0071
10 64 3294.634 0.0086
11 64 3484.9951 0.0129
12 64 3673.1995 0.0203
13 64 3859.2485 0.0305
1 65 1242.7759 0.002
2 65 1566.0224 0.0034
3 65 1828.7554 0.0052
4 65 2069.5321 0.0063
5 65 2297.073 0.0072
6 65 2510.0861 0.0074
7 65 2716.9619 0.0072
8 65 2919.9744 0.0066
9 65 3117.7876 0.0072
10 65 3311.4809 0.0088
11 65 3502.6257 0.0134
12 65 3691.4968 0.022
1 66 1250.9377 0.0018
2 66 1575.4658 0.0036
3 66 1838.9938 0.005
4 66 2081.1401 0.0063
5 66 2309.508 0.0073
6 66 2523.3385 0.0075
7 66 2731.3171 0.0071
8 66 2935.2131 0.0066
9 66 3133.7599 0.0071
10 66 3328.2498 0.009
11 66 3520.1482 0.0139
1 67 1259.0365 0.0021
2 67 1584.8021 0.0034
3 67 1849.1291 0.0053
4 67 2092.6592 0.0064
5 67 2321.8235 0.0073
6 67 2536.499 0.0075
7 67 2745.5564 0.0071
8 67 2950.3351 0.0067
9 67 3149.5898 0.0072
10 67 3344.8863 0.0093
11 67 3537.5531 0.0125
1 68 1267.0582 0.0021
2 68 1594.0175 0.0035
3 68 1859.1972 0.0051
4 68 2104.0659 0.0065
5 68 2334.0173 0.0074
6 68 2549.5659 0.0075
7 68 2759.7152 0.007
8 68 2965.3163 0.0066
9 68 3165.3391 0.0073
10 68 3361.4144 0.0096
11 68 3554.9235 0.012
1 69 1275.0227 0.0021
2 69 1603.1395 0.0036
3 69 1869.1689 0.0053
4 69 2115.4011 0.0065
5 69 2346.1038 0.0074
6 69 2562.5399 0.0074
7 69 2773.7835 0.0068
8 69 2980.222 0.0067
9 69 3180.9927 0.0074
10 69 3377.8551 0.01
11 69 3572.0896 0.0155
12 69 3763.8015 0.0238
1 70 1282.9093 0.002
2 70 1612.1589 0.0037
3 70 1879.0541 0.0053
4 70 2126.6374 0.0066
5 70 2358.0715 0.0074
6 70 2575.4787 0.0074
7 70 2787.7526 0.0068
8 70 2995.0109 0.0065
9 70 3196.5165 0.0075
10 70 3394.1825 0.0104
11 70 3589.1645 0.0165
1 71 1290.7388 0.0021
2 71 1621.0627 0.0038
3 71 1888.8684 0.0055
4 71 2137.7644 0.0065
5 71 2369.9379 0.0073
6 71 2588.262 0.0072
7 71 2801.6178 0.0068
8 71 3009.6989 0.0067
9 71 3211.9582 0.0076
10 71 3410.4267 0.0107
11 71 3606.2214 0.0176
12 71 3799.318 0.0276
1 72 1298.5077 0.0022
2 72 1629.8826 0.004
3 72 1898.6165 0.0053
4 72 2148.8227 0.0067
5 72 2381.7054 0.0073
6 72 2600.9958 0.0073
7 72 2815.414 0.0067
8 72 3024.2631 0.0066
9 72 3227.2926 0.0076
10 72 3426.5643 0.0111
11 72 3623.0011 0.0171
1 73 1306.2097 0.0023
2 73 1638.5989 0.0041
3 73 1908.2863 0.0055
4 73 2159.7763 0.0066
5 73 2393.3804 0.0073
6 73 2613.6477 0.0072
7 73 2829.1149 0.0067
8 73 3038.7426 0.0066
9 73 3242.5187 0.0078
10 73 3442.6144 0.0114
11 73 3639.8545 0.0241
1 74 1313.8498 0.0023
2 74 1647.217 0.0039
3 74 1917.8933 0.0055
4 74 2170.6376 0.0066
5 74 2404.9378 0.0074
6 74 2626.2202 0.0072
7 74 2842.6952 0.0067
8 74 3053.1201 0.0066
9 74 3257.6696 0.0079
10 74 3458.5659 0.012
11 74 3656.6266 0.0182
1 75 1321.4332 0.0022
2 75 1655.7495 0.0039
3 75 1927.4105 0.0056
4 75 2181.3995 0.0068
5 75 2416.4106 0.0074
6 75 2638.7065 0.0071
7 75 2856.2001 0.0066
8 75 3067.3905 0.0067
9 75 3272.738 0.0081
10 75 3474.4462 0.0123
11 75 3673.1465 0.0247
1 76 1328.9524 0.0024
2 76 1664.1789 0.0042
3 76 1936.878 0.0056
4 76 2192.0801 0.0068
5 76 2427.7694 0.0074
6 76 2651.1564 0.0071
7 76 2869.6127 0.0066
8 76 3081.5695 0.0068
9 76 3287.7068 0.0083
10 76 3490.2108 0.0129
11 76 3689.7852 0.0203
1 77 1336.4184 0.0023
2 77 1672.5313 0.0038
3 77 1946.2774 0.0056
4 77 2202.6795 0.0068
5 77 2439.0701 0.0074
6 77 2663.4811 0.0071
7 77 2882.9518 0.0066
8 77 3095.652 0.0067
9 77 3302.59 0.0086
10 77 3505.8742 0.0132
1 78 1343.8191 0.0024
2 78 1680.7757 0.004
3 78 1955.61 0.0056
4 78 2213.1691 0.0069
5 78 2450.2763 0.0074
6 78 2675.7536 0.0069
7 78 2896.1764 0.0065
8 78 3109.6372 0.0068
9 78 3317.3806 0.0086
1 79 1351.173 0.0024
2 79 1688.9422 0.0043
3 79 1964.8931 0.0056
4 79 2223.5783 0.0068
5 79 2461.3998 0.0074
6 79 2687.9554 0.0069
7 79 2909.3359 0.0065
8 79 3123.5498 0.0068
9 79 3332.0861 0.0087
10 79 3536.9993 0.0141
0 80 911.1634 0.0024
1 80 1358.4643 0.0025
2 80 1697.0299 0.0041
3 80 1974.1285 0.0055
4 80 2233.8934 0.0071
5 80 2472.4535 0.0074
6 80 2700.112 0.007
7 80 2922.3876 0.0065
8 80 3137.3803 0.0069
9 80 3346.7201 0.009
10 80 3552.4114 0.0126
0 81 916.6576 0.0012
1 81 1365.7065 0.0024
2 81 1705.0278 0.0042
3 81 1983.2668 0.0058
4 81 2244.1196 0.007
5 81 2483.4238 0.0073
6 81 2712.1638 0.007
7 81 2935.3832 0.0064
8 81 3151.0894 0.007
9 81 3361.2609 0.0097
10 81 3567.7633 0.0165
0 82 922.1333 0.0016
1 82 1372.8936 0.0025
2 82 1712.953 0.0043
3 82 1992.365 0.0059
4 82 2254.2694 0.007
5 82 2494.2876 0.0074
6 82 2724.1566 0.0069
7 82 2948.2675 0.0064
8 82 3164.7553 0.007
9 82 3375.7291 0.0099
10 82 3583.0301 0.017
0 83 927.5745 0.0028
1 83 1380.0183 0.0025
2 83 1720.8026 0.0043
3 83 2001.4207 0.0059
4 83 2264.3171 0.007
5 83 2505.1159 0.0074
6 83 2736.0837 0.0068
7 83 2961.0663 0.0064
8 83 3178.3161 0.0071
9 83 3390.0973 0.0103
10 83 3598.1536 0.0131
1 84 1387.1067 0.0025
2 84 1728.5617 0.0044
3 84 2010.3936 0.0058
4 84 2274.2995 0.007
5 84 2515.865 0.0073
6 84 2747.9258 0.0068
7 84 2973.786 0.0064
8 84 3191.7709 0.0072
9 84 3404.4071 0.0105
1 85 1394.1291 0.0025
2 85 1736.25 0.0044
3 85 2019.3117 0.0061
4 85 2284.1812 0.0071
5 85 2526.5272 0.0073
6 85 2759.7403 0.0067
7 85 2986.4406 0.0065
8 85 3205.1886 0.0073
9 85 3418.6544 0.0109
1 86 1401.109 0.0027
2 86 1743.8684 0.0044
3 86 2028.1795 0.006
4 86 2293.9789 0.007
5 86 2537.1618 0.0073
6 86 2771.4574 0.0067
7 86 2998.9904 0.0064
8 86 3218.5369 0.0074
9 86 3432.808 0.0113
0 87 949.0337 0.0034
1 87 1408.0312 0.0027
2 87 1751.4149 0.0046
3 87 2037.0236 0.0061
4 87 2303.7185 0.0071
5 87 2547.7206 0.0073
6 87 2783.121 0.0066
7 87 3011.4772 0.0064
8 87 3231.7961 0.0076
9 87 3446.8942 0.0118
0 88 954.313 0.0024
1 88 1414.9121 0.0026
2 88 1758.9116 0.0045
3 88 2045.7733 0.0061
4 88 2313.374 0.0072
5 88 2558.1983 0.0072
6 88 2794.6993 0.0066
7 88 3023.906 0.0065
8 88 3244.9715 0.0076
9 88 3460.9109 0.0125
0 89 959.5656 0.0028
1 89 1421.7373 0.0027
2 89 1766.3155 0.0047
3 89 2054.4971 0.0061
4 89 2322.9471 0.0072
5 89 2568.6266 0.0072
6 89 2806.2173 0.0067
7 89 3036.2132 0.0064
8 89 3258.0673 0.0078
9 89 3474.8537 0.013
0 90 964.7954 0.0034
1 90 1428.5147 0.0028
2 90 1773.6563 0.0047
3 90 2063.1464 0.0062
4 90 2332.4295 0.0071
5 90 2578.9975 0.0073
6 90 2817.6777 0.0065
7 90 3048.4747 0.0065
8 90 3271.1426 0.0079
9 90 3488.7006 0.0133
10 90 3702.5507 0.0166
0 91 969.9948 0.0024
1 91 1435.2447 0.0028
2 91 1780.9542 0.0047
3 91 2071.7558 0.0062
4 91 2341.8312 0.0073
5 91 2589.314 0.0073
6 91 2829.0712 0.0065
7 91 3060.6469 0.0065
8 91 3284.1057 0.0081
9 91 3502.536 0.0139
0 92 975.1522 0.0023
1 92 1441.9346 0.0028
2 92 1788.1789 0.0046
3 92 2080.3094 0.0062
4 92 2351.1912 0.0073
5 92 2599.5806 0.0072
6 92 2840.3956 0.0065
7 92 3072.7578 0.0065
8 92 3297.0011 0.0083
9 92 3516.2232 0.0145
0 93 980.296 0.003
1 93 1448.5647 0.0029
2 93 1795.3405 0.0047
3 93 2088.8073 0.0063
4 93 2360.4491 0.0073
5 93 2609.7815 0.0072
6 93 2851.6713 0.0065
7 93 3084.8078 0.0065
8 93 3309.8493 0.0086
9 93 3529.8678 0.015
0 94 985.4133 0.003
1 94 1455.1506 0.003
2 94 1802.4444 0.0047
3 94 2097.2578 0.0062
4 94 2369.6644 0.0074
5 94 2619.9326 0.0072
6 94 2862.8581 0.0064
7 94 3096.7565 0.0066
8 94 3322.6096 0.0088
9 94 3543.4972 0.0139
0 95 990.4973 0.0022
1 95 1461.6927 0.0031
2 95 1809.4915 0.0048
3 95 2105.6314 0.0064
4 95 2378.7827 0.0074
5 95 2630.052 0.0072
6 95 2873.9775 0.0065
7 95 3108.6436 0.0067
8 95 3335.3196 0.0092
9 95 3557.0344 0.0165
0 96 995.5824 0.0024
1 96 1468.1897 0.003
2 96 1816.483 0.0049
3 96 2113.9788 0.0064
4 96 2387.8439 0.0073
5 96 2640.0773 0.0071
6 96 2885.0377 0.0064
7 96 3120.477 0.0067
8 96 3347.9623 0.0097
9 96 3570.373 0.0166
0 97 1000.6026 0.0027
1 97 1474.6429 0.0031
2 97 1823.4248 0.005
3 97 2122.2678 0.0064
4 97 2396.8261 0.0074
5 97 2650.0995 0.0071
6 97 2896.0512 0.0064
7 97 3132.2289 0.0068
8 97 3360.5636 0.0098
0 98 1005.6128 0.0034
1 98 1481.052 0.0031
2 98 1830.3285 0.005
3 98 2130.5032 0.0066
4 98 2405.7653 0.0075
5 98 2660.0299 0.0071
6 98 2906.9627 0.0065
7 98 3143.9451 0.0069
8 98 3373.0637 0.0101
9 98 3597.1896 0.019
0 99 1010.5984 0.0028
1 99 1487.4127 0.003
2 99 1837.1659 0.005
3 99 2138.6989 0.0066
4 99 2414.6343 0.0075
5 99 2669.9316 0.0071
6 99 2917.843 0.0064
7 99 3155.5837 0.007
8 99 3385.5442 0.0106
9 99 3610.3475 0.0162
0 100 1015.5616 0.0031
1 100 1493.7281 0.0032
2 100 1843.9491 0.0051
3 100 2146.8182 0.0066
4 100 2423.437 0.0075
5 100 2679.7854 0.007
6 100 2928.6689 0.0064
7 100 3167.1425 0.0069
8 100 3397.9558 0.0107
0 101 1020.4995 0.0025
1 101 1500.0164 0.0034
2 101 1850.7009 0.0051
3 101 2154.9007 0.0067
4 101 2432.1845 0.0076
5 101 2689.5911 0.007
6 101 2939.4272 0.0065
7 101 3178.6725 0.0071
8 101 3410.3192 0.0114
0 102 1025.4081 0.0024
1 102 1506.244 0.0034
2 102 1857.3888 0.0051
3 102 2162.9255 0.0066
4 102 2440.8728 0.0076
5 102 2699.3417 0.007
6 102 2950.0986 0.0064
7 102 3190.1188 0.0072
8 102 3422.5597 0.0116
9 102 3649.888 0.0225
0 103 1030.3058 0.0026
1 103 1512.4355 0.0033
2 103 1864.0388 0.0052
3 103 2170.9083 0.0068
4 103 2449.5248 0.0077
5 103 2709.0553 0.007
6 103 2960.7303 0.0064
7 103 3201.5199 0.0073
8 103 3434.8193 0.0125
0 104 1035.166 0.0024
1 104 1518.5939 0.0034
2 104 1870.6605 0.0052
3 104 2178.8369 0.0068
4 104 2458.0954 0.0077
5 104 2718.734 0.007
6 104 2971.2904 0.0064
7 104 3212.8307 0.0074
8 104 3447.0048 0.0126
0 105 1040.0037 0.0032
1 105 1524.7002 0.0034
2 105 1877.2243 0.0053
3 105 2186.7102 0.0069
4 105 2466.6252 0.0078
5 105 2728.3424 0.0069
6 105 2981.8135 0.0064
7 105 3224.1372 0.0075
8 105 3459.0947 0.0133
0 106 1044.817 0.0027
1 106 1530.7702 0.0035
2 106 1883.7567 0.0054
3 106 2194.5332 0.0069
4 106 2475.087 0.0078
5 106 2737.9167 0.007
6 106 2992.2632 0.0065
7 106 3235.3573 0.0076
8 106 3471.1698 0.0134
0 107 1049.6275 0.0026
1 107 1536.7867 0.0036
2 107 1890.2384 0.0053
3 107 2202.2961 0.007
4 107 2483.5021 0.0078
5 107 2747.461 0.007
6 107 3002.665 0.0065
7 107 3246.542 0.0079
0 108 1054.404 0.0028
1 108 1542.7813 0.0036
2 108 1896.6817 0.0054
3 108 2210.0224 0.0069
4 108 2491.8734 0.0078
5 108 2756.9303 0.0068
6 108 3012.9781 0.0065
7 108 3257.6416 0.0081
8 108 3495.134 0.0146
0 109 1059.1584 0.0023
1 109 1548.7358 0.0036
2 109 1903.0944 0.0054
3 109 2217.6701 0.0071
4 109 2500.2066 0.0079
5 109 2766.3595 0.0069
6 109 3023.278 0.0065
7 109 3268.7035 0.0083
0 110 1063.8868 0.0029
1 110 1554.6417 0.0039
2 110 1909.4696 0.0055
3 110 2225.3047 0.0071
4 110 2508.4937 0.0079
5 110 2775.7664 0.0069
6 110 3033.5034 0.0066
7 110 3279.7302 0.0086
8 110 3518.9472 0.0163
0 111 1068.6026 0.0025
1 111 1560.5084 0.0036
2 111 1915.8056 0.0057
3 111 2232.8534 0.0072
4 111 2516.743 0.008
5 111 2785.1205 0.0069
6 111 3043.6741 0.0066
7 111 3290.6924 0.0089
8 111 3530.7141 0.0163
0 112 1073.2918 0.0029
1 112 1566.342 0.0038
2 112 1922.1131 0.0057
3 112 2240.3834 0.0073
4 112 2524.93 0.0079
5 112 2794.4058 0.0069
6 112 3053.7813 0.0066
7 112 3301.6147 0.009
8 112 3542.3853 0.0179
0 113 1077.9544 0.0029
1 113 1572.1256 0.0039
2 113 1928.4011 0.0056
3 113 2247.848 0.0073
4 113 2533.0837 0.008
5 113 2803.6855 0.0068
6 113 3063.8642 0.0067
7 113 3312.4632 0.0093
0 114 1082.6054 0.0025
1 114 1577.8863 0.0038
2 114 1934.6321 0.0057
3 114 2255.2567 0.0074
4 114 2541.197 0.008
5 114 2812.9015 0.0069
6 114 3073.8604 0.0067
7 114 3323.2985 0.0097
0 115 1087.2365 0.0026
1 115 1583.6004 0.0039
2 115 1940.8304 0.0058
3 115 2262.6061 0.0073
4 115 2549.2483 0.0079
5 115 2822.0571 0.0068
6 115 3083.8213 0.0068
7 115 3334.0646 0.0101
0 116 1091.8542 0.0027
1 116 1589.2676 0.0041
2 116 1947.0124 0.0057
3 116 2269.9371 0.0074
4 116 2557.2633 0.008
5 116 2831.2038 0.0069
6 116 3093.7222 0.0068
7 116 3344.7836 0.0103
0 117 1096.4415 0.0025
1 117 1594.9147 0.004
2 117 1953.1559 0.0058
3 117 2277.1887 0.0076
4 117 2565.2799 0.008
5 117 2840.2859 0.0069
6 117 3103.5693 0.0069
7 117 3355.4715 0.0109
0 118 1101.0045 0.0025
1 118 1600.5194 0.0041
2 118 1959.2634 0.006
3 118 2284.4121 0.0077
4 118 2573.2351 0.0081
5 118 2849.3277 0.0068
6 118 3113.3877 0.0069
7 118 3366.1104 0.0109
0 119 1105.5521 0.0024
1 119 1606.0977 0.0041
2 119 1965.3589 0.006
3 119 2291.5958 0.0078
4 119 2581.1391 0.0083
5 119 2858.3212 0.0068
6 119 3123.1525 0.0071
7 119 3376.694 0.0115
0 120 1110.0857 0.0026
1 120 1611.6249 0.004
2 120 1971.4144 0.0061
3 120 2298.7313 0.0077
4 120 2589.038 0.0082
5 120 2867.279 0.0068
6 120 3132.8623 0.0071
7 120 3387.2182 0.012
0 121 1114.6035 0.0025
1 121 1617.1359 0.0042
2 121 1977.4481 0.006
3 121 2305.8035 0.0078
4 121 2596.8727 0.0082
5 121 2876.1814 0.0069
6 121 3142.5318 0.0072
7 121 3397.7004 0.0122
0 122 1119.1021 0.0026
1 122 1622.5939 0.0042
2 122 1983.4571 0.0062
3 122 2312.7916 0.008
4 122 2604.6874 0.0083
5 122 2885.0524 0.0068
6 122 3152.1592 0.0072
7 122 3408.1847 0.0133
0 123 1123.5805 0.0023
1 123 1628.0243 0.0042
2 123 1989.4443 0.0062
3 123 2319.7905 0.0081
4 123 2612.4744 0.0082
5 123 2893.8844 0.0068
6 123 3161.7272 0.0075
7 123 3418.6141 0.013
0 124 1128.0424 0.0024
1 124 1633.4167 0.0042
2 124 1995.3886 0.0063
3 124 2326.7363 0.0082
4 124 2620.2018 0.0083
5 124 2902.6562 0.0069
6 124 3171.2629 0.0075
7 124 3428.9911 0.0149
0 125 1132.4761 0.0028
1 125 1638.779 0.0042
2 125 2001.325 0.0064
3 125 2333.626 0.0082
4 125 2627.9574 0.0083
5 125 2911.3959 0.0069
6 125 3180.7582 0.0078
7 125 3439.3047 0.0133
0 126 1136.9001 0.0027
1 126 1644.1041 0.0044
2 126 2007.2353 0.0064
3 126 2340.4721 0.0085
4 126 2635.6202 0.0083
5 126 2920.1043 0.0069
6 126 3190.2022 0.0078
7 126 3449.5779 0.0162
0 127 1141.3088 0.0024
1 127 1649.4011 0.0044
2 127 2013.1189 0.0065
3 127 2347.2549 0.0084
4 127 2643.2766 0.0085
5 127 2928.7484 0.0069
6 127 3199.611 0.008
7 127 3459.8069 0.0145
0 128 1145.7007 0.0024
1 128 1654.6571 0.0044
2 128 2018.9553 0.0065
3 128 2354.0167 0.0086
4 128 2650.9026 0.0083
5 128 2937.3637 0.007
6 128 3208.9478 0.0082
0 129 1150.0722 0.0022
1 129 1659.8974 0.0044
2 129 2024.8117 0.0066
3 129 2360.743 0.0086
4 129 2658.5075 0.0085
5 129 2945.9346 0.0069
6 129 3218.2714 0.0084
0 130 1154.43 0.0022
1 130 1665.092 0.0045
2 130 2030.627 0.0067
3 130 2367.3894 0.0089
4 130 2666.0516 0.0084
5 130 2954.4671 0.0071
6 130 3227.5392 0.0086
0 131 1158.7696 0.0024
1 131 1670.256 0.0045
2 131 2036.4056 0.0067
3 131 2374.0177 0.009
4 131 2673.6011 0.0083
5 131 2962.9677 0.0071
6 131 3236.8011 0.0087
7 131 3500.627 0.017
0 132 1163.0887 0.0024
1 132 1675.3852 0.0047
2 132 2042.1783 0.0068
3 132 2380.6086 0.0092
4 132 2681.1195 0.0084
5 132 2971.3982 0.007
6 132 3246.0143 0.0091
0 133 1167.3946 0.0023
1 133 1680.4776 0.0046
2 133 2047.9075 0.0068
3 133 2387.1572 0.0091
4 133 2688.5913 0.0085
5 133 2979.8093 0.0071
6 133 3255.1727 0.0093
0 134 1171.6893 0.0024
1 134 1685.5568 0.0046
2 134 2053.6612 0.007
3 134 2393.6561 0.0092
4 134 2696.0541 0.0085
5 134 2988.1747 0.0072
6 134 3264.3122 0.0096
0 135 1175.9647 0.0026
1 135 1690.5909 0.0046
2 135 2059.3423 0.007
3 135 2400.1038 0.0094
4 135 2703.473 0.0084
5 135 2996.5143 0.0071
6 135 3273.383 0.0097
0 136 1180.224 0.0025
1 136 1695.6132 0.0048
2 136 2065.0397 0.007
3 136 2406.5645 0.0095
4 136 2710.8765 0.0086
5 136 3004.7902 0.0072
6 136 3282.436 0.0101
0 137 1184.4676 0.0023
1 137 1700.5953 0.0046
2 137 2070.7112 0.0072
3 137 2412.9276 0.0097
4 137 2718.2491 0.0084
5 137 3013.0358 0.0072
6 137 3291.4533 0.0108
0 138 1188.6897 0.0024
1 138 1705.5455 0.0046
2 138 2076.3361 0.0073
3 138 2419.2883 0.0099
4 138 2725.5859 0.0084
5 138 3021.2708 0.0073
6 138 3300.4578 0.0109
0 139 1192.9124 0.0025
1 139 1710.4582 0.0049
2 139 2081.9702 0.0073
3 139 2425.5915 0.0098
4 139 2732.922 0.0086
5 139 3029.4274 0.0075
6 139 3309.3821 0.0111
0 140 1197.1085 0.0022
1 140 1715.355 0.0049
2 140 2087.5937 0.0073
3 140 2431.8849 0.0099
4 140 2740.2155 0.0086
5 140 3037.5534 0.0076
6 140 3318.3017 0.012
0 141 1201.2898 0.0026
1 141 1720.2232 0.0049
2 141 2093.1798 0.0076
3 141 2438.0898 0.0104
4 141 2747.4832 0.0085
5 141 3045.6536 0.0076
6 141 3327.2036 0.0117
0 142 1205.4587 0.0024
1 142 1725.0517 0.005
2 142 2098.7456 0.0076
3 142 2444.3232 0.0103
4 142 2754.6975 0.0085
5 142 3053.7067 0.0077
6 142 3336.0698 0.0133
0 143 1209.6123 0.0024
1 143 1729.8607 0.0049
2 143 2104.2833 0.0078
3 143 2450.4758 0.0103
4 143 2761.9354 0.0087
5 143 3061.7533 0.0078
6 143 3344.8699 0.0122
0 144 1213.7484 0.0024
1 144 1734.6343 0.0051
2 144 2109.8225 0.0078
3 144 2456.6383 0.0103
4 144 2769.1108 0.0086
5 144 3069.7391 0.0078
6 144 3353.655 0.0137
0 145 1217.8774 0.0024
1 145 1739.3851 0.0051
2 145 2115.325 0.0079
3 145 2462.6788 0.0105
4 145 2776.2666 0.0087
5 145 3077.7054 0.008
6 145 3362.3577 0.0136
0 146 1221.9879 0.0023
1 146 1744.1165 0.0051
2 146 2120.84 0.0079
4 146 2783.3939 0.0088
5 146 3085.6215 0.008
0 147 1226.0889 0.0025
1 147 1748.8286 0.0051
2 147 2126.3156 0.008
3 147 2474.8987 0.0104
4 147 2790.5125 0.0087
5 147 3093.4968 0.008
6 147 3379.7909 0.0139
0 148 1230.1768 0.0026
1 148 1753.486 0.0052
2 148 2131.7828 0.0083
3 148 2480.81 0.0106
4 148 2797.6051 0.0088
5 148 3101.3752 0.0083
0 149 1234.2404 0.0024
1 149 1758.1453 0.0052
2 149 2137.2139 0.0082
4 149 2804.6512 0.0088
5 149 3109.1695 0.0083
0 150 1238.3039 0.0023
1 150 1762.759 0.0053
2 150 2142.6191 0.0085
3 150 2492.8194 0.0118
4 150 2811.6843 0.0088
5 150 3116.9625 0.0086
6 150 3405.7689 0.0154
0 151 1242.337 0.0025
1 151 1767.3552 0.0055
2 151 2148.0487 0.0084
3 151 2498.7033 0.0115
4 151 2818.6906 0.0089
5 151 3124.7162 0.0087
0 152 1246.3681 0.0025
1 152 1771.9288 0.0054
2 152 2153.4304 0.0086
3 152 2504.5898 0.0114
4 152 2825.6798 0.009
5 152 3132.4304 0.0088
0 153 1250.3896 0.0025
1 153 1776.4635 0.0055
2 153 2158.7806 0.0088
4 153 2832.6291 0.009
5 153 3140.1169 0.0091
0 154 1254.3967 0.0024
1 154 1781.0029 0.0056
2 154 2164.1532 0.0088
4 154 2839.5506 0.009
5 154 3147.7817 0.0094
0 155 1258.3799 0.0025
1 155 1785.4835 0.0057
2 155 2169.4676 0.0089
3 155 2522.1383 0.0121
4 155 2846.4376 0.009
5 155 3155.3985 0.0093
0 156 1262.3629 0.0025
1 156 1789.962 0.0057
2 156 2174.7827 0.0092
4 156 2853.3009 0.0092
5 156 3162.9655 0.0095
0 157 1266.3243 0.0026
1 157 1794.4073 0.0059
2 157 2180.1153 0.0092
4 157 2860.1815 0.0092
5 157 3170.5531 0.0099
0 158 1270.2758 0.0026
1 158 1798.8411 0.006
2 158 2185.3785 0.0094
4 158 2866.9937 0.0091
5 158 3178.0789 0.0101
0 159 1274.2232 0.0027
1 159 1803.2478 0.0061
2 159 2190.656 0.0093
4 159 2873.8174 0.0093
5 159 3185.596 0.0104
0 160 1278.1517 0.0026
1 160 1807.6178 0.0059
2 160 2195.8754 0.0094
4 160 2880.5724 0.0094
5 160 3193.0494 0.0107
0 161 1282.0639 0.0025
1 161 1811.9573 0.0061
2 161 2201.1203 0.0101
4 161 2887.3042 0.0093
5 161 3200.4951 0.0108
0 162 1285.9693 0.0024
1 162 1816.3278 0.0063
2 162 2206.3767 0.0095
4 162 2894.0306 0.0094
5 162 3207.9011 0.0112
0 163 1289.8613 0.0027
1 163 1820.6328 0.0063
2 163 2211.5294 0.01
4 163 2900.7084 0.0096
5 163 3215.3213 0.0113
0 164 1293.7452 0.0026
1 164 1824.9272 0.0065
2 164 2216.7334 0.0105
4 164 2907.3853 0.0096
5 164 3222.6939 0.012
0 165 1297.6059 0.0028
1 165 1829.1882 0.0067
2 165 2221.9153 0.01
4 165 2914.0556 0.0097
5 165 3230.0584 0.0123
0 166 1301.4676 0.0027
1 166 1833.4355 0.0065
2 166 2227.0225 0.0104
4 166 2920.6708 0.0097
5 166 3237.3471 0.0128
0 167 1305.3071 0.0026
1 167 1837.6679 0.0066
4 167 2927.2527 0.0099
5 167 3244.6661 0.0133
0 168 1309.1455 0.0026
1 168 1841.867 0.0068
4 168 2933.7923 0.0097
5 168 3251.8833 0.0124
0 169 1312.9686 0.0027
1 169 1846.073 0.0069
4 169 2940.3565 0.0105
0 170 1316.7794 0.0027
1 170 1850.2276 0.007
4 170 2946.8813 0.0101
5 170 3266.355 0.0128
0 171 1320.574 0.0026
1 171 1854.3651 0.0071
4 171 2953.3849 0.0108
0 172 1324.3584 0.0028
1 172 1858.5005 0.0071
4 172 2959.8324 0.0102
0 173 1328.1393 0.0029
1 173 1862.5861 0.0071
4 173 2966.2582 0.0107
0 174 1331.9085 0.0028
1 174 1866.7024 0.0078
4 174 2972.6973 0.0106
0 175 1335.6685 0.0028
1 175 1870.7736 0.0073
4 175 2979.0785 0.0109
0 176 1339.4202 0.0028
1 176 1874.8167 0.0077
4 176 2985.4338 0.0112
0 177 1343.146 0.0029
1 177 1878.841 0.0077
4 177 2991.8097 0.0113
0 178 1346.8688 0.0028
1 178 1882.8464 0.0078
4 178 2998.0977 0.0105
0 179 1350.5883 0.0029
1 179 1886.8852 0.0083
0 180 1354.2907 0.003
1 180 1890.8451 0.0077
4 180 3010.6516 0.0115
0 181 1357.9814 0.0029
1 181 1894.8406 0.0087
0 182 1361.6704 0.0029
1 182 1898.7615 0.0078
0 183 1365.3388 0.0028
1 183 1902.6776 0.0087
4 183 3029.3264 0.0113
0 184 1369.0021 0.003
1 184 1906.6091 0.0081
0 185 1372.654 0.0031
1 185 1910.4794 0.0088
0 186 1376.3008 0.0031
1 186 1914.3913 0.0087
0 187 1379.9322 0.0029
1 187 1918.2392 0.0086
0 188 1383.5572 0.0033
0 189 1387.1748 0.003
1 189 1925.8784 0.0087
0 190 1390.7845 0.0032
0 191 1394.3809 0.0031
0 192 1397.9635 0.0032
0 193 1401.5352 0.0032
0 194 1405.0964 0.0033
0 195 1408.6644 0.0033
0 196 1412.2108 0.0033
0 197 1415.7498 0.0033
0 198 1419.2784 0.0034
0 199 1422.8056 0.0033
0 200 1426.3117 0.0035
0 201 1429.8125 0.0035
0 202 1433.3155 0.0036
0 203 1436.8004 0.0036
0 204 1440.2878 0.0035
0 205 1443.7506 0.0037
0 206 1447.2221 0.0036
0 207 1450.6719 0.0038
0 208 1454.1122 0.0037
0 209 1457.5499 0.0038
0 210 1460.9701 0.0036
0 211 1464.3957 0.0037
0 212 1467.8023 0.0038
0 213 1471.2137 0.0039
0 214 1474.6067 0.0038
0 215 1477.9996 0.0039
0 216 1481.372 0.004
0 217 1484.7524 0.004
0 218 1488.1078 0.0042
0 219 1491.4672 0.0042
0 220 1494.8205 0.0041
0 221 1498.1622 0.0041
0 222 1501.495 0.0043
0 223 1504.822 0.0041
0 224 1508.134 0.0042
0 225 1511.4499 0.0043
0 226 1514.7516 0.0044
0 227 1518.0468 0.0043
0 228 1521.344 0.0044
0 229 1524.6239 0.0044
0 230 1527.9077 0.0045
0 231 1531.1662 0.0045
0 232 1534.4385 0.0046
0 233 1537.6903 0.0045
0 234 1540.9359 0.0047
0 235 1544.1778 0.0048
0 236 1547.4071 0.0048
0 237 1550.6292 0.0049
0 238 1553.8437 0.005
0 239 1557.063 0.005
0 240 1560.2768 0.005
0 241 1563.4704 0.0049
0 242 1566.6555 0.0052
0 243 1569.8558 0.005
0 244 1573.0296 0.0051
0 245 1576.2021 0.0051
0 246 1579.3769 0.0052
0 247 1582.5347 0.0052
0 248 1585.6919 0.0054
0 249 1588.8384 0.0054
0 250 1591.9711 0.0055