model_number age log_g radius Y_surf tau_MS
374 1.74532342050128 3.91960718880237 2.29721198616289 0.274452820348689 1
375 1.74857924235749 3.92563917981915 2.28131406541386 0.274452820348689 1.00186545474493
376 1.75118389984246 3.92516482362215 2.28256028319695 0.274452820348688 1.00335781854087
377 1.75326762583043 3.91221294403285 2.31685148775087 0.274452820348689 1.00455170957763
378 1.75493460662081 3.89989055838136 2.34995415009373 0.274452820348688 1.00550682240703
379 1.75626819125311 3.89164846548703 2.37235913932441 0.274452820348689 1.00627091267055
380 1.75733505895895 3.88654611622615 2.38633609291903 0.274452820348689 1.00688218488137
381 1.75818855312363 3.88336541296707 2.39509068419981 0.274452820348689 1.00737120265003
382 1.75887134845537 3.88126132821062 2.40089962582192 0.274452820348689 1.00776241686495
383 1.75941758472076 3.87980750666037 2.40492155394776 0.274452820348689 1.00807538823689
384 1.75988020807194 3.87870745225965 2.40796927919763 0.274452820348689 1.00834045277779
385 1.76030982321623 3.87777630204659 2.41055206975679 0.274452820348689 1.00858660494606
386 1.76072755421526 3.87693988139185 2.41287446471942 0.274452820348689 1.00882594797792
387 1.7611432198652 3.87616388310541 2.41503109250681 0.274452820348689 1.00906410764796
388 1.76164201864512 3.87529703545696 2.41744248511241 0.274452820348689 1.009349899252
389 1.76224057718103 3.87432974820816 2.42013612261744 0.274452820348689 1.00969284917686
390 1.7627551665604 3.87353977503851 2.42233821399574 0.274452820348689 1.00998768815817
391 1.76323621703063 3.87283184110085 2.42431331905537 0.274452820348689 1.01026331069585
392 1.76370229302784 3.87217025859379 2.42616056133496 0.274452820348689 1.01053035346382
393 1.76416222033371 3.87153848861529 2.42792587615984 0.274452820348689 1.01079387327938
394 1.7646204801268 3.870927137692 2.42963535817418 0.274452820348689 1.01105643767731
395 1.76517039187851 3.87021634990327 2.43162440249022 0.274452820348689 1.01137151495482
396 1.76583028598056 3.86938987451905 2.43393923058342 0.274452820348689 1.01174960768784
397 1.76638862992354 3.86869291686393 2.43589301241823 0.274452820348689 1.01206951627121
398 1.76690348089688 3.8680641384764 2.43765701295263 0.274452820348689 1.01236450513533
399 1.76739646303691 3.86748002157685 2.43929686286356 0.274452820348689 1.01264696403907
400 1.76787851375271 3.86691407551948 2.44088675215153 0.274452820348689 1.01292315967716
401 1.76835506451224 3.86636128948565 2.44244067191106 0.274452820348689 1.01319620406191
402 1.76882877732681 3.86581914761974 2.44396563104309 0.274452820348689 1.01346762241853
403 1.76930102747336 3.86528450600607 2.44547042560626 0.274452820348689 1.01373820272531
404 1.76977246520782 3.8647571911379 2.44695550598572 0.274452820348689 1.0140083175527
405 1.77024334607684 3.86423418986005 2.44842932879113 0.274452820348689 1.01427811331862
406 1.77071373833241 3.86371606683882 2.44989027993437 0.274452820348689 1.01454762912872
407 1.77118360776698 3.86319911566331 2.45134879560309 0.274452820348689 1.01481684538346
408 1.7716528466842 3.86268982963903 2.45278653406001 0.274452820348689 1.01508570037716
409 1.77212133031623 3.86218552331454 2.45421104550743 0.274452820348689 1.01535412262288
410 1.77258895878244 3.86168395266612 2.45562865010175 0.274452820348689 1.01562205489303
411 1.77315011294189 3.86108800596968 2.45731405711434 0.274452820348689 1.01594357361721
412 1.77382349793323 3.86037616945434 2.45932873023298 0.274452820348689 1.01632939608624
413 1.77463155992284 3.85952754774615 2.46173269770028 0.274452820348689 1.01679238304906
414 1.77560123431037 3.8585100255677 2.46461822293498 0.274452820348689 1.01734796740445
415 1.7767648435754 3.85730355946014 2.46804394500657 0.274452820348689 1.01801466863093
416 1.77816117469344 3.85586806798937 2.47212618111683 0.274452820348689 1.01881471010269
417 1.77983677203509 3.85415774983609 2.47699878247713 0.274452820348689 1.01977475986881
418 1.78184748884507 3.85211587984259 2.48282853528961 0.274452820348689 1.02092681958815
419 1.78426034901705 3.84967292162323 2.48982146790531 0.274452820348689 1.02230929125135
420 1.78715578122342 3.84674247999419 2.49823580277375 0.274452820348689 1.0239682572472
421 1.79036923217353 3.84347065567333 2.50766397072379 0.274452820348689 1.02580943517008
422 1.79373763523326 3.84001067322615 2.51767305190143 0.274452820348689 1.02773939440868
423 1.79716108897444 3.83644442154172 2.52803136137492 0.274452820348689 1.02970089546972
424 1.80057957583441 3.83281183207166 2.5386261655466 0.274452820348689 1.03165955070795
425 1.80395119102189 3.82917204217194 2.54928650479827 0.274452820348689 1.03359135036633
426 1.80724537574259 3.82554106782556 2.55996562759355 0.274452820348689 1.03547878548695
427 1.81045601857169 3.82192433591837 2.57064733411101 0.274452820348689 1.03731835446963
428 1.81357379156023 3.8183324110576 2.58129988768148 0.274452820348689 1.03910471277544
429 1.8165904308581 3.81478817091784 2.59185429028784 0.274452820348689 1.04083312555123
430 1.8195101191483 3.81128242509111 2.60233651420205 0.274452820348689 1.04250598930582
431 1.82233091263098 3.80781798214733 2.61273688828633 0.274452820348689 1.04412219032022
432 1.82505161455971 3.80441799082544 2.62298418835354 0.274452820348689 1.04568104290695
433 1.82767874105676 3.80106837397187 2.63311896476691 0.274452820348689 1.04718628054154
434 1.83021721919285 3.79776653068258 2.64314751960171 0.274452820348689 1.04864072623697
435 1.83267181017519 3.79450002387206 2.65310633188659 0.274452820348689 1.05004710797316
436 1.83504526756427 3.7912869556122 2.66293882873353 0.274452820348689 1.05140700342932
437 1.83734383663782 3.78812797000663 2.67264134804906 0.274452820348689 1.05272399089798
438 1.83957290697399 3.78501047193893 2.68225109997674 0.274452820348689 1.05400115839026
439 1.84173379703589 3.78193893893081 2.69175295547396 0.274452820348689 1.05523926133239
440 1.84382896117691 3.77891194989713 2.70114994420853 0.274452820348689 1.05643970596999
441 1.84586105639046 3.77593062288871 2.71043724572884 0.274452820348689 1.05760401465323
442 1.84783415792693 3.77297887605627 2.71966385864776 0.274452820348689 1.05873452233639
443 1.84975101231702 3.77008672610248 2.72873464562542 0.274452820348689 1.05983280267089
444 1.85161411647144 3.76723032487937 2.73772300657782 0.274452820348689 1.06090028628599
445 1.85342725409883 3.76437563103556 2.74673557564716 0.274452820348689 1.06193914109426
446 1.855188796258 3.76159876155408 2.75553091124866 0.274452820348689 1.06294843377806
447 1.85690055395194 3.7588721981279 2.764194311997 0.274452820348689 1.06392920196912
448 1.85856775195505 3.75617492879314 2.77279143358118 0.274452820348689 1.06488443925267
449 1.86019052865487 3.75352701518128 2.78125725017211 0.274452820348689 1.06581422491919
450 1.86176992487091 3.7509213996558 2.7896130639692 0.274452820348689 1.06671915531632
451 1.86330774951441 3.74835424226337 2.79787009857475 0.274452820348689 1.06760026687732
452 1.86480804462385 3.74581764420927 2.80605284699126 0.274452820348689 1.0684598755274
453 1.86627300253469 3.74332945019919 2.81410270048278 0.274452820348689 1.06929923738643
454 1.86770314589357 3.74087633621387 2.82206166900773 0.274452820348689 1.07011865190988
455 1.86909978388743 3.73846422238206 2.82990956357791 0.274452820348689 1.07091886920912
456 1.87046373327286 3.73608546688426 2.83767029903095 0.274452820348689 1.07170035725278
457 1.8717963837445 3.73374493007655 2.84532711781295 0.274452820348689 1.07246391227988
458 1.87309873830213 3.73142886986148 2.85292420107416 0.274452820348689 1.07321010896889
459 1.87437238821242 3.7291564654711 2.86039779971172 0.274452820348689 1.07393985905149
460 1.87561689703851 3.72692837399959 2.86774466854986 0.274452820348689 1.07465291246697
461 1.87683269291532 3.72473788357715 2.87498594737678 0.274452820348689 1.07534951451936
462 1.87802318567067 3.72258772115039 2.88211169340217 0.274452820348689 1.07603161890263
463 1.87919094143503 3.72046273628674 2.88917135194571 0.274452820348689 1.07670069590615
464 1.88033668764868 3.71836666254216 2.89615190246957 0.27445282034869 1.07735716232389
465 1.881459371818 3.71631422500552 2.90300347388773 0.274452820348691 1.07800041511941
466 1.88256010893612 3.71429455155807 2.9097614930773 0.274452820348691 1.07863109313884
467 1.88364038240776 3.71231952726424 2.91638532611513 0.274452820348693 1.07925004631334
468 1.8847007257741 3.71035883712544 2.92297600006138 0.274452820348695 1.07985758034049
469 1.88574082527885 3.70843715530945 2.92945000359576 0.274452820348697 1.08045351545059
470 1.88676040552807 3.70654846822781 2.93582682201485 0.274452820348701 1.08103769385399
471 1.88776005322307 3.70468615453344 2.94212818685517 0.274452820348705 1.08161045170693
472 1.88874178504593 3.70288439459018 2.94823753295658 0.274452820348712 1.08217294448696
473 1.88970741210525 3.70111557934309 2.95424751142117 0.27445282034872 1.08272620988636
474 1.89065610361903 3.69937866227953 2.96016102985224 0.274452820348729 1.08326977190051
475 1.89158740980473 3.69765759580069 2.96603225876725 0.274452820348748 1.08380337282212
476 1.89250181937974 3.69599471689963 2.97171604809396 0.274452820348766 1.08432729266659
477 1.89340055120303 3.69437046829454 2.97727831251292 0.274452820348803 1.08484222979098
478 1.89428382652328 3.69277931886099 2.98273732318764 0.274452820348838 1.08534831096188
479 1.89515144138065 3.69122373141258 2.98808400188977 0.274452820348882 1.08584541931852
480 1.89600433457953 3.68967521395871 2.99341589932922 0.274452820348974 1.08633409275799
481 1.89684434821945 3.68819598032923 2.99851812174781 0.274452820349058 1.0868153867291
482 1.89767194305524 3.68675122293064 3.00350982244918 0.274452820349167 1.0872895652258
483 1.89848781878319 3.68534570038366 3.00837393924386 0.274452820349307 1.08775702914588
484 1.89929320776143 3.683945990211 3.01322576956598 0.2744528203496 1.08821848458089
485 1.90008642639472 3.68260550019434 3.01787965958156 0.274452820349868 1.08867296689859
486 1.90086806313041 3.68128409079804 3.02247434091322 0.274452820350213 1.0891208132556
487 1.90163879017151 3.68001212500844 3.02690370904559 0.27445282035066 1.08956240879718
488 1.90239935473852 3.67878243686975 3.03119202465456 0.274452820351237 1.08999818165056
489 1.9031523727156 3.67758544228644 3.03537216257061 0.2744528203522 1.09042963061195
490 1.90389812070114 3.67641714145104 3.0394576552356 0.274452820353524 1.09085691416111
491 1.90463593479895 3.67528510919668 3.04342156382043 0.274452820354933 1.09127965191226
492 1.90536621192453 3.6741835360296 3.04728377998689 0.27445282035675 1.09169807128199
493 1.90608976167127 3.67312559571996 3.05099762922604 0.274452820359093 1.0921126361347
494 1.90680666898648 3.67210742516166 3.05457614277122 0.274452820362114 1.09252339514176
495 1.90751661401438 3.67111794764078 3.05805783175709 0.274452820366009 1.0929301650387
496 1.90821971273204 3.67017700977069 3.06137240477712 0.274452820374057 1.09333301227573
497 1.90891677536678 3.66926156502956 3.06460062290275 0.274452820381398 1.09373240108043
498 1.90960847915456 3.66837556773929 3.0677282393648 0.274452820390849 1.09412871948175
499 1.91029490545005 3.66752434638651 3.07073610137991 0.274452820403017 1.09452201409261
500 1.91097677257116 3.66673423666214 3.07353065944152 0.274452820418675 1.09491269648023
501 1.91165488717633 3.66597728520913 3.07621032454943 0.274452820438813 1.09530122882742
502 1.91232964992468 3.66525136561964 3.07878232906856 0.274452820464701 1.0956878406957
503 1.91300042112653 3.66457597983411 3.08117721841297 0.274452820497965 1.09607216556865
504 1.91366682983406 3.66394208543047 3.08342667580802 0.274452820540662 1.09645399090813
505 1.91432959883878 3.66335070693621 3.08552674062215 0.274452820619804 1.09683373084454
506 1.91498894241417 3.66279221362349 3.08751133892552 0.274452820675913 1.09721150814796
507 1.91564483562141 3.66227940011824 3.08933473878926 0.274452820824185 1.09758730852945
508 1.91629731539315 3.66180689875971 3.09101575481299 0.274452820939809 1.09796115314992
509 1.91694729329539 3.66136674543642 3.09258250927395 0.274452821106205 1.09833356429997
510 1.9175949625226 3.66096575608925 3.0940105482951 0.274452821380391 1.09870465267225
511 1.91824041132569 3.66062609222191 3.09522070539144 0.274452821668321 1.09907446883097
512 1.91888435173185 3.66032361710459 3.09629876454092 0.274452822035021 1.09944342073902
513 1.91952704100766 3.66006508951426 3.09722048681842 0.27445282250144 1.09981165579979
514 1.92016848371658 3.65984320198971 3.09801179594451 0.274452823093898 1.10017917662795
515 1.92080917922424 3.65966299358977 3.09865461514984 0.274452823845412 1.1005462693399
516 1.92144963973131 3.65952265252633 3.09915531644304 0.274452824540019 1.10091322740598
517 1.92208977918371 3.65940650464371 3.09956976379498 0.27445282600173 1.10128000152067
518 1.92272918451651 3.65933674571218 3.09981870934564 0.274452827522858 1.1016463550144
519 1.92336720931197 3.65930998420775 3.09991421722513 0.274452829441844 1.10201191751587
520 1.92400535885857 3.65931328391244 3.09990244090461 0.274452831859556 1.10237755149471
521 1.92464479040089 3.65934557075518 3.09978721470827 0.274452834901585 1.10274392000545
522 1.9252850846203 3.65942746323381 3.09949497372612 0.27445283872405 1.10311078279539
523 1.92592613550314 3.65954764298086 3.09906615092393 0.274452843520702 1.103478079123
524 1.92656778302782 3.65964054817852 3.0987346892455 0.274452849531647 1.10384571730235
525 1.92720983472949 3.65979880910361 3.09817013689184 0.274452857054069 1.10421358705882
526 1.92785125842243 3.6600058132044 3.09743186190334 0.274452866455378 1.1045810969916
527 1.92849225261819 3.66023390773516 3.09661857214375 0.274452875032947 1.1049483608398
528 1.92913392906103 3.66049740707644 3.09567930946122 0.274452885104114 1.10531601558808
529 1.92977646053566 3.66079098757808 3.0946331558159 0.274452901426843 1.10568416023513
530 1.93042008743486 3.66110654933729 3.09350906772235 0.27445292173638 1.10605293251632
531 1.93106503853208 3.66142054235805 3.092390973031 0.274452946977172 1.10642246350963
532 1.93171074573022 3.6617489224913 3.09122207972321 0.274452978311526 1.1067924277183
533 1.93235729502506 3.6620890815799 3.09001172423982 0.274453017168742 1.10716287441445
534 1.93300618568636 3.66244848704475 3.08873340110609 0.274453065305071 1.10753466261925
535 1.93365834429595 3.66283341006116 3.08736490435473 0.274453093508798 1.10790832322675
536 1.93431336261678 3.66322394563524 3.08597707322108 0.27445315975552 1.10828362233358
537 1.93497135837712 3.66361789880786 3.08457772916951 0.274453241621505 1.10866062739327
538 1.93563276525274 3.66398406543425 3.0832776534961 0.274453342695366 1.10903958688459
539 1.93629771172867 3.66435712046901 3.08195368401719 0.274453409716453 1.10942057442427
540 1.93696672391992 3.66472961127097 3.080632284224 0.274453540237014 1.10980389145503
541 1.93764041809267 3.66509493011314 3.07933687703926 0.274453710757175 1.11018989107254
542 1.93831915643981 3.66547659259741 3.07798409771567 0.274453920642185 1.11057878079875
543 1.93900279063676 3.66582749782596 3.07674085998842 0.274454043047179 1.11097047564964
544 1.93969181590338 3.66616111906673 3.07555932414045 0.274454329210815 1.11136525936624
545 1.94038658545288 3.66646427040714 3.07448609239887 0.274454680716981 1.11176333432549
546 1.94108716235109 3.66673704898422 3.07352070796332 0.27445488541163 1.11216473666158
