#  l   n        freq     error
#             muHz        muHz
   4   9    1640.9227   0.0131
   4   10   1778.0069   0.0110
   4   11   1914.7198   0.0222
   4   12   2051.6704   0.0193
   4   13   2188.3142   0.0184
   4   14   2324.0703   0.0239
   4   15   2458.5031   0.0241
   4   16   2592.9787   0.0237
   4   17   2728.3312   0.0227
   4   18   2864.1430   0.0192
   4   19   3000.0776   0.0180
   4   20   3135.8735   0.0221
   4   21   3271.6384   0.0279
   4   22   3408.0334   0.0355
   4   23   3544.4454   0.0448
   4   24   3681.2944   0.0532
   4   25   3818.6459   0.0689
   4   26   3955.6835   0.0890
   5   8    1545.2801   0.0102
   5   9    1685.8620   0.0108
   5   10   1823.3669   0.0133
   5   11   1960.5124   0.0161
   5   12   2098.4145   0.0164
   5   13   2235.3439   0.0167
   5   14   2371.0910   0.0170
   5   15   2506.0541   0.0180
   5   16   2641.1306   0.0193
   5   17   2777.2700   0.0183
   5   18   2913.6645   0.0196
   5   19   3049.8872   0.0201
   5   20   3186.1508   0.0227
   5   22   3459.2922   0.0379
   5   23   3596.3963   0.0487
   5   24   3733.6207   0.0599
   5   25   3871.3246   0.0699
   5   26   4009.3163   0.0921
   5   27   4147.4791   0.1239
   6   8   1587.4687   0.0082
   6   9   1727.7491   0.0100
   6   10   1866.0927   0.0136
   6   11   2004.0378   0.0142
   6   12   2142.4460   0.0159
   6   13   2279.7824   0.0176
   6   14   2415.4951   0.0165
   6   15   2551.0173   0.0183
   6   16   2687.0232   0.0164
   6   17   2823.6730   0.0150
   6   18   2960.5868   0.0151
   6   19   3097.2306   0.0166
   6   20   3233.9079   0.0212
   6   21   3370.8932   0.0282
   6   22   3508.1135   0.0389
   6   23   3645.9025   0.0460
   6   24   3783.7267   0.0567
   6   25   3921.7767   0.0708
   6   26   4060.1156   0.0897
   6   27   4198.9383   0.1200
   7   6   1334.5400   0.0055
   7   7   1483.4089   0.0060
   7   8   1627.5063   0.0076
   7   9   1767.6678   0.0098
   7   10   1906.8346   0.0109
   7   11   2045.8347   0.0130
   7   12   2184.5332   0.0150
   7   13   2322.1267   0.0166
   7   14   2458.1689   0.0157
   7   15   2594.2231   0.0165
   7   16   2731.1113   0.0152
   7   17   2868.2963   0.0133
   7   18   3005.5602   0.0139
   7   19   3142.7177   0.0165
   7   20   3279.7951   0.0213
   7   21   3417.3822   0.0259
   7   22   3555.1410   0.0351
   7   23   3693.3448   0.0454
   7   24   3831.7870   0.0551
   7   25   3970.2929   0.0722
   7   26   4109.3642   0.0970
   7   27   4248.1657   0.1238
   8   7   1521.2287   0.0058
   8   8   1665.7596   0.0078
   8   9   1806.1992   0.0096
   8   10   1946.0776   0.0115
   8   11   2086.1464   0.0127
   8   12   2225.1408   0.0139
   8   13   2362.8493   0.0150
   8   14   2499.4085   0.0152
   8   15   2636.1010   0.0153
   8   16   2773.7143   0.0135
   8   17   2911.4782   0.0139
   8   18   3049.1061   0.0142
   8   19   3186.6877   0.0168
   8   20   3324.3002   0.0213
   8   21   3462.3625   0.0273
   8   22   3600.7520   0.0343
   8   23   3739.2282   0.0433
   8   24   3878.1604   0.0566
   8   25   4017.3046   0.0734
   8   26   4156.4491   0.0948
   8   27   4296.2155   0.1264
   8   28   4435.5811   0.1706
   9   7   1557.6547   0.0357
   9   8   1702.4204   0.0068
   9   9   1843.6131   0.0097
   9   10   1984.2082   0.0110
   9   11   2125.0886   0.0127
   9   12   2264.4970   0.0128
   9   13   2402.2932   0.0145
   9   14   2539.5248   0.0138
   9   15   2676.9711   0.0135
   9   16   2815.1574   0.0120
   9   17   2953.5309   0.0121
   9   18   3091.4067   0.0135
   9   19   3229.4496   0.0166
   9   20   3367.7118   0.0229
   9   21   3506.1122   0.0278
   9   22   3645.1598   0.0359
   9   23   3784.0119   0.0465
   9   24   3923.3356   0.0566
   9   25   4062.8717   0.0744
   9   26   4202.3759   0.0966
   9   27   4342.2630   0.1347
   10   5   1288.0136   0.0034
   10   6   1443.4210   0.0051
   10   7   1592.9143   0.0050
   10   8   1737.8259   0.0067
   10   9   1879.9986   0.0100
   10   10   2021.4582   0.0104
   10   11   2162.9096   0.0121
   10   12   2302.7609   0.0141
   10   13   2440.7841   0.0138
   10   14   2578.5886   0.0140
   10   15   2716.9440   0.0125
   10   16   2855.6446   0.0115
   10   17   2994.4302   0.0119
   10   18   3132.8581   0.0137
   10   19   3271.2433   0.0178
   10   20   3409.9797   0.0225
   10   21   3548.9994   0.0291
   10   22   3688.3026   0.0367
   10   23   3827.7528   0.0470
   10   24   3967.4327   0.0577
   10   25   4107.4169   0.0776
   10   27   4387.6936   0.1373
   10   28   4528.3436   0.1739
   11   5   1320.4969   0.0038
   11   6   1477.1576   0.0051
   11   7   1627.1059   0.0066
   11   8   1772.2275   0.0074
   11   9   1915.4018   0.0095
   11   10   2057.9257   0.0111
   11   11   2199.7836   0.0115
   11   12   2340.0170   0.0132
   11   13   2478.4467   0.0141
   11   14   2616.9120   0.0135
   11   15   2756.0751   0.0124
   11   16   2895.3578   0.0111
   11   17   3034.4821   0.0118
   11   18   3173.3791   0.0134
   11   19   3312.2665   0.0180
   11   20   3451.5719   0.0223
   11   21   3590.9682   0.0292
   11   22   3730.6612   0.0381
   11   23   3870.6077   0.0473
   11   24   4010.8930   0.0612
   11   25   4151.0580   0.0807
   11   27   4432.1090   0.1452
   11   28   4573.1563   0.2047
   12   6   1509.7140   0.0041
   12   7   1660.2427   0.0059
   12   8   1805.7824   0.0080
   12   9   1949.9798   0.0086
   12   10   2093.6318   0.0108
   12   11   2235.8295   0.0113
   12   12   2376.2783   0.0125
   12   13   2515.4238   0.0130
   12   14   2654.5256   0.0129
   12   15   2794.4323   0.0115
   12   16   2934.2944   0.0113
   12   17   3073.7583   0.0118
   12   18   3213.1650   0.0144
   12   19   3352.5849   0.0181
   12   20   3492.3007   0.0231
   12   21   3632.3124   0.0288
   12   22   3772.4542   0.0382
   12   23   3912.7925   0.0483
   12   24   4053.3083   0.0628
   12   25   4193.9317   0.0851
   12   26   4334.8115   0.1088
   12   27   4475.8060   0.1495
   13   3   1038.7877   0.0033
   13   4   1215.3462   0.0024
   13   6   1541.1427   0.0049
   13   7   1692.3570   0.0070
   13   8   1838.6616   0.0072
   13   9   1983.8157   0.0096
   13   10   2128.4861   0.0102
   13   11   2271.1331   0.0119
   13   12   2411.7971   0.0129
   13   13   2551.6616   0.0123
   13   14   2691.6035   0.0124
   13   15   2832.1247   0.0113
   13   16   2972.5334   0.0108
   13   17   3112.4328   0.0118
   13   18   3252.2565   0.0152
   13   19   3392.2912   0.0187
   13   20   3532.4086   0.0236
   13   21   3672.9439   0.0298
   13   22   3813.5975   0.0389
   13   23   3954.2087   0.0496
   13   24   4095.2038   0.0660
   13   25   4236.1747   0.0855
   13   26   4377.4042   0.1173
   13   27   4518.8008   0.1614
   14   5   1411.7246   0.0035
   14   6   1571.5612   0.0053
   14   7   1723.5201   0.0059
   14   8   1870.8306   0.0075
   14   9   2017.0155   0.0090
   14   10   2162.5078   0.0099
   14   11   2305.6701   0.0113
   14   12   2446.6679   0.0120
   14   13   2587.2543   0.0118
   14   14   2728.1415   0.0108
   14   15   2869.1851   0.0109
   14   16   3010.0708   0.0120
   14   17   3150.4638   0.0120
   14   18   3290.7668   0.0156
   14   19   3431.3268   0.0200
   14   20   3572.0380   0.0250
   14   21   3713.0061   0.0315
   14   22   3854.0712   0.0394
   14   23   3995.1850   0.0520
   14   24   4136.4806   0.0673
   14   25   4278.0936   0.0924
   14   26   4419.5874   0.1249
   14   27   4561.1887   0.1644
   15   4   1268.6082   0.0043
   15   5   1440.0273   0.0037
   15   6   1601.0105   0.0047
   15   7   1753.7995   0.0064
   15   8   1902.3282   0.0079
   15   9   2049.6030   0.0090
   15   10   2195.7880   0.0103
   15   11   2339.4804   0.0120
   15   12   2480.9991   0.0114
   15   13   2622.3085   0.0114
   15   14   2764.0895   0.0101
   15   15   2905.7236   0.0103
   15   16   3046.9985   0.0105
   15   17   3187.9919   0.0132
   15   18   3328.7392   0.0165
   15   19   3469.8407   0.0205
   15   20   3611.1196   0.0264
   15   21   3752.4291   0.0327
   15   22   3893.9890   0.0400
   15   23   4035.5181   0.0546
   15   24   4177.3012   0.0711
   15   25   4319.1585   0.1004
   15   26   4460.9604   0.1325
   16   3   1109.0425   0.0023
   16   4   1293.7608   0.0029
   16   5   1467.2795   0.0049
   16   6   1629.5047   0.0049
   16   7   1783.2464   0.0065
   16   8   1933.1277   0.0082
   16   9   2081.6130   0.0094
   16   10   2228.3760   0.0103
   16   11   2372.5738   0.0106
   16   12   2514.7936   0.0113
   16   13   2656.8774   0.0110
   16   14   2799.4667   0.0100
   16   15   2941.7206   0.0093
   16   16   3083.4402   0.0104
   16   17   3224.8659   0.0134
   16   18   3366.2438   0.0172
   16   19   3507.8366   0.0219
   16   20   3649.6351   0.0276
   16   21   3791.3946   0.0340
   16   22   3933.3773   0.0427
   16   23   4075.3896   0.0553
   16   24   4217.3773   0.0772
   16   25   4359.7565   0.1023
   16   26   4502.1554   0.1315
   17   3   1131.0090   0.0130
   17   4   1318.0363   0.0028
   17   5   1493.4937   0.0035
   17   6   1657.0550   0.0053
   17   7   1811.9775   0.0065
   17   8   1963.2993   0.0077
   17   9   2112.9668   0.0092
   17   10   2260.3044   0.0107
   17   11   2405.0070   0.0110
   17   12   2548.0385   0.0111
   17   13   2691.0185   0.0108
   17   14   2834.2812   0.0095
   17   15   2977.1719   0.0101
   17   16   3119.3207   0.0107
   17   17   3261.3207   0.0138
   17   18   3403.3163   0.0176
   17   19   3545.3849   0.0224
   17   20   3687.6382   0.0276
   17   21   3829.9147   0.0340
   17   22   3972.2270   0.0441
   17   23   4114.8511   0.0603
   17   24   4257.4237   0.0809
   17   25   4399.8739   0.1064
   17   26   4542.4567   0.1472
   18   3   1152.4092   0.0025
   18   4   1341.5290   0.0030
   18   5   1518.7267   0.0046
   18   6   1683.6633   0.0053
   18   7   1839.9792   0.0071
   18   8   1992.8182   0.0082
   18   9   2143.6884   0.0088
   18   10   2291.6042   0.0098
   18   11   2436.8227   0.0112
   18   12   2580.7888   0.0104
   18   13   2724.6427   0.0104
   18   14   2868.5890   0.0095
   18   15   3012.0699   0.0097
   18   16   3154.7736   0.0112
   18   17   3297.2849   0.0141
   18   18   3439.9003   0.0175
   18   19   3582.4987   0.0233
   18   20   3725.1687   0.0284
   18   21   3868.0165   0.0363
   18   22   4010.7174   0.0468
   18   23   4153.6117   0.0628
   18   24   4296.7567   0.0833
   18   25   4439.5419   0.1156
   18   26   4582.3814   0.1599
   19   3   1173.2724   0.0018
   19   4   1364.3264   0.0036
   19   5   1543.0517   0.0040
   19   6   1709.3489   0.0060
   19   7   1867.2779   0.0077
   19   8   2021.7286   0.0083
   19   9   2173.7312   0.0089
   19   10   2322.2965   0.0098
   19   11   2468.1200   0.0109
   19   12   2613.0330   0.0105
   19   13   2757.8769   0.0094
   19   14   2902.4767   0.0093
   19   15   3046.4838   0.0092
   19   16   3189.7897   0.0113
   19   17   3332.8064   0.0147
   19   18   3476.0468   0.0188
   19   19   3619.2179   0.0241
   19   20   3762.2824   0.0300
   19   21   3905.6166   0.0379
   19   22   4048.8734   0.0494
   19   23   4192.2437   0.0664
   19   24   4335.4335   0.0867
   19   25   4478.9357   0.1195
   20   3   1193.6538   0.0028
   20   4   1386.4842   0.0039
   20   5   1566.5395   0.0041
   20   6   1734.1794   0.0059
   20   7   1893.9079   0.0072
   20   8   2050.0527   0.0080
   20   9   2203.1308   0.0089
   20   10   2352.3802   0.0098
   20   11   2498.9013   0.0102
   20   12   2644.8102   0.0096
   20   13   2790.6506   0.0091
   20   14   2935.8725   0.0090
   20   15   3080.3933   0.0096
   20   16   3224.3525   0.0120
   20   17   3367.9706   0.0155
   20   18   3511.7753   0.0191
   20   19   3655.4862   0.0248
   20   20   3799.0646   0.0310
   20   21   3942.8783   0.0390
   20   22   4086.4816   0.0515
   20   23   4230.2880   0.0684
   20   24   4374.2714   0.0895
   20   25   4517.8979   0.1264
   21   2   1005.0926   0.0019
   21   4   1408.0748   0.0032
   21   5   1589.2846   0.0038
   21   6   1758.2204   0.0062
   21   7   1919.8126   0.0071
   21   8   2077.7246   0.0077
   21   9   2231.8498   0.0095
   21   10   2381.8898   0.0096
   21   11   2529.2612   0.0099
   21   12   2676.1386   0.0097
   21   13   2822.9245   0.0089
   21   14   2968.8432   0.0086
   21   15   3113.8619   0.0099
   21   16   3258.4208   0.0128
   21   17   3402.7812   0.0158
   21   18   3547.0612   0.0203
   21   19   3691.3429   0.0255
   21   20   3835.4316   0.0325
   21   21   3979.6300   0.0420
   21   22   4123.7958   0.0544
   21   23   4267.9720   0.0735
   21   24   4412.0447   0.0947
   21   25   4556.3964   0.1346
   22   2   1022.4480   0.0016
   22   3   1233.1151   0.0025
   22   4   1429.1236   0.0031
   22   5   1611.3465   0.0043
   22   6   1781.5262   0.0064
   22   7   1945.0362   0.0070
   22   8   2104.7284   0.0083
   22   9   2259.9650   0.0095
   22   10   2410.7687   0.0099
   22   11   2559.1516   0.0096
   22   12   2707.0512   0.0088
   22   13   2854.6591   0.0088
   22   14   3001.3298   0.0090
   22   15   3146.9302   0.0098
   22   16   3292.1010   0.0131
   22   17   3437.1384   0.0160
   22   18   3582.0124   0.0213
   22   19   3726.8203   0.0267
   22   20   3871.5271   0.0327
   22   21   4016.0725   0.0442
   22   22   4160.7151   0.0583
   22   23   4305.4623   0.0757
   22   24   4449.9268   0.1044
   22   25   4594.3383   0.1390
   23   3   1252.2452   0.0029
   23   4   1449.6889   0.0033
   23   5   1632.7903   0.0042
   23   6   1804.1995   0.0057
   23   7   1969.6333   0.0072
   23   8   2131.0808   0.0084
   23   9   2287.4372   0.0093
   23   10   2439.1442   0.0101
   23   11   2588.6088   0.0095
   23   12   2737.5471   0.0088
   23   13   2885.9901   0.0089
   23   14   3033.3737   0.0089
   23   15   3179.6164   0.0107
   23   16   3325.4272   0.0132
   23   17   3471.1141   0.0166
   23   18   3616.5678   0.0221
   23   19   3761.8896   0.0272
   23   20   3907.1833   0.0347
   23   21   4052.2941   0.0469
   23   22   4197.2773   0.0613
   23   23   4342.4691   0.0814
   23   24   4487.2432   0.1132
   24   3   1271.0066   0.0021
   24   4   1469.7877   0.0033
   24   5   1653.6860   0.0048
   24   6   1826.2987   0.0062
   24   7   1993.5483   0.0075
   24   8   2156.7412   0.0086
   24   9   2314.2680   0.0091
   24   10   2466.9733   0.0099
   24   11   2617.6161   0.0091
   24   12   2767.6237   0.0085
   24   13   2916.8886   0.0084
   24   14   3064.9473   0.0088
   24   15   3211.9001   0.0108
   24   16   3358.3654   0.0136
   24   17   3504.7276   0.0172
   24   18   3650.8027   0.0226
   24   19   3796.5996   0.0286
   24   20   3942.3698   0.0370
   24   21   4088.0131   0.0497
   24   22   4233.5372   0.0657
   24   23   4379.0900   0.0872
   25   2   1072.5221   0.0023
   25   3   1289.4094   0.0022
   25   4   1489.4554   0.0035
   25   5   1674.0903   0.0048
   25   6   1847.8868   0.0061
   25   7   2016.9056   0.0077
   25   8   2181.7241   0.0083
   25   9   2340.4506   0.0091
   25   10   2494.3150   0.0097
   25   11   2646.1911   0.0097
   25   12   2797.2984   0.0085
   25   13   2947.3279   0.0083
   25   14   3096.0986   0.0090
   25   15   3243.7925   0.0115
   25   16   3390.9947   0.0143
   25   17   3537.9427   0.0181
   25   18   3684.7352   0.0235
   25   19   3831.0160   0.0297
   25   20   3977.3034   0.0392
   25   21   4123.5696   0.0527
   25   22   4269.3296   0.0701
   25   23   4415.5494   0.0953
   25   24   4561.0966   0.1257
   26   2   1088.5943   0.0023
   26   3   1307.4820   0.0022
   26   4   1508.7081   0.0038
   26   5   1694.0353   0.0047
   26   6   1869.0157   0.0066
   26   7   2039.7164   0.0079
   26   8   2206.0227   0.0084
   26   9   2366.0065   0.0092
   26   10   2521.1757   0.0092
   26   11   2674.3200   0.0090
   26   12   2826.5107   0.0082
   26   13   2977.3487   0.0079
   26   14   3126.8205   0.0091
   26   15   3275.3027   0.0121
   26   16   3423.2050   0.0149
   26   17   3570.8188   0.0194
   26   18   3718.2644   0.0242
   26   19   3865.2084   0.0309
   26   20   4011.8979   0.0417
   26   21   4158.6849   0.0550
   26   22   4305.0463   0.0744
   26   23   4451.2562   0.1000
   27   2   1104.3879   0.0032
   27   3   1325.2229   0.0031
   27   4   1527.5543   0.0046
   27   5   1713.5775   0.0047
   27   6   1889.7458   0.0064
   27   7   2062.0371   0.0071
   27   8   2229.7014   0.0083
   27   9   2390.9265   0.0092
   27   10   2547.4991   0.0090
   27   11   2702.0175   0.0084
   27   12   2855.3022   0.0079
   27   13   3006.9548   0.0079
   27   14   3157.1532   0.0093
   27   15   3306.3947   0.0123
   27   16   3455.0800   0.0158
   27   17   3603.3744   0.0205
   27   18   3751.3704   0.0254
   27   19   3898.9245   0.0324
   27   20   4046.2372   0.0451
   27   21   4193.4140   0.0597
   27   22   4340.2790   0.0805
   27   23   4487.2276   0.1068
   28   3   1342.6529   0.0023
   28   4   1546.0374   0.0034
   28   5   1732.7410   0.0056
   28   6   1910.1292   0.0067
   28   7   2083.8990   0.0075
   28   8   2252.7862   0.0083
   28   9   2415.2924   0.0092
   28   10   2573.3288   0.0091
   28   11   2729.2631   0.0081
   28   12   2883.6457   0.0078
   28   13   3036.1309   0.0083
   28   14   3187.1103   0.0095
   28   15   3337.1458   0.0125
   28   16   3486.6447   0.0162
   28   17   3635.5931   0.0208
   28   18   3784.1481   0.0263
   28   19   3932.4035   0.0353
   28   20   4080.2057   0.0468
   28   21   4227.8421   0.0630
   28   22   4375.2234   0.0856
   28   23   4522.2768   0.1127
   29   2   1135.1721   0.0020
   29   3   1359.7730   0.0028
   29   4   1564.1421   0.0035
   29   5   1751.5539   0.0053
   29   6   1930.1804   0.0062
   29   7   2105.3079   0.0073
   29   8   2275.2996   0.0081
   29   9   2439.0148   0.0091
   29   10   2598.6110   0.0089
   29   11   2756.1083   0.0082
   29   12   2911.5638   0.0080
   29   13   3064.9150   0.0083
   29   14   3216.6557   0.0101
   29   15   3367.5272   0.0128
   29   16   3517.8012   0.0166
   29   17   3667.4631   0.0214
   29   18   3816.6291   0.0276
   29   19   3965.5646   0.0366
   29   20   4113.9647   0.0506
   29   21   4261.9960   0.0688
   29   22   4409.7035   0.0926
   30   2   1150.1886   0.0020
   30   3   1376.6104   0.0025
   30   4   1581.8968   0.0037
   30   5   1770.0417   0.0053
   30   6   1949.9419   0.0067
   30   7   2126.3363   0.0075
   30   8   2297.3192   0.0086
   30   9   2462.2234   0.0090
   30   10   2623.4357   0.0087
   30   11   2782.4203   0.0081
   30   12   2939.0182   0.0077
   30   13   3093.2585   0.0085
   30   14   3245.8832   0.0106
   30   15   3397.5507   0.0130
   30   16   3548.6130   0.0175
   30   17   3698.9749   0.0224
   30   18   3848.7880   0.0285
   30   19   3998.2233   0.0390
   30   20   4147.3090   0.0525
   30   21   4295.9119   0.0715
   30   22   4444.2612   0.0968
   31   1   907.5603   0.0012
   31   2   1164.9732   0.0020
   31   3   1393.1551   0.0025
   31   4   1599.3286   0.0038
   31   5   1788.2472   0.0052
   31   6   1969.4145   0.0069
   31   7   2147.0065   0.0077
   31   8   2318.8898   0.0084
   31   9   2484.9552   0.0088
   31   10   2647.7526   0.0086
   31   11   2808.2820   0.0077
   31   12   2966.0575   0.0075
   31   13   3121.2226   0.0087
   31   14   3274.7077   0.0112
   31   15   3427.2400   0.0137
   31   16   3579.0432   0.0181
   31   17   3730.1419   0.0234
   31   18   3880.5426   0.0306
   31   19   4030.6421   0.0416
   31   20   4180.3695   0.0583
   31   21   4329.4499   0.0768
   31   22   4478.1609   0.1038
   32   2   1179.5323   0.0028
   32   3   1409.4235   0.0026
   32   4   1616.4344   0.0037
   32   5   1806.1661   0.0056
   32   6   1988.6346   0.0068
   32   7   2167.3212   0.0079
   32   8   2339.9999   0.0085
   32   9   2507.2368   0.0089
   32   10   2671.5777   0.0086
   32   11   2833.6503   0.0075
   32   12   2992.6058   0.0076
   32   13   3148.7729   0.0087
   32   14   3303.1906   0.0115
   32   15   3456.5633   0.0144
   32   16   3609.1914   0.0191
   32   17   3760.9919   0.0245
   32   18   3912.1154   0.0322
   32   19   4062.7937   0.0432
   32   20   4213.0174   0.0606
   32   21   4362.9108   0.0816
   33   3   1425.4175   0.0026
   33   4   1633.2285   0.0042
   33   5   1823.8413   0.0053
   33   6   2007.5963   0.0067
   33   7   2187.3071   0.0076
   33   8   2360.7908   0.0087
   33   9   2529.0773   0.0089
   33   10   2694.9607   0.0084
   33   11   2858.4784   0.0077
   33   12   3018.7244   0.0075
   33   13   3175.9589   0.0089
   33   14   3331.3312   0.0118
   33   15   3485.5913   0.0152
   33   16   3639.0054   0.0197
   33   17   3791.5060   0.0257
   33   18   3943.3510   0.0343
   33   19   4094.6635   0.0465
   33   20   4245.4525   0.0641
   33   21   4395.7641   0.0868
   34   2   1207.9995   0.0019
   34   3   1441.1445   0.0028
   34   4   1649.7243   0.0040
   34   5   1841.2464   0.0056
   34   6   2026.3266   0.0069
   34   7   2206.9968   0.0077
   34   8   2381.1904   0.0087
   34   9   2550.6025   0.0087
   34   10   2717.9121   0.0080
   34   11   2882.8522   0.0074
   34   12   3044.3480   0.0076
   34   13   3202.7190   0.0093
   34   14   3359.0903   0.0121
   34   15   3514.2719   0.0159
   34   16   3668.4942   0.0206
   34   17   3821.7356   0.0264
   34   18   3974.2880   0.0361
   34   19   4126.1281   0.0493
   34   20   4277.5126   0.0685
   34   21   4428.4051   0.0930
   35   2   1221.9260   0.0021
   35   3   1456.6200   0.0030
   35   4   1665.9469   0.0038
   35   5   1858.4443   0.0055
   35   6   2044.8001   0.0068
   35   7   2226.3867   0.0078
   35   8   2401.2840   0.0085
   35   9   2571.7944   0.0087
   35   10   2740.4563   0.0084
   35   11   2906.7550   0.0075
   35   12   3069.5045   0.0079
   35   13   3229.0461   0.0098
   35   14   3386.4775   0.0124
   35   15   3542.6000   0.0165
   35   16   3697.5996   0.0211
   35   17   3851.6742   0.0281
   35   18   4004.8608   0.0380
   35   19   4157.5038   0.0519
   35   20   4309.2148   0.0726
   36   1   966.2864   0.0015
   36   2   1235.6592   0.0020
   36   3   1471.8444   0.0031
   36   4   1681.8951   0.0043
   36   5   1875.4139   0.0060
   36   6   2063.0830   0.0068
   36   7   2245.4766   0.0078
   36   8   2421.0910   0.0085
   36   9   2592.6785   0.0083
   36   10   2762.6468   0.0076
   36   11   2930.1901   0.0075
   36   12   3094.1935   0.0079
   36   13   3254.9756   0.0101
   36   14   3413.5321   0.0127
   36   15   3570.6064   0.0171
   36   16   3726.4721   0.0221
   36   17   3881.2409   0.0298
   36   18   4035.1230   0.0418
   36   19   4188.2528   0.0560
   36   20   4340.8893   0.0775
   37   1   977.5152   0.0039
   37   2   1249.1943   0.0023
   37   3   1486.8142   0.0030
   37   4   1697.5936   0.0046
   37   5   1892.1894   0.0056
   37   6   2081.1160   0.0068
   37   7   2264.3051   0.0081
   37   8   2440.6249   0.0088
   37   9   2613.3007   0.0081
   37   10   2784.4875   0.0077
   37   11   2953.1916   0.0073
   37   12   3118.4272   0.0083
   37   13   3280.4885   0.0105
   37   14   3440.2501   0.0131
   37   15   3598.2931   0.0175
   37   16   3754.9501   0.0231
   37   17   3910.5728   0.0314
   37   18   4065.1349   0.0437
   37   19   4219.0209   0.0606
   38   1   988.5751   0.0027
   38   2   1262.5578   0.0019
   38   3   1501.5475   0.0029
   38   4   1713.0409   0.0046
   38   5   1908.7923   0.0057
   38   6   2098.9391   0.0067
   38   7   2282.8785   0.0078
   38   8   2459.9370   0.0084
   38   9   2633.6578   0.0083
   38   10   2805.9817   0.0077
   38   11   2975.8036   0.0073
   38   12   3142.2450   0.0083
   38   13   3305.5890   0.0106
   38   14   3466.5713   0.0136
   38   15   3625.5719   0.0183
   38   16   3783.1667   0.0243
   38   17   3939.4618   0.0331
   38   18   4094.8744   0.0468
   38   19   4249.4096   0.0650
   38   20   4403.1840   0.0864
   39   1   999.4935   0.0033
   39   2   1275.7315   0.0021
   39   3   1516.0492   0.0032
   39   4   1728.2563   0.0045
   39   5   1925.1810   0.0059
   39   6   2116.5461   0.0070
   39   7   2301.2036   0.0079
   39   8   2479.0031   0.0086
   39   9   2653.8058   0.0080
   39   10   2827.2241   0.0073
   39   11   2998.0680   0.0072
   39   12   3165.6062   0.0086
   39   13   3330.2542   0.0108
   39   14   3492.4982   0.0147
   39   15   3652.5497   0.0192
   39   16   3810.9994   0.0250
   39   17   3968.1403   0.0356
   39   18   4124.2832   0.0498
   39   19   4279.3545   0.0679
   40   1   1010.2585   0.0021
   40   2   1288.7342   0.0022
   40   3   1530.3189   0.0031
   40   4   1743.2542   0.0047
   40   5   1941.3957   0.0058
   40   6   2133.9077   0.0070
   40   7   2319.2797   0.0080
   40   8   2497.8690   0.0085
   40   9   2673.7161   0.0080
   40   10   2848.1773   0.0073
   40   11   3019.9775   0.0072
   40   12   3188.6012   0.0089
   40   13   3354.5232   0.0113
   40   14   3517.9989   0.0152
   40   15   3679.1974   0.0199
   40   16   3838.5160   0.0269
   40   17   3996.5741   0.0378
   40   18   4153.3977   0.0528
   41   1   1020.8745   0.0174
   41   2   1301.5681   0.0021
   41   3   1544.3648   0.0033
   41   4   1758.0285   0.0047
   41   5   1957.4333   0.0063
   41   6   2151.1088   0.0069
   41   7   2337.1474   0.0080
   41   8   2516.5012   0.0084
   41   9   2693.4663   0.0081
   41   10   2868.8671   0.0072
   41   11   3041.5521   0.0073
   41   12   3211.2310   0.0092
   41   13   3378.4047   0.0115
   41   14   3543.1627   0.0157
   41   15   3705.5080   0.0211
   41   16   3865.7089   0.0287
   41   17   4024.6047   0.0395
   41   18   4182.1012   0.0563
   42   1   1031.3718   0.0023
   42   2   1314.2329   0.0026
   42   3   1558.1895   0.0034
   42   4   1772.6287   0.0048
   42   5   1973.3181   0.0061
   42   6   2168.0991   0.0070
   42   7   2354.7817   0.0082
   42   8   2534.9923   0.0083
   42   9   2712.9723   0.0076
   42   10   2889.3205   0.0072
   42   11   3062.8547   0.0074
   42   12   3233.5341   0.0095
   42   13   3401.8804   0.0117
   42   14   3567.8721   0.0166
   42   15   3731.3468   0.0218
   42   16   3892.6068   0.0306
   42   17   4052.3373   0.0433
   42   18   4210.8499   0.0599
   43   1   1041.7065   0.0023
   43   2   1326.7365   0.0024
   43   3   1571.8093   0.0032
   43   4   1787.0225   0.0048
   43   5   1989.0319   0.0062
   43   6   2184.8281   0.0071
   43   7   2372.1887   0.0079
   43   8   2553.2731   0.0083
   43   9   2732.3209   0.0075
   43   10   2909.5492   0.0071
   43   11   3083.8869   0.0076
   43   12   3255.5373   0.0096
   43   13   3425.0043   0.0123
   43   14   3592.2174   0.0174
   43   15   3756.9237   0.0230
   43   16   3919.2746   0.0322
   43   17   4079.7953   0.0456
   43   18   4238.9363   0.0642
   44   1   1051.9310   0.0023
   44   2   1339.0808   0.0021
   44   3   1585.2086   0.0033
   44   4   1801.2430   0.0049
   44   5   2004.5832   0.0059
   44   6   2201.4255   0.0070
   44   7   2389.4069   0.0080
   44   8   2571.4059   0.0084
   44   9   2751.4779   0.0074
   44   10   2929.5632   0.0069
   44   11   3104.6937   0.0077
   44   12   3277.2377   0.0096
   44   13   3447.8052   0.0126
   44   14   3616.2070   0.0176
   44   15   3782.0929   0.0244
   44   16   3945.4551   0.0348
   44   17   4106.9028   0.0492
   45   1   1062.0246   0.0016
   45   2   1351.2658   0.0024
   45   3   1598.4156   0.0035
   45   4   1815.2851   0.0051
   45   5   2019.9798   0.0062
   45   6   2217.7606   0.0074
   45   7   2406.4326   0.0080
   45   8   2589.3884   0.0080
   45   9   2770.4671   0.0073
   45   10   2949.3653   0.0071
   45   11   3125.2529   0.0078
   45   12   3298.6938   0.0100
   45   13   3470.2773   0.0135
   45   14   3639.8239   0.0186
   45   15   3806.8490   0.0261
   45   16   3971.3641   0.0376
   45   17   4133.6743   0.0523
   46   1   1071.9980   0.0017
   46   2   1363.3038   0.0022
   46   3   1611.4276   0.0036
   46   4   1829.1770   0.0054
   46   5   2035.2190   0.0063
   46   6   2233.9053   0.0071
   46   7   2423.2701   0.0081
   46   8   2607.1796   0.0080
   46   9   2789.2971   0.0071
   46   10   2968.9682   0.0072
   46   11   3145.5997   0.0080
   46   12   3319.9433   0.0101
   46   13   3492.5283   0.0141
   46   14   3663.1193   0.0197
   46   15   3831.2632   0.0276
   46   16   3996.9345   0.0397
   47   1   1081.8607   0.0017
   47   2   1375.1861   0.0026
   47   3   1624.2387   0.0037
   47   4   1842.9064   0.0053
   47   5   2050.3139   0.0061
   47   6   2249.9082   0.0073
   47   7   2439.9248   0.0081
   47   8   2624.8434   0.0079
   47   9   2807.9131   0.0072
   47   10   2988.3906   0.0070
   47   11   3165.7621   0.0083
   47   12   3340.9643   0.0104
   47   13   3514.4858   0.0146
   47   14   3686.0569   0.0205
   47   15   3855.3140   0.0293
   47   16   4022.0551   0.0427
   48   1   1091.6092   0.0020
   48   2   1386.9232   0.0026
   48   3   1636.8727   0.0038
   48   4   1856.5108   0.0054
   48   5   2065.2390   0.0064
   48   6   2265.6825   0.0073
   48   7   2456.4245   0.0081
   48   8   2642.3451   0.0076
   48   9   2826.4133   0.0071
   48   10   3007.6044   0.0068
   48   11   3185.7143   0.0084
   48   12   3361.7254   0.0107
   48   13   3536.1609   0.0152
   48   14   3708.6958   0.0215
   48   15   3878.9908   0.0317
   48   16   4046.9441   0.0457
   49   1   1101.2444   0.0017
   49   2   1398.5174   0.0024
   49   3   1649.3344   0.0037
   49   4   1869.9547   0.0051
   49   5   2080.0234   0.0064
   49   6   2281.2951   0.0074
   49   7   2472.7722   0.0080
   49   8   2659.7350   0.0075
   49   9   2844.7243   0.0069
   49   10   3026.6603   0.0071
   49   11   3205.5333   0.0087
   49   12   3382.3390   0.0109
   49   13   3557.6039   0.0159
   49   14   3731.0630   0.0229
   49   15   3902.3607   0.0342
   49   16   4071.3873   0.0491
   50   1   1110.7793   0.0020
   50   2   1409.9690   0.0025
   50   3   1661.6089   0.0039
   50   4   1883.2649   0.0055
   50   5   2094.6459   0.0065
   50   6   2296.7069   0.0075
   50   7   2488.9653   0.0078
   50   8   2676.9845   0.0075
   50   9   2862.8899   0.0067
   50   10   3045.5458   0.0073
   50   11   3225.1514   0.0087
   50   12   3402.7619   0.0114
   50   13   3578.8696   0.0165
   50   14   3753.2265   0.0239
   50   15   3925.5080   0.0361
   51   1   1120.2109   0.0020
   51   2   1421.2746   0.0025
   51   3   1673.7255   0.0040
   51   4   1896.4608   0.0054
   51   5   2109.1384   0.0064
   51   6   2311.9818   0.0075
   51   7   2504.9948   0.0079
   51   8   2694.0508   0.0075
   51   9   2880.8728   0.0068
   51   10   3064.2612   0.0071
   51   11   3244.6056   0.0090
   51   12   3423.0072   0.0119
   51   13   3599.9098   0.0172
   51   14   3775.0842   0.0256
   51   15   3948.2939   0.0384
   52   1   1129.5379   0.0020
   52   2   1432.4552   0.0025
   52   3   1685.6719   0.0041
   52   4   1909.5218   0.0055
   52   5   2123.4799   0.0065
   52   6   2327.0474   0.0076
   52   7   2520.9132   0.0077
   52   8   2711.0114   0.0072
   52   9   2898.7296   0.0067
   52   10   3082.8144   0.0074
   52   11   3263.8991   0.0090
   52   12   3443.1124   0.0122
   52   13   3620.7878   0.0179
   52   14   3796.7474   0.0271
   52   15   3970.9177   0.0413
   53   1   1138.7656   0.0024
   53   2   1443.4836   0.0025
   53   3   1697.4613   0.0043
   53   4   1922.4708   0.0054
   53   5   2137.6565   0.0067
   53   6   2341.9658   0.0072
   53   7   2536.6779   0.0078
   53   8   2727.8550   0.0073
   53   9   2916.3903   0.0068
   53   10   3101.2175   0.0074
   53   11   3283.0663   0.0092
   53   12   3463.0446   0.0128
   53   13   3641.4958   0.0187
   53   14   3818.1628   0.0290
   53   15   3993.0849   0.0440
   54   1   1147.9001   0.0021
   54   2   1454.3879   0.0028
   54   3   1709.1207   0.0042
   54   4   1935.2965   0.0057
   54   5   2151.7220   0.0066
   54   6   2356.7180   0.0075
   54   7   2552.3091   0.0079
   54   8   2744.5523   0.0072
   54   9   2933.9405   0.0066
   54   10   3119.4851   0.0072
   54   11   3302.0779   0.0094
   54   12   3482.8213   0.0132
   54   13   3662.0122   0.0202
   54   14   3839.5072   0.0307
   55   2   1465.1598   0.0028
   55   3   1720.6236   0.0041
   55   4   1948.0291   0.0056
   55   5   2165.6183   0.0066
   55   6   2371.3145   0.0076
   55   7   2567.8300   0.0078
   55   8   2761.1108   0.0071
   55   9   2951.3381   0.0065
   55   10   3137.5899   0.0076
   55   11   3320.9329   0.0095
   55   12   3502.4615   0.0137
   55   13   3682.3366   0.0204
   55   14   3860.4234   0.0309
   56   1   1165.8949   0.0018
   56   2   1475.7969   0.0026
   56   3   1731.9747   0.0043
   56   4   1960.6201   0.0058
   56   5   2179.3715   0.0067
   56   6   2385.7661   0.0077
   56   7   2583.2486   0.0077
   56   8   2777.5811   0.0070
   56   9   2968.5743   0.0066
   56   10   3155.5466   0.0077
   56   11   3339.6568   0.0097
   56   12   3521.9545   0.0144
   56   13   3702.5423   0.0223
   57   1   1174.7600   0.0017
   57   2   1486.3124   0.0028
   57   3   1743.2040   0.0043
   57   4   1973.1361   0.0056
   57   5   2193.0193   0.0067
   57   6   2400.0664   0.0076
   57   7   2598.5179   0.0075
   57   8   2793.8849   0.0068
   57   9   2985.6780   0.0067
   57   10   3173.3656   0.0078
   57   11   3358.2784   0.0099
   57   12   3541.3041   0.0148
   57   13   3722.6831   0.0225
   57   14   3902.2701   0.0343
   58   1   1183.5454   0.0018
   58   2   1496.6966   0.0028
   58   3   1754.2994   0.0044
   58   4   1985.5512   0.0056
   58   5   2206.4790   0.0067
   58   6   2414.2617   0.0076
   58   7   2613.7012   0.0075
   58   8   2810.0851   0.0069
   58   9   3002.6601   0.0067
   58   10   3191.0607   0.0080
   58   11   3376.7378   0.0103
   58   12   3560.5623   0.0156
   58   13   3742.5244   0.0244
   59   1   1192.2423   0.0016
   59   2   1506.9600   0.0031
   59   3   1765.2670   0.0044
   59   4   1997.8306   0.0056
   59   5   2219.8359   0.0068
   59   6   2428.3014   0.0076
   59   7   2628.7658   0.0076
   59   8   2826.1489   0.0068
   59   9   3019.4748   0.0067
   59   10   3208.6349   0.0082
   59   11   3395.0859   0.0107
   59   12   3579.6080   0.0162
   59   13   3762.2963   0.0256
   59   14   3943.1838   0.0386
   60   1   1200.8554   0.0022
   60   2   1517.1004   0.0031
   60   3   1776.1321   0.0043
   60   4   2010.0229   0.0059
   60   5   2233.0248   0.0068
   60   6   2442.2087   0.0076
   60   7   2643.7063   0.0074
   60   8   2842.0762   0.0067
   60   9   3036.1581   0.0068
   60   10   3226.0690   0.0084
   60   11   3413.3058   0.0111
   60   12   3598.6329   0.0169
   60   13   3781.9271   0.0268
   61   1   1209.3911   0.0018
   61   2   1527.1174   0.0030
   61   3   1786.8473   0.0050
   61   4   2022.1171   0.0061
   61   5   2246.0889   0.0073
   61   6   2456.0053   0.0077
   61   7   2658.5499   0.0073
   61   8   2857.8970   0.0068
   61   9   3052.7426   0.0068
   61   10   3243.3765   0.0082
   61   11   3431.4103   0.0115
   61   12   3617.4379   0.0178
   61   13   3801.5032   0.0290
   62   1   1217.8473   0.0018
   62   2   1537.0156   0.0032
   62   3   1797.4825   0.0049
   62   4   2034.1055   0.0061
   62   5   2259.0388   0.0072
   62   6   2469.6875   0.0076
   62   7   2673.3078   0.0071
   62   8   2873.6054   0.0068
   62   9   3069.1846   0.0070
   62   10   3260.5785   0.0083
   62   11   3449.3740   0.0118
   62   12   3636.1557   0.0183
   62   13   3820.8264   0.0280
   63   1   1226.2314   0.0020
   63   2   1546.7998   0.0033
   63   3   1808.0145   0.0049
   63   4   2046.0086   0.0062
   63   5   2271.8417   0.0073
   63   6   2483.2568   0.0078
   63   7   2687.9594   0.0071
   63   8   2889.1725   0.0066
   63   9   3085.4908   0.0071
   63   10   3277.6547   0.0085
   63   11   3467.2428   0.0125
   63   12   3654.7668   0.0192
   64   1   1234.5366   0.0020
   64   2   1556.4683   0.0033
   64   3   1818.4250   0.0051
   64   4   2057.8276   0.0061
   64   5   2284.5064   0.0073
   64   6   2496.7198   0.0076
   64   7   2702.4998   0.0072
   64   8   2904.6315   0.0066
   64   9   3101.6998   0.0071
   64   10   3294.6340   0.0086
   64   11   3484.9951   0.0129
   64   12   3673.1995   0.0203
   64   13   3859.2485   0.0305
   65   1   1242.7759   0.0020
   65   2   1566.0224   0.0034
   65   3   1828.7554   0.0052
   65   4   2069.5321   0.0063
   65   5   2297.0730   0.0072
   65   6   2510.0861   0.0074
   65   7   2716.9619   0.0072
   65   8   2919.9744   0.0066
   65   9   3117.7876   0.0072
   65   10   3311.4809   0.0088
   65   11   3502.6257   0.0134
   65   12   3691.4968   0.0220
   66   1   1250.9377   0.0018
   66   2   1575.4658   0.0036
   66   3   1838.9938   0.0050
   66   4   2081.1401   0.0063
   66   5   2309.5080   0.0073
   66   6   2523.3385   0.0075
   66   7   2731.3171   0.0071
   66   8   2935.2131   0.0066
   66   9   3133.7599   0.0071
   66   10   3328.2498   0.0090
   66   11   3520.1482   0.0139
   67   1   1259.0365   0.0021
   67   2   1584.8021   0.0034
   67   3   1849.1291   0.0053
   67   4   2092.6592   0.0064
   67   5   2321.8235   0.0073
   67   6   2536.4990   0.0075
   67   7   2745.5564   0.0071
   67   8   2950.3351   0.0067
   67   9   3149.5898   0.0072
   67   10   3344.8863   0.0093
   67   11   3537.5531   0.0125
   68   1   1267.0582   0.0021
   68   2   1594.0175   0.0035
   68   3   1859.1972   0.0051
   68   4   2104.0659   0.0065
   68   5   2334.0173   0.0074
   68   6   2549.5659   0.0075
   68   7   2759.7152   0.0070
   68   8   2965.3163   0.0066
   68   9   3165.3391   0.0073
   68   10   3361.4144   0.0096
   68   11   3554.9235   0.0120
   69   1   1275.0227   0.0021
   69   2   1603.1395   0.0036
   69   3   1869.1689   0.0053
   69   4   2115.4011   0.0065
   69   5   2346.1038   0.0074
   69   6   2562.5399   0.0074
   69   7   2773.7835   0.0068
   69   8   2980.2220   0.0067
   69   9   3180.9927   0.0074
   69   10   3377.8551   0.0100
   69   11   3572.0896   0.0155
   69   12   3763.8015   0.0238
   70   1   1282.9093   0.0020
   70   2   1612.1589   0.0037
   70   3   1879.0541   0.0053
   70   4   2126.6374   0.0066
   70   5   2358.0715   0.0074
   70   6   2575.4787   0.0074
   70   7   2787.7526   0.0068
   70   8   2995.0109   0.0065
   70   9   3196.5165   0.0075
   70   10   3394.1825   0.0104
   70   11   3589.1645   0.0165
   71   1   1290.7388   0.0021
   71   2   1621.0627   0.0038
   71   3   1888.8684   0.0055
   71   4   2137.7644   0.0065
   71   5   2369.9379   0.0073
   71   6   2588.2620   0.0072
   71   7   2801.6178   0.0068
   71   8   3009.6989   0.0067
   71   9   3211.9582   0.0076
   71   10   3410.4267   0.0107
   71   11   3606.2214   0.0176
   71   12   3799.3180   0.0276
   72   1   1298.5077   0.0022
   72   2   1629.8826   0.0040
   72   3   1898.6165   0.0053
   72   4   2148.8227   0.0067
   72   5   2381.7054   0.0073
   72   6   2600.9958   0.0073
   72   7   2815.4140   0.0067
   72   8   3024.2631   0.0066
   72   9   3227.2926   0.0076
   72   10   3426.5643   0.0111
   72   11   3623.0011   0.0171
   73   1   1306.2097   0.0023
   73   2   1638.5989   0.0041
   73   3   1908.2863   0.0055
   73   4   2159.7763   0.0066
   73   5   2393.3804   0.0073
   73   6   2613.6477   0.0072
   73   7   2829.1149   0.0067
   73   8   3038.7426   0.0066
   73   9   3242.5187   0.0078
   73   10   3442.6144   0.0114
   73   11   3639.8545   0.0241
   74   1   1313.8498   0.0023
   74   2   1647.2170   0.0039
   74   3   1917.8933   0.0055
   74   4   2170.6376   0.0066
   74   5   2404.9378   0.0074
   74   6   2626.2202   0.0072
   74   7   2842.6952   0.0067
   74   8   3053.1201   0.0066
   74   9   3257.6696   0.0079
   74   10   3458.5659   0.0120
   74   11   3656.6266   0.0182
   75   1   1321.4332   0.0022
   75   2   1655.7495   0.0039
   75   3   1927.4105   0.0056
   75   4   2181.3995   0.0068
   75   5   2416.4106   0.0074
   75   6   2638.7065   0.0071
   75   7   2856.2001   0.0066
   75   8   3067.3905   0.0067
   75   9   3272.7380   0.0081
   75   10   3474.4462   0.0123
   75   11   3673.1465   0.0247
   76   1   1328.9524   0.0024
   76   2   1664.1789   0.0042
   76   3   1936.8780   0.0056
   76   4   2192.0801   0.0068
   76   5   2427.7694   0.0074
   76   6   2651.1564   0.0071
   76   7   2869.6127   0.0066
   76   8   3081.5695   0.0068
   76   9   3287.7068   0.0083
   76   10   3490.2108   0.0129
   76   11   3689.7852   0.0203
   77   1   1336.4184   0.0023
   77   2   1672.5313   0.0038
   77   3   1946.2774   0.0056
   77   4   2202.6795   0.0068
   77   5   2439.0701   0.0074
   77   6   2663.4811   0.0071
   77   7   2882.9518   0.0066
   77   8   3095.6520   0.0067
   77   9   3302.5900   0.0086
   77   10   3505.8742   0.0132
   78   1   1343.8191   0.0024
   78   2   1680.7757   0.0040
   78   3   1955.6100   0.0056
   78   4   2213.1691   0.0069
   78   5   2450.2763   0.0074
   78   6   2675.7536   0.0069
   78   7   2896.1764   0.0065
   78   8   3109.6372   0.0068
   78   9   3317.3806   0.0086
   79   1   1351.1730   0.0024
   79   2   1688.9422   0.0043
   79   3   1964.8931   0.0056
   79   4   2223.5783   0.0068
   79   5   2461.3998   0.0074
   79   6   2687.9554   0.0069
   79   7   2909.3359   0.0065
   79   8   3123.5498   0.0068
   79   9   3332.0861   0.0087
   79   10   3536.9993   0.0141
   80   0   911.1634   0.0024
   80   1   1358.4643   0.0025
   80   2   1697.0299   0.0041
   80   3   1974.1285   0.0055
   80   4   2233.8934   0.0071
   80   5   2472.4535   0.0074
   80   6   2700.1120   0.0070
   80   7   2922.3876   0.0065
   80   8   3137.3803   0.0069
   80   9   3346.7201   0.0090
   80   10   3552.4114   0.0126
   81   0   916.6576   0.0012
   81   1   1365.7065   0.0024
   81   2   1705.0278   0.0042
   81   3   1983.2668   0.0058
   81   4   2244.1196   0.0070
   81   5   2483.4238   0.0073
   81   6   2712.1638   0.0070
   81   7   2935.3832   0.0064
   81   8   3151.0894   0.0070
   81   9   3361.2609   0.0097
   81   10   3567.7633   0.0165
   82   0   922.1333   0.0016
   82   1   1372.8936   0.0025
   82   2   1712.9530   0.0043
   82   3   1992.3650   0.0059
   82   4   2254.2694   0.0070
   82   5   2494.2876   0.0074
   82   6   2724.1566   0.0069
   82   7   2948.2675   0.0064
   82   8   3164.7553   0.0070
   82   9   3375.7291   0.0099
   82   10   3583.0301   0.0170
   83   0   927.5745   0.0028
   83   1   1380.0183   0.0025
   83   2   1720.8026   0.0043
   83   3   2001.4207   0.0059
   83   4   2264.3171   0.0070
   83   5   2505.1159   0.0074
   83   6   2736.0837   0.0068
   83   7   2961.0663   0.0064
   83   8   3178.3161   0.0071
   83   9   3390.0973   0.0103
   83   10   3598.1536   0.0131
   84   1   1387.1067   0.0025
   84   2   1728.5617   0.0044
   84   3   2010.3936   0.0058
   84   4   2274.2995   0.0070
   84   5   2515.8650   0.0073
   84   6   2747.9258   0.0068
   84   7   2973.7860   0.0064
   84   8   3191.7709   0.0072
   84   9   3404.4071   0.0105
   85   1   1394.1291   0.0025
   85   2   1736.2500   0.0044
   85   3   2019.3117   0.0061
   85   4   2284.1812   0.0071
   85   5   2526.5272   0.0073
   85   6   2759.7403   0.0067
   85   7   2986.4406   0.0065
   85   8   3205.1886   0.0073
   85   9   3418.6544   0.0109
   86   1   1401.1090   0.0027
   86   2   1743.8684   0.0044
   86   3   2028.1795   0.0060
   86   4   2293.9789   0.0070
   86   5   2537.1618   0.0073
   86   6   2771.4574   0.0067
   86   7   2998.9904   0.0064
   86   8   3218.5369   0.0074
   86   9   3432.8080   0.0113
   87   0   949.0337   0.0034
   87   1   1408.0312   0.0027
   87   2   1751.4149   0.0046
   87   3   2037.0236   0.0061
   87   4   2303.7185   0.0071
   87   5   2547.7206   0.0073
   87   6   2783.1210   0.0066
   87   7   3011.4772   0.0064
   87   8   3231.7961   0.0076
   87   9   3446.8942   0.0118
   88   0   954.3130   0.0024
   88   1   1414.9121   0.0026
   88   2   1758.9116   0.0045
   88   3   2045.7733   0.0061
   88   4   2313.3740   0.0072
   88   5   2558.1983   0.0072
   88   6   2794.6993   0.0066
   88   7   3023.9060   0.0065
   88   8   3244.9715   0.0076
   88   9   3460.9109   0.0125
   89   0   959.5656   0.0028
   89   1   1421.7373   0.0027
   89   2   1766.3155   0.0047
   89   3   2054.4971   0.0061
   89   4   2322.9471   0.0072
   89   5   2568.6266   0.0072
   89   6   2806.2173   0.0067
   89   7   3036.2132   0.0064
   89   8   3258.0673   0.0078
   89   9   3474.8537   0.0130
   90   0   964.7954   0.0034
   90   1   1428.5147   0.0028
   90   2   1773.6563   0.0047
   90   3   2063.1464   0.0062
   90   4   2332.4295   0.0071
   90   5   2578.9975   0.0073
   90   6   2817.6777   0.0065
   90   7   3048.4747   0.0065
   90   8   3271.1426   0.0079
   90   9   3488.7006   0.0133   
   90   10   3702.5507   0.0166
   91   0   969.9948   0.0024
   91   1   1435.2447   0.0028
   91   2   1780.9542   0.0047
   91   3   2071.7558   0.0062
   91   4   2341.8312   0.0073
   91   5   2589.3140   0.0073
   91   6   2829.0712   0.0065
   91   7   3060.6469   0.0065
   91   8   3284.1057   0.0081
   91   9   3502.5360   0.0139
   92   0   975.1522   0.0023
   92   1   1441.9346   0.0028
   92   2   1788.1789   0.0046
   92   3   2080.3094   0.0062
   92   4   2351.1912   0.0073
   92   5   2599.5806   0.0072
   92   6   2840.3956   0.0065
   92   7   3072.7578   0.0065
   92   8   3297.0011   0.0083
   92   9   3516.2232   0.0145
   93   0   980.2960   0.0030
   93   1   1448.5647   0.0029
   93   2   1795.3405   0.0047
   93   3   2088.8073   0.0063
   93   4   2360.4491   0.0073
   93   5   2609.7815   0.0072
   93   6   2851.6713   0.0065
   93   7   3084.8078   0.0065
   93   8   3309.8493   0.0086
   93   9   3529.8678   0.0150
   94   0   985.4133   0.0030
   94   1   1455.1506   0.0030
   94   2   1802.4444   0.0047
   94   3   2097.2578   0.0062
   94   4   2369.6644   0.0074
   94   5   2619.9326   0.0072
   94   6   2862.8581   0.0064
   94   7   3096.7565   0.0066
   94   8   3322.6096   0.0088
   94   9   3543.4972   0.0139
   95   0   990.4973   0.0022
   95   1   1461.6927   0.0031
   95   2   1809.4915   0.0048
   95   3   2105.6314   0.0064
   95   4   2378.7827   0.0074
   95   5   2630.0520   0.0072
   95   6   2873.9775   0.0065
   95   7   3108.6436   0.0067
   95   8   3335.3196   0.0092
   95   9   3557.0344   0.0165
   96   0   995.5824   0.0024
   96   1   1468.1897   0.0030
   96   2   1816.4830   0.0049
   96   3   2113.9788   0.0064
   96   4   2387.8439   0.0073
   96   5   2640.0773   0.0071
   96   6   2885.0377   0.0064
   96   7   3120.4770   0.0067
   96   8   3347.9623   0.0097
   96   9   3570.3730   0.0166
   97   0   1000.6026   0.0027
   97   1   1474.6429   0.0031
   97   2   1823.4248   0.0050
   97   3   2122.2678   0.0064
   97   4   2396.8261   0.0074
   97   5   2650.0995   0.0071
   97   6   2896.0512   0.0064
   97   7   3132.2289   0.0068
   97   8   3360.5636   0.0098
   98   0   1005.6128   0.0034
   98   1   1481.0520   0.0031
   98   2   1830.3285   0.0050
   98   3   2130.5032   0.0066
   98   4   2405.7653   0.0075
   98   5   2660.0299   0.0071
   98   6   2906.9627   0.0065
   98   7   3143.9451   0.0069
   98   8   3373.0637   0.0101   
   98   9   3597.1896   0.0190
   99   0   1010.5984   0.0028
   99   1   1487.4127   0.0030
   99   2   1837.1659   0.0050
   99   3   2138.6989   0.0066
   99   4   2414.6343   0.0075
   99   5   2669.9316   0.0071
   99   6   2917.8430   0.0064
   99   7   3155.5837   0.0070
   99   8   3385.5442   0.0106
   99   9   3610.3475   0.0162
   100   0   1015.5616   0.0031
   100   1   1493.7281   0.0032
   100   2   1843.9491   0.0051
   100   3   2146.8182   0.0066
   100   4   2423.4370   0.0075
   100   5   2679.7854   0.0070
   100   6   2928.6689   0.0064
   100   7   3167.1425   0.0069
   100   8   3397.9558   0.0107
   101   0   1020.4995   0.0025
   101   1   1500.0164   0.0034
   101   2   1850.7009   0.0051
   101   3   2154.9007   0.0067
   101   4   2432.1845   0.0076
   101   5   2689.5911   0.0070
   101   6   2939.4272   0.0065
   101   7   3178.6725   0.0071
   101   8   3410.3192   0.0114
   102   0   1025.4081   0.0024
   102   1   1506.2440   0.0034
   102   2   1857.3888   0.0051
   102   3   2162.9255   0.0066
   102   4   2440.8728   0.0076
   102   5   2699.3417   0.0070
   102   6   2950.0986   0.0064
   102   7   3190.1188   0.0072
   102   8   3422.5597   0.0116   
   102   9   3649.8880   0.0225
   103   0   1030.3058   0.0026
   103   1   1512.4355   0.0033
   103   2   1864.0388   0.0052
   103   3   2170.9083   0.0068
   103   4   2449.5248   0.0077
   103   5   2709.0553   0.0070
   103   6   2960.7303   0.0064
   103   7   3201.5199   0.0073
   103   8   3434.8193   0.0125
   104   0   1035.1660   0.0024
   104   1   1518.5939   0.0034
   104   2   1870.6605   0.0052
   104   3   2178.8369   0.0068
   104   4   2458.0954   0.0077
   104   5   2718.7340   0.0070
   104   6   2971.2904   0.0064
   104   7   3212.8307   0.0074
   104   8   3447.0048   0.0126
   105   0   1040.0037   0.0032
   105   1   1524.7002   0.0034
   105   2   1877.2243   0.0053
   105   3   2186.7102   0.0069
   105   4   2466.6252   0.0078
   105   5   2728.3424   0.0069
   105   6   2981.8135   0.0064
   105   7   3224.1372   0.0075
   105   8   3459.0947   0.0133
   106   0   1044.8170   0.0027
   106   1   1530.7702   0.0035
   106   2   1883.7567   0.0054
   106   3   2194.5332   0.0069
   106   4   2475.0870   0.0078
   106   5   2737.9167   0.0070
   106   6   2992.2632   0.0065
   106   7   3235.3573   0.0076
   106   8   3471.1698   0.0134
   107   0   1049.6275   0.0026
   107   1   1536.7867   0.0036
   107   2   1890.2384   0.0053
   107   3   2202.2961   0.0070
   107   4   2483.5021   0.0078
   107   5   2747.4610   0.0070
   107   6   3002.6650   0.0065
   107   7   3246.5420   0.0079
   108   0   1054.4040   0.0028
   108   1   1542.7813   0.0036
   108   2   1896.6817   0.0054
   108   3   2210.0224   0.0069
   108   4   2491.8734   0.0078
   108   5   2756.9303   0.0068
   108   6   3012.9781   0.0065
   108   7   3257.6416   0.0081
   108   8   3495.1340   0.0146
   109   0   1059.1584   0.0023
   109   1   1548.7358   0.0036
   109   2   1903.0944   0.0054
   109   3   2217.6701   0.0071
   109   4   2500.2066   0.0079
   109   5   2766.3595   0.0069
   109   6   3023.2780   0.0065
   109   7   3268.7035   0.0083
   110   0   1063.8868   0.0029
   110   1   1554.6417   0.0039
   110   2   1909.4696   0.0055
   110   3   2225.3047   0.0071
   110   4   2508.4937   0.0079
   110   5   2775.7664   0.0069
   110   6   3033.5034   0.0066
   110   7   3279.7302   0.0086
   110   8   3518.9472   0.0163
   111   0   1068.6026   0.0025
   111   1   1560.5084   0.0036
   111   2   1915.8056   0.0057
   111   3   2232.8534   0.0072
   111   4   2516.7430   0.0080
   111   5   2785.1205   0.0069
   111   6   3043.6741   0.0066
   111   7   3290.6924   0.0089   
   111   8   3530.7141   0.0163
   112   0   1073.2918   0.0029
   112   1   1566.3420   0.0038
   112   2   1922.1131   0.0057
   112   3   2240.3834   0.0073
   112   4   2524.9300   0.0079
   112   5   2794.4058   0.0069
   112   6   3053.7813   0.0066
   112   7   3301.6147   0.0090
   112   8   3542.3853   0.0179
   113   0   1077.9544   0.0029
   113   1   1572.1256   0.0039
   113   2   1928.4011   0.0056
   113   3   2247.8480   0.0073
   113   4   2533.0837   0.0080
   113   5   2803.6855   0.0068
   113   6   3063.8642   0.0067
   113   7   3312.4632   0.0093
   114   0   1082.6054   0.0025
   114   1   1577.8863   0.0038
   114   2   1934.6321   0.0057
   114   3   2255.2567   0.0074
   114   4   2541.1970   0.0080
   114   5   2812.9015   0.0069
   114   6   3073.8604   0.0067
   114   7   3323.2985   0.0097
   115   0   1087.2365   0.0026
   115   1   1583.6004   0.0039
   115   2   1940.8304   0.0058
   115   3   2262.6061   0.0073
   115   4   2549.2483   0.0079
   115   5   2822.0571   0.0068
   115   6   3083.8213   0.0068
   115   7   3334.0646   0.0101
   116   0   1091.8542   0.0027
   116   1   1589.2676   0.0041
   116   2   1947.0124   0.0057
   116   3   2269.9371   0.0074
   116   4   2557.2633   0.0080
   116   5   2831.2038   0.0069
   116   6   3093.7222   0.0068
   116   7   3344.7836   0.0103
   117   0   1096.4415   0.0025
   117   1   1594.9147   0.0040
   117   2   1953.1559   0.0058
   117   3   2277.1887   0.0076
   117   4   2565.2799   0.0080
   117   5   2840.2859   0.0069
   117   6   3103.5693   0.0069
   117   7   3355.4715   0.0109
   118   0   1101.0045   0.0025
   118   1   1600.5194   0.0041
   118   2   1959.2634   0.0060
   118   3   2284.4121   0.0077
   118   4   2573.2351   0.0081
   118   5   2849.3277   0.0068
   118   6   3113.3877   0.0069
   118   7   3366.1104   0.0109
   119   0   1105.5521   0.0024
   119   1   1606.0977   0.0041
   119   2   1965.3589   0.0060
   119   3   2291.5958   0.0078
   119   4   2581.1391   0.0083
   119   5   2858.3212   0.0068
   119   6   3123.1525   0.0071
   119   7   3376.6940   0.0115
   120   0   1110.0857   0.0026
   120   1   1611.6249   0.0040
   120   2   1971.4144   0.0061
   120   3   2298.7313   0.0077
   120   4   2589.0380   0.0082
   120   5   2867.2790   0.0068
   120   6   3132.8623   0.0071
   120   7   3387.2182   0.0120
   121   0   1114.6035   0.0025
   121   1   1617.1359   0.0042
   121   2   1977.4481   0.0060
   121   3   2305.8035   0.0078
   121   4   2596.8727   0.0082
   121   5   2876.1814   0.0069
   121   6   3142.5318   0.0072
   121   7   3397.7004   0.0122
   122   0   1119.1021   0.0026
   122   1   1622.5939   0.0042
   122   2   1983.4571   0.0062
   122   3   2312.7916   0.0080
   122   4   2604.6874   0.0083
   122   5   2885.0524   0.0068
   122   6   3152.1592   0.0072
   122   7   3408.1847   0.0133
   123   0   1123.5805   0.0023
   123   1   1628.0243   0.0042
   123   2   1989.4443   0.0062
   123   3   2319.7905   0.0081
   123   4   2612.4744   0.0082
   123   5   2893.8844   0.0068
   123   6   3161.7272   0.0075
   123   7   3418.6141   0.0130
   124   0   1128.0424   0.0024
   124   1   1633.4167   0.0042
   124   2   1995.3886   0.0063
   124   3   2326.7363   0.0082
   124   4   2620.2018   0.0083
   124   5   2902.6562   0.0069
   124   6   3171.2629   0.0075
   124   7   3428.9911   0.0149
   125   0   1132.4761   0.0028
   125   1   1638.7790   0.0042
   125   2   2001.3250   0.0064
   125   3   2333.6260   0.0082
   125   4   2627.9574   0.0083
   125   5   2911.3959   0.0069
   125   6   3180.7582   0.0078
   125   7   3439.3047   0.0133
   126   0   1136.9001   0.0027
   126   1   1644.1041   0.0044
   126   2   2007.2353   0.0064
   126   3   2340.4721   0.0085
   126   4   2635.6202   0.0083
   126   5   2920.1043   0.0069
   126   6   3190.2022   0.0078
   126   7   3449.5779   0.0162
   127   0   1141.3088   0.0024
   127   1   1649.4011   0.0044
   127   2   2013.1189   0.0065
   127   3   2347.2549   0.0084
   127   4   2643.2766   0.0085
   127   5   2928.7484   0.0069
   127   6   3199.6110   0.0080
   127   7   3459.8069   0.0145
   128   0   1145.7007   0.0024
   128   1   1654.6571   0.0044
   128   2   2018.9553   0.0065
   128   3   2354.0167   0.0086
   128   4   2650.9026   0.0083
   128   5   2937.3637   0.0070
   128   6   3208.9478   0.0082
   129   0   1150.0722   0.0022
   129   1   1659.8974   0.0044
   129   2   2024.8117   0.0066
   129   3   2360.7430   0.0086
   129   4   2658.5075   0.0085
   129   5   2945.9346   0.0069
   129   6   3218.2714   0.0084
   130   0   1154.4300   0.0022
   130   1   1665.0920   0.0045
   130   2   2030.6270   0.0067
   130   3   2367.3894   0.0089
   130   4   2666.0516   0.0084
   130   5   2954.4671   0.0071
   130   6   3227.5392   0.0086
   131   0   1158.7696   0.0024
   131   1   1670.2560   0.0045
   131   2   2036.4056   0.0067
   131   3   2374.0177   0.0090
   131   4   2673.6011   0.0083
   131   5   2962.9677   0.0071
   131   6   3236.8011   0.0087   
   131   7   3500.6270   0.0170
   132   0   1163.0887   0.0024
   132   1   1675.3852   0.0047
   132   2   2042.1783   0.0068
   132   3   2380.6086   0.0092
   132   4   2681.1195   0.0084
   132   5   2971.3982   0.0070
   132   6   3246.0143   0.0091
   133   0   1167.3946   0.0023
   133   1   1680.4776   0.0046
   133   2   2047.9075   0.0068
   133   3   2387.1572   0.0091
   133   4   2688.5913   0.0085
   133   5   2979.8093   0.0071
   133   6   3255.1727   0.0093
   134   0   1171.6893   0.0024
   134   1   1685.5568   0.0046
   134   2   2053.6612   0.0070
   134   3   2393.6561   0.0092
   134   4   2696.0541   0.0085
   134   5   2988.1747   0.0072
   134   6   3264.3122   0.0096
   135   0   1175.9647   0.0026
   135   1   1690.5909   0.0046
   135   2   2059.3423   0.0070
   135   3   2400.1038   0.0094
   135   4   2703.4730   0.0084
   135   5   2996.5143   0.0071
   135   6   3273.3830   0.0097
   136   0   1180.2240   0.0025
   136   1   1695.6132   0.0048
   136   2   2065.0397   0.0070
   136   3   2406.5645   0.0095
   136   4   2710.8765   0.0086
   136   5   3004.7902   0.0072
   136   6   3282.4360   0.0101
   137   0   1184.4676   0.0023
   137   1   1700.5953   0.0046
   137   2   2070.7112   0.0072
   137   3   2412.9276   0.0097
   137   4   2718.2491   0.0084
   137   5   3013.0358   0.0072
   137   6   3291.4533   0.0108
   138   0   1188.6897   0.0024
   138   1   1705.5455   0.0046
   138   2   2076.3361   0.0073
   138   3   2419.2883   0.0099
   138   4   2725.5859   0.0084
   138   5   3021.2708   0.0073
   138   6   3300.4578   0.0109
   139   0   1192.9124   0.0025
   139   1   1710.4582   0.0049
   139   2   2081.9702   0.0073
   139   3   2425.5915   0.0098
   139   4   2732.9220   0.0086
   139   5   3029.4274   0.0075
   139   6   3309.3821   0.0111
   140   0   1197.1085   0.0022
   140   1   1715.3550   0.0049
   140   2   2087.5937   0.0073
   140   3   2431.8849   0.0099
   140   4   2740.2155   0.0086
   140   5   3037.5534   0.0076
   140   6   3318.3017   0.0120
   141   0   1201.2898   0.0026
   141   1   1720.2232   0.0049
   141   2   2093.1798   0.0076
   141   3   2438.0898   0.0104
   141   4   2747.4832   0.0085
   141   5   3045.6536   0.0076
   141   6   3327.2036   0.0117
   142   0   1205.4587   0.0024
   142   1   1725.0517   0.0050
   142   2   2098.7456   0.0076
   142   3   2444.3232   0.0103
   142   4   2754.6975   0.0085
   142   5   3053.7067   0.0077
   142   6   3336.0698   0.0133
   143   0   1209.6123   0.0024
   143   1   1729.8607   0.0049
   143   2   2104.2833   0.0078
   143   3   2450.4758   0.0103
   143   4   2761.9354   0.0087
   143   5   3061.7533   0.0078
   143   6   3344.8699   0.0122
   144   0   1213.7484   0.0024
   144   1   1734.6343   0.0051
   144   2   2109.8225   0.0078
   144   3   2456.6383   0.0103
   144   4   2769.1108   0.0086
   144   5   3069.7391   0.0078
   144   6   3353.6550   0.0137
   145   0   1217.8774   0.0024
   145   1   1739.3851   0.0051
   145   2   2115.3250   0.0079
   145   3   2462.6788   0.0105
   145   4   2776.2666   0.0087
   145   5   3077.7054   0.0080
   145   6   3362.3577   0.0136
   146   0   1221.9879   0.0023
   146   1   1744.1165   0.0051
   146   2   2120.8400   0.0079
   146   4   2783.3939   0.0088
   146   5   3085.6215   0.0080
   147   0   1226.0889   0.0025
   147   1   1748.8286   0.0051
   147   2   2126.3156   0.0080
   147   3   2474.8987   0.0104
   147   4   2790.5125   0.0087
   147   5   3093.4968   0.0080
   147   6   3379.7909   0.0139
   148   0   1230.1768   0.0026
   148   1   1753.4860   0.0052
   148   2   2131.7828   0.0083
   148   3   2480.8100   0.0106
   148   4   2797.6051   0.0088
   148   5   3101.3752   0.0083
   149   0   1234.2404   0.0024
   149   1   1758.1453   0.0052
   149   2   2137.2139   0.0082
   149   4   2804.6512   0.0088
   149   5   3109.1695   0.0083
   150   0   1238.3039   0.0023
   150   1   1762.7590   0.0053
   150   2   2142.6191   0.0085
   150   3   2492.8194   0.0118
   150   4   2811.6843   0.0088
   150   5   3116.9625   0.0086
   150   6   3405.7689   0.0154
   151   0   1242.3370   0.0025
   151   1   1767.3552   0.0055
   151   2   2148.0487   0.0084
   151   3   2498.7033   0.0115
   151   4   2818.6906   0.0089
   151   5   3124.7162   0.0087
   152   0   1246.3681   0.0025
   152   1   1771.9288   0.0054
   152   2   2153.4304   0.0086
   152   3   2504.5898   0.0114
   152   4   2825.6798   0.0090
   152   5   3132.4304   0.0088
   153   0   1250.3896   0.0025
   153   1   1776.4635   0.0055
   153   2   2158.7806   0.0088
   153   4   2832.6291   0.0090
   153   5   3140.1169   0.0091
   154   0   1254.3967   0.0024
   154   1   1781.0029   0.0056
   154   2   2164.1532   0.0088
   154   4   2839.5506   0.0090
   154   5   3147.7817   0.0094
   155   0   1258.3799   0.0025
   155   1   1785.4835   0.0057
   155   2   2169.4676   0.0089
   155   3   2522.1383   0.0121
   155   4   2846.4376   0.0090
   155   5   3155.3985   0.0093
   156   0   1262.3629   0.0025
   156   1   1789.9620   0.0057
   156   2   2174.7827   0.0092
   156   4   2853.3009   0.0092
   156   5   3162.9655   0.0095
   157   0   1266.3243   0.0026
   157   1   1794.4073   0.0059
   157   2   2180.1153   0.0092
   157   4   2860.1815   0.0092
   157   5   3170.5531   0.0099
   158   0   1270.2758   0.0026
   158   1   1798.8411   0.0060
   158   2   2185.3785   0.0094
   158   4   2866.9937   0.0091
   158   5   3178.0789   0.0101
   159   0   1274.2232   0.0027
   159   1   1803.2478   0.0061
   159   2   2190.6560   0.0093
   159   4   2873.8174   0.0093
   159   5   3185.5960   0.0104
   160   0   1278.1517   0.0026
   160   1   1807.6178   0.0059
   160   2   2195.8754   0.0094
   160   4   2880.5724   0.0094
   160   5   3193.0494   0.0107
   161   0   1282.0639   0.0025
   161   1   1811.9573   0.0061
   161   2   2201.1203   0.0101
   161   4   2887.3042   0.0093
   161   5   3200.4951   0.0108
   162   0   1285.9693   0.0024
   162   1   1816.3278   0.0063
   162   2   2206.3767   0.0095
   162   4   2894.0306   0.0094
   162   5   3207.9011   0.0112
   163   0   1289.8613   0.0027
   163   1   1820.6328   0.0063
   163   2   2211.5294   0.0100
   163   4   2900.7084   0.0096
   163   5   3215.3213   0.0113
   164   0   1293.7452   0.0026
   164   1   1824.9272   0.0065
   164   2   2216.7334   0.0105
   164   4   2907.3853   0.0096
   164   5   3222.6939   0.0120
   165   0   1297.6059   0.0028
   165   1   1829.1882   0.0067
   165   2   2221.9153   0.0100
   165   4   2914.0556   0.0097
   165   5   3230.0584   0.0123
   166   0   1301.4676   0.0027
   166   1   1833.4355   0.0065
   166   2   2227.0225   0.0104
   166   4   2920.6708   0.0097
   166   5   3237.3471   0.0128
   167   0   1305.3071   0.0026
   167   1   1837.6679   0.0066
   167   4   2927.2527   0.0099
   167   5   3244.6661   0.0133
   168   0   1309.1455   0.0026
   168   1   1841.8670   0.0068
   168   4   2933.7923   0.0097
   168   5   3251.8833   0.0124
   169   0   1312.9686   0.0027
   169   1   1846.0730   0.0069
   169   4   2940.3565   0.0105
   170   0   1316.7794   0.0027
   170   1   1850.2276   0.0070
   170   4   2946.8813   0.0101
   170   5   3266.3550   0.0128
   171   0   1320.5740   0.0026
   171   1   1854.3651   0.0071
   171   4   2953.3849   0.0108
   172   0   1324.3584   0.0028
   172   1   1858.5005   0.0071
   172   4   2959.8324   0.0102
   173   0   1328.1393   0.0029
   173   1   1862.5861   0.0071
   173   4   2966.2582   0.0107
   174   0   1331.9085   0.0028
   174   1   1866.7024   0.0078
   174   4   2972.6973   0.0106
   175   0   1335.6685   0.0028
   175   1   1870.7736   0.0073
   175   4   2979.0785   0.0109
   176   0   1339.4202   0.0028
   176   1   1874.8167   0.0077
   176   4   2985.4338   0.0112
   177   0   1343.1460   0.0029
   177   1   1878.8410   0.0077
   177   4   2991.8097   0.0113
   178   0   1346.8688   0.0028
   178   1   1882.8464   0.0078
   178   4   2998.0977   0.0105
   179   0   1350.5883   0.0029
   179   1   1886.8852   0.0083
   180   0   1354.2907   0.0030
   180   1   1890.8451   0.0077
   180   4   3010.6516   0.0115
   181   0   1357.9814   0.0029
   181   1   1894.8406   0.0087
   182   0   1361.6704   0.0029
   182   1   1898.7615   0.0078
   183   0   1365.3388   0.0028
   183   1   1902.6776   0.0087
   183   4   3029.3264   0.0113
   184   0   1369.0021   0.0030
   184   1   1906.6091   0.0081
   185   0   1372.6540   0.0031
   185   1   1910.4794   0.0088
   186   0   1376.3008   0.0031
   186   1   1914.3913   0.0087
   187   0   1379.9322   0.0029
   187   1   1918.2392   0.0086
   188   0   1383.5572   0.0033
   189   0   1387.1748   0.0030
   189   1   1925.8784   0.0087
   190   0   1390.7845   0.0032
   191   0   1394.3809   0.0031
   192   0   1397.9635   0.0032
   193   0   1401.5352   0.0032
   194   0   1405.0964   0.0033
   195   0   1408.6644   0.0033
   196   0   1412.2108   0.0033
   197   0   1415.7498   0.0033
   198   0   1419.2784   0.0034
   199   0   1422.8056   0.0033
   200   0   1426.3117   0.0035
   201   0   1429.8125   0.0035
   202   0   1433.3155   0.0036
   203   0   1436.8004   0.0036
   204   0   1440.2878   0.0035
   205   0   1443.7506   0.0037
   206   0   1447.2221   0.0036
   207   0   1450.6719   0.0038
   208   0   1454.1122   0.0037
   209   0   1457.5499   0.0038
   210   0   1460.9701   0.0036
   211   0   1464.3957   0.0037
   212   0   1467.8023   0.0038
   213   0   1471.2137   0.0039
   214   0   1474.6067   0.0038
   215   0   1477.9996   0.0039
   216   0   1481.3720   0.0040
   217   0   1484.7524   0.0040
   218   0   1488.1078   0.0042
   219   0   1491.4672   0.0042
   220   0   1494.8205   0.0041
   221   0   1498.1622   0.0041
   222   0   1501.4950   0.0043
   223   0   1504.8220   0.0041
   224   0   1508.1340   0.0042
   225   0   1511.4499   0.0043
   226   0   1514.7516   0.0044
   227   0   1518.0468   0.0043
   228   0   1521.3440   0.0044
   229   0   1524.6239   0.0044
   230   0   1527.9077   0.0045
   231   0   1531.1662   0.0045
   232   0   1534.4385   0.0046
   233   0   1537.6903   0.0045
   234   0   1540.9359   0.0047
   235   0   1544.1778   0.0048
   236   0   1547.4071   0.0048
   237   0   1550.6292   0.0049
   238   0   1553.8437   0.0050
   239   0   1557.0630   0.0050
   240   0   1560.2768   0.0050
   241   0   1563.4704   0.0049
   242   0   1566.6555   0.0052
   243   0   1569.8558   0.0050
   244   0   1573.0296   0.0051
   245   0   1576.2021   0.0051
   246   0   1579.3769   0.0052
   247   0   1582.5347   0.0052
   248   0   1585.6919   0.0054
   249   0   1588.8384   0.0054
   250   0   1591.9711   0.0055
