0.000000000000000000e+00
8.291977361572101107e-03
8.358815564955272143e-03
8.426193636241932627e-03
8.494116762283553460e-03
8.562589295150245181e-03
8.631615592659321393e-03
8.701200012628102637e-03
8.771346967472330725e-03
8.842060727364469547e-03
8.913345571097778045e-03
8.985206008790469143e-03
9.057646977290651977e-03
9.130673792761879320e-03
9.204291774241308080e-03
9.278505806852204232e-03
9.353320370539966802e-03
9.428739803006697812e-03
9.504768620117814981e-03
9.581411856423884682e-03
9.658675068034227804e-03
9.736564016520694170e-03
9.815084059714070455e-03
9.894240012334371698e-03
9.974036522432713769e-03
1.005447848662676530e-02
1.013557138487539665e-02
1.021732104628010271e-02
1.029973317206710030e-02
1.038281321633283301e-02
1.046656653834489130e-02
1.055099857495810610e-02
1.063611486935058664e-02
1.072192083682515541e-02
1.080842185101740793e-02
1.089562344792144484e-02
1.098353132588987882e-02
1.107215150799233799e-02
1.116149060782364345e-02
1.125155583525102275e-02
1.134235444180891998e-02
1.143389222642601961e-02
1.152617216471710573e-02
1.161919513456757119e-02
1.171296366762070683e-02
1.180748754274385526e-02
1.190278320412401121e-02
1.199886355136020599e-02
1.209573189484185185e-02
1.219338736243076593e-02
1.229183156478082413e-02
1.239107018012942929e-02
1.249111152899094052e-02
1.259196430544797830e-02
1.269363629983534872e-02
1.279613472776747890e-02
1.289946658790185052e-02
1.300363861165096738e-02
1.310865732496479218e-02
1.321452949086544988e-02
1.332126206490639314e-02
1.342886186327137826e-02
1.353733589898589718e-02
1.364669132157153228e-02
1.375693530066507929e-02
1.386807511222660529e-02
1.398011807244660225e-02
1.409307158947082500e-02
1.420694313753787311e-02
1.432174014778231710e-02
1.443747020076602793e-02
1.455414096756933728e-02
1.467175999427088907e-02
1.479033486717975902e-02
1.490987343122919355e-02
1.503038364629651936e-02
1.515187329984294187e-02
1.527435020806569045e-02
1.539782246015417543e-02
1.552229814529780712e-02
1.564778533831798560e-02
1.577429208530009563e-02
1.590182657600960892e-02
1.603039720136414589e-02
1.616001222296922432e-02
1.629067997427042364e-02
1.642240871687326853e-02
1.655520692790342363e-02
1.668908334311074160e-02
1.682404638214884257e-02
1.696010482387160997e-02
1.709726756207698498e-02
1.723554303078660838e-02
1.737493993701430539e-02
1.751546739007817099e-02
1.765713428377615329e-02
1.779994922454600573e-02
1.794392126423378572e-02
1.808905974204573844e-02
1.823537356614782223e-02
1.838287157286594420e-02
1.853156318761441448e-02
1.868145786454355334e-02
1.883256478481150353e-02
1.898489312957640091e-02
1.913845203689236094e-02
1.929325086033364250e-02
1.944929934141075706e-02
1.960660689116999755e-02
1.976518294939368439e-02
1.992503709954422317e-02
2.008617893945203320e-02
2.024861821062762940e-02
2.041236426664527065e-02
2.057742628866309625e-02
2.074381454980797970e-02
2.091153912205465093e-02
2.108060885609703769e-02
2.125103355091769244e-02
2.142282373826765243e-02
2.159598904471336789e-02
2.177053860830894041e-02
2.194648234298100450e-02
2.212383056496046441e-02
2.230259268529360614e-02
2.248277831617886621e-02
2.266439826235946975e-02
2.284746206419379505e-02
2.303197821317552740e-02
2.321795662323129089e-02
2.340540832899246776e-02
2.359434371853001006e-02
2.378477124023356190e-02
2.397669965858899299e-02
2.417013950534734404e-02
2.436510072317126310e-02
2.456159334093145977e-02
2.475962687025029876e-02
2.495920994630155057e-02
2.516035229622772332e-02
2.536306347475520903e-02
2.556735333833859772e-02
2.577323193021660921e-02
2.598070742578671016e-02
2.618978759814210092e-02
2.640048251925751835e-02
2.661280264904395537e-02
2.682675570312257479e-02
2.704234998620293207e-02
2.725959532600360016e-02
2.747850014217820963e-02
2.769907256702019635e-02
2.792132136501543002e-02
2.814525486960947967e-02
2.837088072458346030e-02
2.859820691855071220e-02
2.882724182806083862e-02
2.905799266585466778e-02
2.929046727686544088e-02
2.952467392269868610e-02
2.976061866665445990e-02
2.999830922435392511e-02
3.023775282290590977e-02
3.047895476410596161e-02
3.072192158539845813e-02
3.096666016905999519e-02
3.121317744047120979e-02
3.146147878763570771e-02
3.171157051810970240e-02
3.196345883887334594e-02
3.221714737066506268e-02
3.247263993537540666e-02
3.272994151870371043e-02
3.298905845694222183e-02
3.324999536222202068e-02
3.351275463400070487e-02
3.377733995048873977e-02
3.404375565082503469e-02
3.431200499654775415e-02
3.458208910836166328e-02
3.485401091734072199e-02
3.512777562470439929e-02
3.540338269883634703e-02
3.568083215410456505e-02
3.596012980955295979e-02
3.624127557897346280e-02
3.652426634450799819e-02
3.680910339927741942e-02
3.709578805077061447e-02
3.738432113233212256e-02
3.767470179624939769e-02
3.796692791605699863e-02
3.826099888829852941e-02
3.855691179626804382e-02
3.885466560546885217e-02
3.915425979865259226e-02
3.945568931827989761e-02
3.975895057234835744e-02
4.006404068725605283e-02
4.037095546754417008e-02
4.067969113442619633e-02
4.099024576258883390e-02
4.130261463932492771e-02
4.161678839669222252e-02
4.193276176163118762e-02
4.225053223410814296e-02
4.257009370771901863e-02
4.289143862489074033e-02
4.321455972977847337e-02
4.353945021194565584e-02
4.386610383567611515e-02
4.419451193706006031e-02
4.452466609644385037e-02
4.485655941718288270e-02
4.519018376698372141e-02
4.552552875777540059e-02
4.586258217674977350e-02
4.620133676806197076e-02
4.654178689945222963e-02
4.688392137824106548e-02
4.722772744563594888e-02
4.757319560438252187e-02
4.792031686010676805e-02
4.826907956035289549e-02
4.861947195208904393e-02
4.897148325930800183e-02
4.932510351061110410e-02
4.968032266275963088e-02
5.003712595980772115e-02
5.039549934984196428e-02
5.075543557701751168e-02
5.111692553201626493e-02
5.147995348186771430e-02
5.184450445510583455e-02
5.221057063553340843e-02
5.257814137645530628e-02
5.294719953683606206e-02
5.331773271708338535e-02
5.368973047165429002e-02
5.406318198143754417e-02
5.443807638421787470e-02
5.481439829185699025e-02
5.519213356623344641e-02
5.557127318423719237e-02
5.595180881242265564e-02
5.633372412873093038e-02
5.671700263868697384e-02
5.710163723012603998e-02
5.748761706956886930e-02
5.787492783210988756e-02
5.826355724746889314e-02
5.865349403675833295e-02
5.904472873145987649e-02
5.943725171937509766e-02
5.983105173598445709e-02
6.022611419775820985e-02
6.062242802696093252e-02
6.101998601085181773e-02
6.141877580731059522e-02
6.181878271786343804e-02
6.221999829412070554e-02
6.262241918833613696e-02
6.302603473944662360e-02
6.343082981793804476e-02
6.383679653577310764e-02
6.424392733537877265e-02
6.465221247524452486e-02
6.506164520240582949e-02
6.547221531557588514e-02
6.588391166517920672e-02
6.629672946666863298e-02
6.671066147856728745e-02
6.712569630704356971e-02
6.754182906697420163e-02
6.795905544795628750e-02
6.837736428604639094e-02
6.879674999208876263e-02
6.921721035340989980e-02
6.963873445032253695e-02
7.006131509882183861e-02
7.048495285926019427e-02
7.090964125166526744e-02
7.133537070694263849e-02
7.176213816470629336e-02
7.218994027720998519e-02
7.261877190070625820e-02
7.304862970181688619e-02
7.347951086441198432e-02
7.391141224189747005e-02
7.434432963881451584e-02
7.477826032524129141e-02
7.521320216034438344e-02
7.564915191132161321e-02
7.608610939138887863e-02
7.652407378156959872e-02
7.696304153296543160e-02
7.740301247316024036e-02
7.784398854183532945e-02
7.828596886254211851e-02
7.872895109329502983e-02
7.917293748987157265e-02
7.961792772180754929e-02
8.006391793847635052e-02
8.051091460548231993e-02
8.095892280910085836e-02
8.140793996309023117e-02
8.185796711631514178e-02
8.230900821997824690e-02
8.276106643504163585e-02
8.321414452016316632e-02
8.366824580872106454e-02
8.412337405076583674e-02
8.457953338428426948e-02
8.503672656793417883e-02
8.549495631726941602e-02
8.595422336505843808e-02
8.641453305620082348e-02
8.687589590807963391e-02
8.733831515349700647e-02
8.780179299075840937e-02
8.826633477913144177e-02
8.873194751583678153e-02
8.919864075560081373e-02
8.966641843525818834e-02
9.013528143125745795e-02
9.060524250239118671e-02
9.107631127522579362e-02
9.154848734745703320e-02
9.202177768756954201e-02
9.249619255432219023e-02
9.297174085588093273e-02
9.344843197455605932e-02
9.392627535012987305e-02
9.440527546542136494e-02
9.488543928891519930e-02
9.536677988113212434e-02
9.584930569046178073e-02
9.633302706187109321e-02
9.681795255869378447e-02
9.730409039943135885e-02
9.779145762454319324e-02
9.828006278299503129e-02
9.876990996966959757e-02
9.926101319337625462e-02
9.975338683649265237e-02
1.002470451089802622e-01
1.007419993615666920e-01
1.012382567064166877e-01
1.017358302184190183e-01
1.022347348834076741e-01
1.027349836756953627e-01
1.032365906184594534e-01
1.037395689015327555e-01
1.042439294158665625e-01
1.047496890295041699e-01
1.052568646679608727e-01
1.057654666187315823e-01
1.062755102268505281e-01
1.067870133804896954e-01
1.072999913384753007e-01
1.078144588711211910e-01
1.083304299585007430e-01
1.088479198738081660e-01
1.093669469793597387e-01
1.098875290627513573e-01
1.104096823454658594e-01
1.109334245719951484e-01
1.114587732282068949e-01
1.119857421504943523e-01
1.125143502615261748e-01
1.130446214984063974e-01
1.135765721113538573e-01
1.141102162959620747e-01
1.146455741674444889e-01
1.151826664301029424e-01
1.157215110583174750e-01
1.162621263425643175e-01
1.168045335762336878e-01
1.173487548860604190e-01
1.178948088929849536e-01
1.184427124506825524e-01
1.189924881169283077e-01
1.195441591391617903e-01
1.200977432762428410e-01
1.206532601405046062e-01
1.212107322178821167e-01
1.217701821810945467e-01
1.223316318407804693e-01
1.228951007374329552e-01
1.234606099201860790e-01
1.240281836709761082e-01
1.245978436998655403e-01
1.251696115301327572e-01
1.257435109552017261e-01
1.263195625787981724e-01
1.268977896770976943e-01
1.274782160866282099e-01
1.280608597961377937e-01
1.286457426737370180e-01
1.292328899352828131e-01
1.298223222563409385e-01
1.304140623383666375e-01
1.310081341471998895e-01
1.316045583440385580e-01
1.322033561935368196e-01
1.328045485580446605e-01
1.334081570326805521e-01
1.340142039884353875e-01
1.346227112503158019e-01
1.352337013473608740e-01
1.358471951850245829e-01
1.364632126342641971e-01
1.370817748878938869e-01
1.377029026358475294e-01
1.383266152318340658e-01
1.389529326042827917e-01
1.395818756873837274e-01
1.402134643233581279e-01
1.408477155670334324e-01
1.414846473353175982e-01
1.421242799589442496e-01
1.427666312398772619e-01
1.434117159340625169e-01
1.440595504928710302e-01
1.447101529337868342e-01
1.453635386018441999e-01
1.460197212903323605e-01
1.466787160856613814e-01
1.473405373558409337e-01
1.480051977447194023e-01
1.486727093214248729e-01
1.493430842987655549e-01
1.500163344585093150e-01
1.506924698582628452e-01
1.513715002682727295e-01
1.520534348840650585e-01
1.527382806022845041e-01
1.534260444632557507e-01
1.541167327889030325e-01
1.548103483091481658e-01
1.555068928918323934e-01
1.562063707036785154e-01
1.569087834688476790e-01
1.576141278826976855e-01
1.583224039452285348e-01
1.590336112253999401e-01
1.597477465622497428e-01
1.604648046396144334e-01
1.611847776987688219e-01
1.619076592741085785e-01
1.626334427563492502e-01
1.633621202430856068e-01
1.640936799525497258e-01
1.648281098156135493e-01
1.655653979068291148e-01
1.663055304329071615e-01
1.670484917327172414e-01
1.677942652830483050e-01
1.685428331238883193e-01
1.692941767205048964e-01
1.700482765324049794e-01
1.708051117259746232e-01
1.715646600307989267e-01
1.723268975959819649e-01
1.730918001395874428e-01
1.738593416555180293e-01
1.746294951319156130e-01
1.754022337006022336e-01
1.761775294876392617e-01
1.769553527512467694e-01
1.777356715944434784e-01
1.785184544076081903e-01
1.793036697247999134e-01
1.800912846432765890e-01
1.808812658292559550e-01
1.816735802363158847e-01
1.824681961111551398e-01
1.832650832809535890e-01
1.840642102797701296e-01
1.848655436301423760e-01
1.856690485614871100e-01
1.864746914526617949e-01
1.872824379641234993e-01
1.880922520321681168e-01
1.889040971620511711e-01
1.897179375774288024e-01
1.905337353467555783e-01
1.913514522511259863e-01
1.921710507900349363e-01
1.929924914514559720e-01
1.938157354417631983e-01
1.946407436799704183e-01
1.954674753609303706e-01
1.962958905415763122e-01
1.971259484167609821e-01
1.979576071755764222e-01
1.987908252944748100e-01
1.996255621119890078e-01
2.004617778287323682e-01
2.012994332200386260e-01
2.021384899233221732e-01
2.029789100070376329e-01
2.038206561143599826e-01
2.046636908884642558e-01
2.055079775472458681e-01
2.063534810327613545e-01
2.072001658560269632e-01
2.080479973901395718e-01
2.088969417265964523e-01
2.097469651005750557e-01
2.105980354714139524e-01
2.114501202237313304e-01
2.123031877479060192e-01
2.131572070090372861e-01
2.140121476906248210e-01
2.148679793324883014e-01
2.157246726238880863e-01
2.165821982540845902e-01
2.174405283491391561e-01
2.182996354661534411e-01
2.191594925932693616e-01
2.200200737243895310e-01
2.208813527097364671e-01
2.217433046926535201e-01
2.226059052475243827e-01
2.234691303797730066e-01
2.243329565258636027e-01
2.251973611280211063e-01
2.260623216284704251e-01
2.269278163315170405e-01
2.277938241161868160e-01
2.286603241488658622e-01
2.295272961706605885e-01
2.303947204973978147e-01
2.312625778759447304e-01
2.321308496278887690e-01
2.329995173621776661e-01
2.338685636935197987e-01
2.347379715239837072e-01
2.356077247613986569e-01
2.364778080319943354e-01
2.373482066804009638e-01
2.382189073443695682e-01
2.390898983858124327e-01
2.399611688850421809e-01
2.408327109396535826e-01
2.417045180840422802e-01
2.425765867262058839e-01
2.434489165787841747e-01
2.443215112337795980e-01
2.451943781625571528e-01
2.460675298652851561e-01
2.469409848766960236e-01
2.478147676224060902e-01
2.486889081315554750e-01
2.495634430425686390e-01
2.504384163215550019e-01
2.513138808427899384e-01
2.521898991071152563e-01
2.530665430982590447e-01
2.539438947138761837e-01
2.548220451908276285e-01
2.557010953925408225e-01
2.565811546595689885e-01
2.574623400911903448e-01
2.583447755396477974e-01
2.592285891675870091e-01
2.601139118675755979e-01
2.610008753942616444e-01
2.618896086286913727e-01
2.627802354231076332e-01
2.636728702905469235e-01
2.645676166806785745e-01
2.654645612326004267e-01
2.663637721943581949e-01
2.672652949688621993e-01
2.681691492402856203e-01
2.690753245199815069e-01
2.699837789970417901e-01
2.708944389635771777e-01
2.718071992457574138e-01
2.727219239222115621e-01
2.736384483355494002e-01
2.745565815349232941e-01
2.754761102990706534e-01
2.763968037340769346e-01
2.773184181584992802e-01
2.782407029942500221e-01
2.791634065138007825e-01
2.800862811563459842e-01
2.810090891313266059e-01
2.819316067288330507e-01
2.828536281989676437e-01
2.837749687691267786e-01
2.846954666555223112e-01
2.856149842126221583e-01
2.865334083641906671e-01
2.874506498848881653e-01
2.883666428255505232e-01
2.892813427890281175e-01
2.901947252060244620e-01
2.911067827488546533e-01
2.920175241820046064e-01
2.929269713448487966e-01
2.938351571401294215e-01
2.947421239534746551e-01
2.956479214981978521e-01
2.965526049474558890e-01
2.974562336411284424e-01
2.983588697926971567e-01
2.992605769087644529e-01
3.001614192143333137e-01
3.010614613654470362e-01
3.019607665813478503e-01
3.028593969318372214e-01
3.037574127625556342e-01
3.046548722639419449e-01
3.055518313275534803e-01
3.064483438334263954e-01
3.073444603569543965e-01
3.082402291746498824e-01
3.091356959767833645e-01
3.100309038673836892e-01
3.109258933642378708e-01
3.118207025425714929e-01
3.127153671787284428e-01
3.136099204628109427e-01
3.145043937170798332e-01
3.153988159649147027e-01
3.162932145055336597e-01
3.171876146266336405e-01
3.180820396043902987e-01
3.189765115655384120e-01
3.198710504816112410e-01
3.207656751747014479e-01
3.216604036048210657e-01
3.225552517204607339e-01
3.234502350390708325e-01
3.243453677849808536e-01
3.252406627457193888e-01
3.261361322777747151e-01
3.270317877318743571e-01
3.279276394529853089e-01
3.288236972113540157e-01
3.297199700588266391e-01
3.306164663288486683e-01
3.315131942111855801e-01
3.324101608898422655e-01
3.333073734051433812e-01
3.342048379353330101e-01
3.351025608023354696e-01
3.360005474659943370e-01
3.368988030987931093e-01
3.377973327295351602e-01
3.386961412433437402e-01
3.395952329506217171e-01
3.404946121617720145e-01
3.413942828998373091e-01
3.422942490441801544e-01
3.431945134684025178e-01
3.440950791897864347e-01
3.449959492256138294e-01
3.458971264494867248e-01
3.467986148844477978e-01
3.477004179788192872e-01
3.486025383188429694e-01
3.495049770539596090e-01
3.504077360520104767e-01
3.513108173245169108e-01
3.522142225956400030e-01
3.531179543079414618e-01
3.540220146166227488e-01
3.549264056768852149e-01
3.558311296439303217e-01
3.567361889603197778e-01
3.576415854938947425e-01
3.585473213998566777e-01
3.594533989770872240e-01
3.603598202371075532e-01
3.612665873351192380e-01
3.621737022826435615e-01
3.630811672348820407e-01
3.639889842033559031e-01
3.648971550559064747e-01
3.658056819477352173e-01
3.667145667466833459e-01
3.676238113205920754e-01
3.685334178246628678e-01
3.694433879830569256e-01
3.703537235199353961e-01
3.712644261594593709e-01
3.721754977694701205e-01
3.730869402178089156e-01
3.739987553723169711e-01
3.749109453881957488e-01
3.758235118459263835e-01
3.767364566133499792e-01
3.776497817019879855e-01
3.785634894107218762e-01
3.794775813200327863e-01
3.803920594414419987e-01
3.813069257864708517e-01
3.822221822229606158e-01
3.831378304750724939e-01
3.840538726980078366e-01
3.849703106159278465e-01
3.858871463840339300e-01
3.868043818701674130e-01
3.877220189421695107e-01
3.886400597552416292e-01
3.895585064645851747e-01
3.904773607943614611e-01
3.913966250434518512e-01
3.923163009360176035e-01
3.932363910583003830e-01
3.941568975655016516e-01
3.950778223254626798e-01
3.959991676370650526e-01
3.969209357991901888e-01
3.978431292543997966e-01
3.987657504452554735e-01
3.996888015269587369e-01
4.006122849420711285e-01
4.015362034205144925e-01
4.024605598358907965e-01
4.033853592170034141e-01
4.043106042937740785e-01
4.052362712153069202e-01
4.061623609873625806e-01
4.070891093889787982e-01
4.080167695844848508e-01
4.089442271910553872e-01
4.098681827389635268e-01
4.107862886391192014e-01
4.117016933534681788e-01
4.126209478323120128e-01
4.135468815677832977e-01
4.144770659352176589e-01
4.154084016112620237e-01
4.163398463404993644e-01
4.172715739758459108e-01
4.182037905545595291e-01
4.191365184907351327e-01
4.200697425542825325e-01
4.210034620268013339e-01
4.219376810750142814e-01
4.228724031472436695e-01
4.238076311170914101e-01
4.247433681455196619e-01
4.256796168187700902e-01
4.266163805851650448e-01
4.275536623183064933e-01
4.284914653228365511e-01
4.294297926160372536e-01
4.303686473588708150e-01
4.313080328559792953e-01
4.322479524120050320e-01
4.331884090442299495e-01
4.341294057699361386e-01
4.350709460374458937e-01
4.360130332950815091e-01
4.369556705601249647e-01
4.378988611372184869e-01
4.388426081873242346e-01
4.397869150150843787e-01
4.407317847814610778e-01
4.416772205037362564e-01
4.426232257739124432e-01
4.435698034655914390e-01
4.445169570270956494e-01
4.454646896193871219e-01
4.464130044034279599e-01
4.473619045401803773e-01
4.483113930469262987e-01
4.492614732283079504e-01
4.502121482452874912e-01
4.511634209714667776e-01
4.521152945678079682e-01
4.530677723389532341e-01
4.540208573021846661e-01
4.549745524747841885e-01
4.559288610177140155e-01
4.568837859482560715e-01
4.578393302836924472e-01
4.587954968976249992e-01
4.597522886636557504e-01
4.607097085990665697e-01
4.616677592900993443e-01
4.626264437540359986e-01
4.635857644334381300e-01
4.645457239145475703e-01
4.655063249272861081e-01
4.664675699142153409e-01
4.674294614615770449e-01
4.683920017245726264e-01
4.693551935768040528e-01
4.703190387424324159e-01
4.712835396640194241e-01
4.722486983530863602e-01
4.732145172521948773e-01
4.741809979418259990e-01
4.751481421461409838e-01
4.761159507272202940e-01
4.770844238287440531e-01
4.780535624564729580e-01
4.790233671851273911e-01
4.799938384457476670e-01
4.809649769567341804e-01
4.819367831491273013e-01
4.829092574539672889e-01
4.838824005896545932e-01
4.848562126998693933e-01
4.858306943593319605e-01
4.868058457117225291e-01
4.877816667570409881e-01
4.887581579263276521e-01
4.897353187885422066e-01
4.907131494873648303e-01
4.916916497354352766e-01
4.926708189580331632e-01
4.936506570114783665e-01
4.946311628900103008e-01
4.956123363062686638e-01
4.965941763981729928e-01
4.975766820162824122e-01
4.985598517237960214e-01
4.995436840839128645e-01
5.005281762230309184e-01
5.015133255549086844e-01
5.024991294933041086e-01
5.034855848772553655e-01
5.044726888331604320e-01
5.054604377690168349e-01
5.064488286675427053e-01
5.074378577930553913e-01
5.084275209788321481e-01
5.094178144891905458e-01
5.104087343010877964e-01
5.114002758167608409e-01
5.123924347258068668e-01
5.133852061431026792e-01
5.143785854708849969e-01
5.153725678240306252e-01
5.163671475990158077e-01
5.173623197670372820e-01
5.183580787245711807e-01
5.193544187244137911e-01
5.203513341630412459e-01
5.213488192932497212e-01
5.223468677931150106e-01
5.233454731970328400e-01
5.243446294704390276e-01
5.253443301477294103e-01
5.263445687632996028e-01
5.273453384205049055e-01
5.283466322227008405e-01
5.293484434169227759e-01
5.303507649628461662e-01
5.313535892454257503e-01
5.323569089369766250e-01
5.333607167098141089e-01
5.343650048052127621e-01
5.353697654644474779e-01
5.363749910724731063e-01
5.373806741579248980e-01
5.383868069620773023e-01
5.393933814388451875e-01
5.404003896858232681e-01
5.414078238006061472e-01
5.424156757371084714e-01
5.434239377366050228e-01
5.444326017530105588e-01
5.454416595965594361e-01
5.464511036522067267e-01
5.474609254428265404e-01
5.484711170660138135e-01
5.494816709067232852e-01
5.504925786315094660e-01
5.515038323379670704e-01
5.525154241236908126e-01
5.535273462299554748e-01
5.545395907543557712e-01
5.555521502255268418e-01
5.565650173157835612e-01
5.575781841227206437e-01
5.585916433186534080e-01
5.596053877195769077e-01
5.606194102851664862e-01
5.616337036877372402e-01
5.626482597375236372e-01
5.636630702447601449e-01
5.646781261576009348e-01
5.656934189989201167e-01
5.667089404352722015e-01
5.677246821332115889e-01
5.687406359029728575e-01
5.697567938421506106e-01
5.707731474736192911e-01
5.717896888949736134e-01
5.728064099164480449e-01
5.738233026356373001e-01
5.748403588627759575e-01
5.758575706954586204e-01
5.768749305186403609e-01
5.778924299988754676e-01
5.789100613774387227e-01
5.799278168956051305e-01
5.809456885072891152e-01
5.819636680227252556e-01
5.829817478268685127e-01
5.839999195862732861e-01
5.850181756858944260e-01
5.860365077922864430e-01
5.870549078593638725e-01
5.880733679847215400e-01
5.890918799785938020e-01
5.901104352201750336e-01
5.911290253760196345e-01
5.921476419690019366e-01
5.931662763783160930e-01
5.941849198394764109e-01
5.952035637316769323e-01
5.962221991467517856e-01
5.972408173202151671e-01
5.982594093439009830e-01
5.992779661659632939e-01
6.002964785908758705e-01
6.013149371357524586e-01
6.023333324613867612e-01
6.033516547975321664e-01
6.043698949486626670e-01
6.053880430008515834e-01
6.064060886091319214e-01
6.074240217158970445e-01
6.084418316888198230e-01
6.094595080392531949e-01
6.104770398475100057e-01
6.114944161939026568e-01
6.125116258713839690e-01
6.135286570981858256e-01
6.145454979488604863e-01
6.155621364979597665e-01
6.165785596705949390e-01
6.175947536734768262e-01
6.186107027017949678e-01
6.196263898012978055e-01
6.206417988798147434e-01
6.216569138451749632e-01
6.226717183178475112e-01
6.236861957746212548e-01
6.247003296922853943e-01
6.257141031165882605e-01
6.267274990932787393e-01
6.277405003807452477e-01
6.287530894500159562e-01
6.297652481973988747e-01
6.307769586628820813e-01
6.317882027427732528e-01
6.327989617586599058e-01
6.338092170321297791e-01
6.348189495974099206e-01
6.358281400576875075e-01
6.368367693035097421e-01
6.378448173633433083e-01
6.388522651277352971e-01
6.398590929125126392e-01
6.408652807461419076e-01
6.418708092318101688e-01
6.428756586853443533e-01
6.438798094225710589e-01
6.448832380236348971e-01
6.458859146030756504e-01
6.468878076949524658e-01
6.478888874138051257e-01
6.488891232994534741e-01
6.498884841733165718e-01
6.508869388568135905e-01
6.518844544472024438e-01
6.528809976107008417e-01
6.538765341514460872e-01
6.548710287241342742e-01
6.558644455524217376e-01
6.568567479978837387e-01
6.578478994220958720e-01
6.588378628992735964e-01
6.598266019346722411e-01
6.608140796025071539e-01
6.618002604137948053e-01
6.627851103163522328e-01
6.637685964074374612e-01
6.647506877958297977e-01
6.657313554581498760e-01
6.667105722388595446e-01
6.676883135686624282e-01
6.686645560277028055e-01
6.696392773455656089e-01
6.706124562575969117e-01
6.715840709244219608e-01
6.725540993629859354e-01
6.735225178660732004e-01
6.744893011459868193e-01
6.754544211851079005e-01
6.764178470922158626e-01
6.773795443840875397e-01
6.783394752728578725e-01
6.792975976602586563e-01
6.802538657123390342e-01
6.812082203765796873e-01
6.821605860772500529e-01
6.831108842213374777e-01
6.840590380836707451e-01
6.850049702206779667e-01
6.859486064934295912e-01
6.868898752055576651e-01
6.878286994882107930e-01
6.887649934206915292e-01
6.896986673466198869e-01
6.906296320406561939e-01
6.915577948291383725e-01
6.924830568601603176e-01
6.934053208622971143e-01
6.943244910009246373e-01
6.952404586538900588e-01
6.961531012620716385e-01
6.970622954042666741e-01
6.979679170845521918e-01
6.988698364161214371e-01
6.997679308398524478e-01
7.006621000670379962e-01
7.015522574585802973e-01
7.024382933865659373e-01
7.033200499465692701e-01
7.041973465327096005e-01
7.050700029701463256e-01
7.059377923880078010e-01
7.068004854728605624e-01
7.076580417069174844e-01
7.085104358024817417e-01
7.093571168900648649e-01
7.102010302679567788e-01
7.110472307456184859e-01
7.118954857049742957e-01
7.127433130723640486e-01
7.135901510586121210e-01
7.144359992326781983e-01
7.152808575945621694e-01
7.161247216901811541e-01
7.169675873528122967e-01
7.178094502720527847e-01
7.186503062811797626e-01
7.194901510697904179e-01
7.203289803274818270e-01
7.211667896001711098e-01
7.220035745774552316e-01
7.228393306615711333e-01
7.236740536857960704e-01
7.245077390523669836e-01
7.253403823072008816e-01
7.261719792835750198e-01
7.270025253837262280e-01
7.278320164409317616e-01
7.286604477137484936e-01
7.294878148917735006e-01
7.303141136646038589e-01
7.311393394344766206e-01
7.319634877473086831e-01
7.327865542926972342e-01
7.336085347602393503e-01
7.344294244084917933e-01
7.352492193580920654e-01
7.360679151549572863e-01
7.368855072013241747e-01
7.377019910431098504e-01
7.385173628009517044e-01
7.393316180207667454e-01
7.401447522484719821e-01
7.409567613173447809e-01
7.417676407733019284e-01
7.425773861622605443e-01
7.433859933174978840e-01
7.441934580722912029e-01
7.449997758288772198e-01
7.458049422768533443e-01
7.466089531058164308e-01
7.474118041490437347e-01
7.482134912398126225e-01
7.490140100677200596e-01
7.498133560350030979e-01
7.506115249749387708e-01
7.514085127208045556e-01
7.522043149621973068e-01
7.529989275323943909e-01
7.537923461209927734e-01
7.545845664175898637e-01
7.553755843991426522e-01
7.561653957552484373e-01
7.569539961755041846e-01
7.577413814931873715e-01
7.585275478289351669e-01
7.593124910160248264e-01
7.600962070314136731e-01
7.608786917083790735e-01
7.616599408801979498e-01
7.624399508111880941e-01
7.632187171909463608e-01
7.639962359964302951e-01
7.647725030609169306e-01
7.655475145050437691e-01
7.663212660184078873e-01
7.670937537216467872e-01
7.678649733043574344e-01
7.686349207434971520e-01
7.694035921597034422e-01
7.701709830988933136e-01
7.709370898253842253e-01
7.717019080287733646e-01
7.724654336860179438e-01
7.732276629177553540e-01
7.739885914135827827e-01
7.747482154378177999e-01
7.755065305363771921e-01
7.762635328298986837e-01
7.770192184390193324e-01
7.777735831970167268e-01
7.785266230808478571e-01
7.792783340674701575e-01
7.800287121338409513e-01
7.807777534005976294e-01
7.815254538446974042e-01
7.822718097304579565e-01
7.830168167474763630e-01
7.837604710163899036e-01
7.845027688015162592e-01
7.852437059361324634e-01
7.859832791155964005e-01
7.867214846042255294e-01
7.874583188100174880e-01
7.881937785720102285e-01
7.889278598671608522e-01
7.896605593908273546e-01
7.903918731199669478e-01
7.911217974625772698e-01
7.918503288266558471e-01
7.925774633328401819e-01
7.933031972454477332e-01
7.940275266851158920e-01
7.947504479161621171e-01
7.954719570592239108e-01
7.961920503786187320e-01
7.969107237076238359e-01
7.976279734542367494e-01
7.983437960264549993e-01
7.990581871138758840e-01
7.997711432681769983e-01
8.004826604663157763e-01
8.011927349726094549e-01
8.019013626203354006e-01
8.026085399611714299e-01
8.033142631157547120e-01
8.040185286357631744e-01
8.047213330728743008e-01
8.054226726914056611e-01
8.061225443303952076e-01
8.068209442541603993e-01
8.075178691580590096e-01
8.082133158811288798e-01
8.089072808313677587e-01
8.095997608478133767e-01
8.102907527695037970e-01
8.109802531481165033e-01
8.116682589663695158e-01
8.123547667759406510e-01
8.130397734158677503e-01
8.137232760125487907e-01
8.144052712613417677e-01
8.150857561449644795e-01
8.157647275024547673e-01
8.164421820291706267e-01
8.171181169951901024e-01
8.177925290958710791e-01
8.184654154576114227e-01
8.191367730631293753e-01
8.198065987514626674e-01
8.204748893616492511e-01
8.211416423074473503e-01
8.218068542842147384e-01
8.224705221309892567e-01
8.231326432615293509e-01
8.237932143711927946e-01
8.244522330174177682e-01
8.251096963266024709e-01
8.257656014251449905e-01
8.264199455831233720e-01
8.270727262142960612e-01
8.277239408761013495e-01
8.283735868386173928e-01
8.290216620903229083e-01
8.296681639012960519e-01
8.303130898289751149e-01
8.309564380055188826e-01
8.315982062757260040e-01
8.322383923407147277e-01
8.328769940452839249e-01
8.335140096652721153e-01
8.341494369017979915e-01
8.347832735996599807e-01
8.354155178910169788e-01
8.360461677643474809e-01
8.366752210644501364e-01
8.373026759234837302e-01
8.379285306172868930e-01
8.385527831343385641e-01
8.391754316067974173e-01
8.397964741668220157e-01
8.404159092339315018e-01
8.410337347966044819e-01
8.416499494180399443e-01
8.422645510867167173e-01
8.428775385095136352e-01
8.434889099622697728e-01
8.440986637208238719e-01
8.447067983483751430e-01
8.453133124081223526e-01
8.459182043195846434e-01
8.465214727896411828e-01
8.471231160941306015e-01
8.477231327962521101e-01
8.483215214592046971e-01
8.489182805025072831e-01
8.495134083456788998e-01
8.501069038392786714e-01
8.506987654028256296e-01
8.512889917431988307e-01
8.518775815672774421e-01
8.524645337256208100e-01
8.530498469251077687e-01
8.536335200162978865e-01
8.542155519934303554e-01
8.547959419944244353e-01
8.553746887261595155e-01
8.559517914702350350e-01
8.565272493645703644e-01
8.571010614034049180e-01
8.576732270120182022e-01
8.582437456156898348e-01
8.588126164960194764e-01
8.593798393656467693e-01
8.599454137935316211e-01
8.605093393486334952e-01
8.610716157435923668e-01
8.616322425473679214e-01
8.621912194726000234e-01
8.627485460882481361e-01
8.633042218195922102e-01
8.638582466666320236e-01
8.644106200546473051e-01
8.649613419836379435e-01
8.655104120225637354e-01
8.660578298840645450e-01
8.666035952807800147e-01
8.671477080690301875e-01
8.676901678177746380e-01
8.682309745270134771e-01
8.687701279093865692e-01
8.693076279648938032e-01
8.698434746935351791e-01
8.703776676642703825e-01
8.709102070207797031e-01
8.714410926193828510e-01
8.719703247474399621e-01
8.724979036923115050e-01
8.730238294539972577e-01
8.735481027508976704e-01
8.740707238703731008e-01
8.745916930997836847e-01
8.751110111575298722e-01
8.756286781872917313e-01
8.761446951948300699e-01
8.766590624675049126e-01
8.771717808673968886e-01
8.776828511129064481e-01
8.781922739224341523e-01
8.787000498707003837e-01
8.792061799634658392e-01
8.797106650628109259e-01
8.802135058871363160e-01
8.807147032985225277e-01
8.812142583027301468e-01
8.817121719055199813e-01
8.822084451126525062e-01
8.827030787862085726e-01
8.831960740756287231e-01
8.836874318429936981e-01
8.841771533814242190e-01
8.846652396966809828e-01
8.851516919382048654e-01
8.856365113991165883e-01
8.861196990851769595e-01
8.866012568642271940e-01
8.870811861730681924e-01
8.875594884485008551e-01
8.880361652710064835e-01
8.885112180773857560e-01
8.889846485918000418e-01
8.894564581073700626e-01
8.899266479172168731e-01
8.903952196018212195e-01
8.908621744543042675e-01
8.913275140551468745e-01
8.917912399848302307e-01
8.922533536801552367e-01
8.927138567216029719e-01
8.931727505459743366e-01
8.936300367337505213e-01
8.940857168654123832e-01
8.945397926651212916e-01
8.949922655696780360e-01
8.954431371595636957e-01
8.958924093026197077e-01
8.963400832919666827e-01
8.967861612828061935e-01
8.972306445682590725e-01
8.976735350161666460e-01
8.981148340633297034e-01
8.985545438649498173e-01
8.989926660015080673e-01
8.994292021971656004e-01
8.998641546071237673e-01
9.002975248118636475e-01
9.007293148229066349e-01
9.011595266517740122e-01
9.015881620226270377e-01
9.020152230906670621e-01
9.024407120110955471e-01
9.028646306517538189e-01
9.032869814552033638e-01
9.037077667203258224e-01
9.041269888896827922e-01
9.045446504058359816e-01
9.049607537113468769e-01
9.053753015361374334e-01
9.057882966101293842e-01
9.061997418069247523e-01
9.066096401438055175e-01
9.070179942070133450e-01
9.074248074448706403e-01
9.078300828746592721e-01
9.082338236573415102e-01
9.086360326665192666e-01
9.090367127757944532e-01
9.094358671461290067e-01
9.098334987948051289e-01
9.102296107391049107e-01
9.106242061399901777e-01
9.110172880147432428e-01
9.114088595243260427e-01
9.117989239733809148e-01
9.121874845228697959e-01
9.125745441900748878e-01
9.129601064233184848e-01
9.133441745272425916e-01
9.137267515191294098e-01
9.141078409909813018e-01
9.144874463911206730e-01
9.148655707368292811e-01
9.152422180511500249e-01
9.156173922134455134e-01
9.159910969593981767e-01
9.163633361683705125e-01
9.167341135760452842e-01
9.171034327744246317e-01
9.174712972118309606e-01
9.178377104802666331e-01
9.182026758843739866e-01
9.185661967287950258e-01
9.189282761744921313e-01
9.192889175261073076e-01
9.196481238009226455e-01
9.200058980162201250e-01
9.203622431892817257e-01
9.207171619063493351e-01
9.210706570410247540e-01
9.214227310358696910e-01
9.217733867644859469e-01
9.221226269567954770e-01
9.224704541990398354e-01
9.228168717958614709e-01
9.231618824771821163e-01
9.235054896913239553e-01
9.238476965992492573e-01
9.241885063619200702e-01
9.245279221402984415e-01
9.248659472390267089e-01
9.252025851064271667e-01
9.255378389034618625e-01
9.258717119347730229e-01
9.262042076486829423e-01
9.265353296371940939e-01
9.268650810612685254e-01
9.271934656565887778e-01
9.275204867277969667e-01
9.278461478668955653e-01
9.281704526658870469e-01
9.284934045730935948e-01
9.288150071805176822e-01
9.291352643675219181e-01
9.294541797261085536e-01
9.297717567046001053e-01
9.300879993260392498e-01
9.304029113261083062e-01
9.307164961531296798e-01
9.310287569680655295e-01
9.313396972192380385e-01
9.316493204986497911e-01
9.319576305419831064e-01
9.322646306538803218e-01
9.325703247137039353e-01
9.328747166008165559e-01
9.331778101945809034e-01
9.334796096617197225e-01
9.337801187379153323e-01
9.340793417335707671e-01
9.343772826717288149e-01
9.346739460064722449e-01
9.349693359045239127e-01
9.352634568199668097e-01
9.355563130632038593e-01
9.358479092319981207e-01
9.361382494930724496e-01
9.364273387315499297e-01
9.367151812578335957e-01
9.370017818133664633e-01
9.372871451395918818e-01
9.375712756905927314e-01
9.378541782078122502e-01
9.381358575763737440e-01
9.384163186814002966e-01
9.386955662643351461e-01
9.389736047792613949e-01
9.392504389676220589e-01
9.395260732835002404e-01
9.398005121809788198e-01
9.400737598267806527e-01
9.403458208186687983e-01
9.406166993233661122e-01
9.408863995075952280e-01
9.411549255380790013e-01
9.414222814378601090e-01
9.416884713736614065e-01
9.419534993685255708e-01
9.422173691581350319e-01
9.424800849092125343e-01
9.427416503574407303e-01
9.430020693821822286e-01
9.432613455754391696e-01
9.435194825292142484e-01
9.437764836918296485e-01
9.440323527989677999e-01
9.442870932989511079e-01
9.445407090711421816e-01
9.447932037075433831e-01
9.450445805127969390e-01
9.452948433662653471e-01
9.455439954289108773e-01
9.457920402927357806e-01
9.460389818371027770e-01
9.462848232229739143e-01
9.465295683297118012e-01
9.467732203182785966e-01
9.470157827806766626e-01
9.472572593089083615e-01
9.474976533512959875e-01
9.477369687872022608e-01
9.479752092086295434e-01
9.482123784949403333e-01
9.484484802381371038e-01
9.486835187486227783e-01
9.489174977620797868e-01
9.491504214452308741e-01
9.493822941084790745e-01
9.496131197748669539e-01
9.498429030421575714e-01
9.500716482207539615e-01
9.502993593336986899e-01
9.505260399729941190e-01
9.507516940180029685e-01
9.509763253480877365e-01
9.511999378426111429e-01
9.514225358119758891e-01
9.516441235665850096e-01
9.518647054168413169e-01
9.520842856731476234e-01
9.523028687895870315e-01
9.525204595076027791e-01
9.527370624249577036e-01
9.529526821394150859e-01
9.531673235360981211e-01
9.533809915001300039e-01
9.535936906292740156e-01
9.538054262396934435e-01
9.540162029291515688e-01
9.542260260138119010e-01
9.544349002351174560e-01
9.546428303345116939e-01
9.548498206223972051e-01
9.550558755528572030e-01
9.552609992926143212e-01
9.554651955773511007e-01
9.556684684301103294e-01
9.558708214428942584e-01
9.560722580640251822e-01
9.562727818855056849e-01
9.564723967866982646e-01
9.566711062159251044e-01
9.568689139088689677e-01
9.570658234575319945e-01
9.572618385975968369e-01
9.574569626337056105e-01
9.576511994452210352e-01
9.578445524804652944e-01
9.580370253314408613e-01
9.582286215901502091e-01
9.584193449922756569e-01
9.586091988424594312e-01
9.587981864453439806e-01
9.589863115366115132e-01
9.591735771335442307e-01
9.593599868281443843e-01
9.595455437813743549e-01
9.597302518725964182e-01
9.599141144064530229e-01
9.600971352623065558e-01
9.602793181758396690e-01
9.604606663080145212e-01
9.606411826761129813e-01
9.608208705847773867e-01
9.609997331949696742e-01
9.611777743860526746e-01
9.613549977500286392e-01
9.615314074536203126e-01
9.617070078072307293e-01
9.618818031212627018e-01
9.620557981371593570e-01
9.622289975963639330e-01
9.624014063839996247e-01
9.625730288104693555e-01
9.627438690424959811e-01
9.629139312468021350e-01
9.630832193027505372e-01
9.632517373770639324e-01
9.634194897801452440e-01
9.635864803913569698e-01
9.637527136647822124e-01
9.639181939108237840e-01
9.640829252962044293e-01
9.642469122750072508e-01
9.644101593013151286e-01
9.645726711165711897e-01
9.647344521748585366e-01
9.648955070739402284e-01
9.650558401242190776e-01
9.652154554924179397e-01
9.653743570578993127e-01
9.655325487000259166e-01
9.656900342981602492e-01
9.658468174443046728e-01
9.660029017304617716e-01
9.661582904612736611e-01
9.663129870850625247e-01
9.664669947627906321e-01
9.666203169427802777e-01
9.667729576480741382e-01
9.669249206143546438e-01
9.670762097209844033e-01
9.672268284162858221e-01
9.673767802922612624e-01
9.675260685098727720e-01
9.676746962300825095e-01
9.678226664701724546e-01
9.679699818163843839e-01
9.681166454296804558e-01
9.682626596089420890e-01
9.684080270840912386e-01
9.685527501540093231e-01
9.686968314049381190e-01
9.688402737104796492e-01
9.689830800879157824e-01
9.691252536982086774e-01
9.692667977023203818e-01
9.694077146864927830e-01
9.695480078116879286e-01
9.696876795204675270e-01
9.698267326864332682e-01
9.699651696084669039e-01
9.701029930164901671e-01
9.702402052093845874e-01
9.703768083423516266e-01
9.705128047142729253e-01
9.706481967677099698e-01
9.707829873762647832e-01
9.709171792698590986e-01
9.710507756094550746e-01
9.711837796996949379e-01
9.713161948452208039e-01
9.714480239196348066e-01
9.715792699402188148e-01
9.717099359242548084e-01
9.718400246016646316e-01
9.719695387023702393e-01
9.720984806689331181e-01
9.722268533749552910e-01
9.723546598377187378e-01
9.724819032181855061e-01
9.726085868209979335e-01
9.727347138071180677e-01
9.728602870501478206e-01
9.729853089926487897e-01
9.731097823645429301e-01
9.732337094647115494e-01
9.733570923046762635e-01
9.734799328959582443e-01
9.736022332500788856e-01
9.737239958095998960e-01
9.738452238791633908e-01
9.739659203323712822e-01
9.740860874681050996e-01
9.742057275852464837e-01
9.743248428389967852e-01
9.744434348098370835e-01
9.745615047908882111e-01
9.746790542189511797e-01
9.747960838124265504e-01
9.749125945770747981e-01
9.750285876623369097e-01
9.751440656544544394e-01
9.752590308523089169e-01
9.753734852674218470e-01
9.754874306239542658e-01
9.756008683587071850e-01
9.757137997648013261e-01
9.758262254169572936e-01
9.759381460335755376e-01
9.760495619020160829e-01
9.761604731659591083e-01
9.762708795380444782e-01
9.763807815929925749e-01
9.764901803365639843e-01
9.765990770618795391e-01
9.767074729183802262e-01
9.768153686244662737e-01
9.769227650422184217e-01
9.770296623153167381e-01
9.771360608748015375e-01
9.772419605769926410e-01
9.773473617092501842e-01
9.774522651336549073e-01
9.775566717122873284e-01
9.776605823072279655e-01
9.777639979242375157e-01
9.778669194253966079e-01
9.779693478164659393e-01
9.780712836721657810e-01
9.781727279982569412e-01
9.782736818004998947e-01
9.783741459409753816e-01
9.784741214254440989e-01
9.785736096907068360e-01
9.786726114551642652e-01
9.787711278682570404e-01
9.788691603667860619e-01
9.789667095254719342e-01
9.790637766374352680e-01
9.791603625647568032e-01
9.792564680258369902e-01
9.793520941701165938e-01
9.794472414286359285e-01
9.795419108071555803e-01
9.796361030240761103e-01
9.797298187977979689e-01
9.798230587030415384e-01
9.799158236018873369e-01
9.800081139253757900e-01
9.800999306792674837e-01
9.801912742946027324e-01
9.802821457771421221e-01
9.803725452705659427e-01
9.804624730622342188e-01
9.805519294395070862e-01
9.806409141150245201e-01
9.807294272324665885e-01
9.808174699412740560e-01
9.809050436782478233e-01
9.809921501675490374e-01
9.810787907022985310e-01
9.811649667192974267e-01
9.812506796553466248e-01
9.813359308035668471e-01
9.814207217444392839e-01
9.815050536274048110e-01
9.815889274582237922e-01
9.816723449610577079e-01
9.817553081474276189e-01
9.818378198909356591e-01
9.819198827778234939e-01
9.820014995380128564e-01
9.820826723267053193e-01
9.821634031554221655e-01
9.822436944667251035e-01
9.823235484158154840e-01
9.824029670142145898e-01
9.824819521297638580e-01
9.825605060613447073e-01
9.826386306767983525e-01
9.827163287060467489e-01
9.827936027353315618e-01
9.828704547761740740e-01
9.829468871274559261e-01
9.830229019443784688e-01
9.830985015258232318e-01
9.831736886017121702e-01
9.832484657582869492e-01
9.833228352944290984e-01
9.833967996527001043e-01
9.834703608446215828e-01
9.835435214564350881e-01
9.836162839307023287e-01
9.836886511410252165e-01
9.837606256736454169e-01
9.838322098274444594e-01
9.839034061886642313e-01
9.839742174872263547e-01
9.840446465967329637e-01
9.841146968218260627e-01
9.841843708924276068e-01
9.842536718258195760e-01
9.843226023519238144e-01
9.843911653443422338e-01
9.844593638203568142e-01
9.845272006535694675e-01
9.845946794359826670e-01
9.846618031848785035e-01
9.847285746301785991e-01
9.847949970765252914e-01
9.848610733975204923e-01
9.849268066104461816e-01
9.849921998762645181e-01
9.850572562122574816e-01
9.851219786357070518e-01
9.851863698765351840e-01
9.852504329520238580e-01
9.853141707357748746e-01
9.853775861013902571e-01
9.854406822098321639e-01
9.855034622220626428e-01
9.855659287243233591e-01
9.856280844465362678e-01
9.856899319749430344e-01
9.857514740394653918e-01
9.858127135137054742e-01
9.858736534149451503e-01
9.859342967604665109e-01
9.859946467112316038e-01
9.860547058534822051e-01
9.861144769171401592e-01
9.861739627758072668e-01
9.862331661594054832e-01
9.862920896541764737e-01
9.863507359900420823e-01
9.864091080406043321e-01
9.864672085357848452e-01
9.865250396307851943e-01
9.865826043428873593e-01
9.866399046836127340e-01
9.866969436702432983e-01
9.867537234579805139e-01
9.868102469204262928e-01
9.868665163564621645e-01
9.869225343523297944e-01
9.869783030632307552e-01
9.870338249317265333e-01
9.870891019693386337e-01
9.871441364749484748e-01
9.871989308911177652e-01
9.872534873730478555e-01
9.873078079322602507e-01
9.873618947239561905e-01
9.874157497596571798e-01
9.874693749072044335e-01
9.875227726091594382e-01
9.875759451644039455e-01
9.876288950154995527e-01
9.876816238866071851e-01
9.877341340766087052e-01
9.877864275970252850e-01
9.878385064593782072e-01
9.878903728188690447e-01
9.879420281122986980e-01
9.879934746385488076e-01
9.880447139781002308e-01
9.880957477114341581e-01
9.881465778500719832e-01
9.881972059744945636e-01
9.882476342399035829e-01
9.882978643704600774e-01
9.883478979466450154e-01
9.883977366926196551e-01
9.884473824762253225e-01
9.884968365905827392e-01
9.885461007598530525e-01
9.885951762771573170e-01
9.886440645792962112e-01
9.886927673904311042e-01
9.887412862910430755e-01
9.887896224305726678e-01
9.888377775331812503e-01
9.888857526046294089e-01
9.889335489380379762e-01
9.889811676828478282e-01
9.890286102758598652e-01
9.890758780101949199e-01
9.891229720352937571e-01
9.891698937879573883e-01
9.892166448486668928e-01
9.892632262231828566e-01
9.893096393483062911e-01
9.893558852297978934e-01
9.894019650170983171e-01
9.894478798596485492e-01
9.894936307632090644e-01
9.895392187335405598e-01
9.895846447764038434e-01
9.896299097538793221e-01
9.896750146717278040e-01
9.897199605357098751e-01
9.897647483515862321e-01
9.898093786940772576e-01
9.898538527126237163e-01
9.898981711256260585e-01
9.899423347951650243e-01
9.899863447270010886e-01
9.900302016395348126e-01
9.900739065385267823e-01
9.901174599986976022e-01
9.901608624510873646e-01
9.902041141830563165e-01
9.902472154819645933e-01
9.902901672098929353e-01
9.903329696542013671e-01
9.903756236769705179e-01
9.904181295655606343e-01
9.904604876073317410e-01
9.905026982333243746e-01
9.905447621619388743e-01
9.905866793931752401e-01
9.906284505017538544e-01
9.906700754876747173e-01
9.907115547819782542e-01
9.907528886720243788e-01
9.907940775888536278e-01
9.908351221071862724e-01
9.908760222270223128e-01
9.909167786667623101e-01
9.909573915700863322e-01
9.909978615117146505e-01
9.910381887790075117e-01
9.910783742340456559e-01
9.911184183078690646e-01
9.911583215751984532e-01
9.911980848981141179e-01
9.912377084202963484e-01
9.912771924291052805e-01
9.913165374992612966e-01
9.913557442054846680e-01
9.913948129788158203e-01
9.914337442502950681e-01
9.914725388820028185e-01
9.915111968739392934e-01
9.915497190881848999e-01
9.915881058120998848e-01
9.916263577640846982e-01
9.916644756625399015e-01
9.917024596511454515e-01
9.917403105919820883e-01
9.917780283413696329e-01
9.918156133303484001e-01
9.918530658462785254e-01
9.918903860328401878e-01
9.919275743210735907e-01
9.919646308546588021e-01
9.920015560646362474e-01
9.920383500946859945e-01
9.920750130884881113e-01
9.921115450460424867e-01
9.921479459673492318e-01
9.921842155650482109e-01
9.922203539828193808e-01
9.922563612206628525e-01
9.922922372785786260e-01
9.923279825876069049e-01
9.923635970040676213e-01
9.923990806716408430e-01
9.924344337340067490e-01
9.924696563348454070e-01
9.925047489051971317e-01
9.925397114450618119e-01
9.925745443854798733e-01
9.926092480138113405e-01
9.926438227610967502e-01
9.926782689146960159e-01
9.927125870493297422e-01
9.927467778833983791e-01
9.927808417042619515e-01
9.928147789429608849e-01
9.928485904615756974e-01
9.928822766911468145e-01
9.929158380627143288e-01
9.929492747199584191e-01
9.929825873812796466e-01
9.930157761903579683e-01
9.930488420092741242e-01
9.930817849817079601e-01
9.931146059697403272e-01
9.931473052607312502e-01
9.931798835730812902e-01
9.932123411941505831e-01
9.932446788423396900e-01
9.932768969486888144e-01
9.933089962315984067e-01
9.933409771221087814e-01
9.933728404823006786e-01
9.934045867432141907e-01
9.934362166232497682e-01
9.934677306971280153e-01
9.934991298269293392e-01
9.935304143000139865e-01
9.935615848347824075e-01
9.935926418622749168e-01
9.936235858135318288e-01
9.936544168322331005e-01
9.936851350620590217e-01
9.937157410777298638e-01
9.937462350229258057e-01
9.937766176160471865e-01
9.938068892881344318e-01
9.938370506139078131e-01
9.938671020244077559e-01
9.938970438069942848e-01
9.939268768237481400e-01
9.939566010746692104e-01
9.939862174218381252e-01
9.940157260089349522e-01
9.940451275543602527e-01
9.940744224891541192e-01
9.941036113880371561e-01
9.941326948257296348e-01
9.941616733769519376e-01
9.941905477601046259e-01
9.942193182625478354e-01
9.942479853153217695e-01
9.942765487747464714e-01
9.943050090718621448e-01
9.943333664940290362e-01
9.943616213286072814e-01
9.943897740066371949e-01
9.944178248154790234e-01
9.944457743298530383e-01
9.944736232681598009e-01
9.945013719177595579e-01
9.945290208533725806e-01
9.945565707933993194e-01
9.945840220252001318e-01
9.946113749798151105e-01
9.946386302319648598e-01
9.946657883563695401e-01
9.946928493530292625e-01
9.947198140840246561e-01
9.947466826930357886e-01
9.947734556111028636e-01
9.948001332692661958e-01
9.948267158112059638e-01
9.948532033806022357e-01
9.948795966958553505e-01
9.949058957569655304e-01
9.949321011386530467e-01
9.949582132719581029e-01
9.949842323005609890e-01
9.950101585118217296e-01
9.950359924804608180e-01
9.950617343501582113e-01
9.950873844082742670e-01
9.951129429421691208e-01
9.951384103828830874e-01
9.951637873051364380e-01
9.951890742836496662e-01
9.952142718931430432e-01
9.952393805646569946e-01
9.952644008729119030e-01
9.952893329615877249e-01
9.953141769743646394e-01
9.953389329112426465e-01
9.953636009159019249e-01
9.953881812757024994e-01
9.954126741343245488e-01
9.954370797791282088e-01
9.954613983537937694e-01
9.954856300020010762e-01
9.955097750111104871e-01
9.955338338121622055e-01
9.955578066925164782e-01
9.955816940832136197e-01
9.956054965589739014e-01
9.956292145508377489e-01
9.956528484898452547e-01
9.956763989507170232e-01
9.956998662208130790e-01
9.957232508748539157e-01
9.957465527691594653e-01
9.957697717600494380e-01
9.957929082785643704e-01
9.958159621810239726e-01
9.958389336111084233e-01
9.958618227124977906e-01
9.958846296288722533e-01
9.959073546475918359e-01
9.959299979123368285e-01
9.959525598541474345e-01
9.959750407603837896e-01
9.959974409184061406e-01
9.960197609029348698e-01
9.960420011450102917e-01
9.960641620756726100e-01
9.960862439822820713e-01
9.961082475832392369e-01
9.961301731659041314e-01
9.961520208739570448e-01
9.961737907073977549e-01
9.961954826662264839e-01
9.962170967504430097e-01
9.962386332474076900e-01
9.962600923008005926e-01
9.962814739106217177e-01
9.963027782205511329e-01
9.963240055179490851e-01
9.963451560901755988e-01
9.963662303682710997e-01
9.963872283522356987e-01
9.964081507604696242e-01
9.964289978803332337e-01
9.964497701428667309e-01
9.964704678354304734e-01
9.964910916764246895e-01
9.965116419532097369e-01
9.965321186657856156e-01
9.965525219578323934e-01
9.965728513983097558e-01
9.965931074182580174e-01
9.966132900176771781e-01
9.966333994839273736e-01
9.966534358170087149e-01
9.966733994479614056e-01
9.966932905204655135e-01
9.967131091782012176e-01
9.967328558522088322e-01
9.967525309735285610e-01
9.967721348295205397e-01
9.967916679949053727e-01
9.968111307570429735e-01
9.968305236906539468e-01
9.968498473704586749e-01
9.968691019401371145e-01
9.968882871123291300e-01
9.969074030307147893e-01
9.969264495516140245e-01
9.969454268187070145e-01
9.969643346883135804e-01
9.969831735914739257e-01
9.970019436718683403e-01
9.970206450731767811e-01
9.970392782264395626e-01
9.970578432753368636e-01
9.970763405072287089e-01
9.970947703531555240e-01
9.971131331004774445e-01
9.971314294675950318e-01
9.971496595981882427e-01
9.971678242106576384e-01
9.971859237360435335e-01
9.972039577433056134e-01
9.972219263761239461e-01
9.972398294908184635e-01
9.972576668000289191e-01
9.972754387347956273e-01
9.972931451514386314e-01
9.973107863373179560e-01
9.973283625797938479e-01
9.973458741662264426e-01
9.973633213839759870e-01
9.973807043767226599e-01
9.973980235755066648e-01
9.974152794113682052e-01
9.974324720279874601e-01
9.974496021437649906e-01
9.974666699023807537e-01
9.974836758785552426e-01
9.975006200722883465e-01
9.975175023398999974e-01
9.975343226813903064e-01
9.975510809530790945e-01
9.975677771549663619e-01
9.975844111433720407e-01
9.976009833493363343e-01
9.976174937728593539e-01
9.976339427013012351e-01
9.976503305657022924e-01
9.976666573660625259e-01
9.976829238207822748e-01
9.976991300735418289e-01
9.977152766990615707e-01
9.977313638410214569e-01
9.977473917867817343e-01
9.977633612547429642e-01
9.977792718138647210e-01
9.977951233204670478e-01
9.978109157745498337e-01
9.978266490324330107e-01
9.978423232377966468e-01
9.978579383906408529e-01
9.978734946346456969e-01
9.978889921134912466e-01
9.979044309708574589e-01
9.979198114941048026e-01
9.979351338269131233e-01
9.979503984003228467e-01
9.979656053580140407e-01
9.979807551310269087e-01
9.979958481504018764e-01
9.980108848471792582e-01
9.980258655087190789e-01
9.980407901350213384e-01
9.980556584387260122e-01
9.980704701324728534e-01
9.980852253599419299e-01
9.980999238337729951e-01
9.981145655539661599e-01
9.981291506642013811e-01
9.981436794518390165e-01
9.981581520605590230e-01
9.981725686340414683e-01
9.981869296033268890e-01
9.982012351120951310e-01
9.982154857350666877e-01
9.982296817596016947e-01
9.982438231857001520e-01
9.982579104444023743e-01
9.982719438230686082e-01
9.982859230343386070e-01
9.982998477908522350e-01
9.983137179489293134e-01
9.983275335085698421e-01
9.983412944697739322e-01
9.983550008325413616e-01
9.983686525968723524e-01
9.983822501938071081e-01
9.983957936233456287e-01
9.984092830291680931e-01
9.984227186986345259e-01
9.984361007754251061e-01
9.984494294032200123e-01
9.984627048693792695e-01
9.984759276049433030e-01
9.984890977535921808e-01
9.985022154590059706e-01
9.985152805775046048e-01
9.985282929654079043e-01
9.985412524790359123e-01
9.985541591183885179e-01
9.985670125961055854e-01
9.985798129121871147e-01
9.985925600666329949e-01
9.986052542031235157e-01
9.986178954653386342e-01
9.986304837095982823e-01
9.986430193669427746e-01
9.986555025810521791e-01
9.986679333519264956e-01
9.986803122542861066e-01
9.986926394318111910e-01
9.987049150281817056e-01
9.987171391870778292e-01
9.987293117648194940e-01
9.987414324740464533e-01
9.987535008837183925e-01
9.987655169938353117e-01
9.987774805170371861e-01
9.987893915970038616e-01
9.988012499463753135e-01
9.988130558525117886e-01
9.988248093154130647e-01
9.988365104787594317e-01
9.988481593425507787e-01
9.988597561941472414e-01
9.988713013209092884e-01
9.988827945791565188e-01
9.988942363999293583e-01
9.989056266395477390e-01
9.989169654416917288e-01
9.989282525190010809e-01
9.989394874404355917e-01
9.989506702059951504e-01
9.989618002409594855e-01
9.989728776890086648e-01
9.989839022627824416e-01
9.989948739622809271e-01
9.990057927875038990e-01
9.990166588821317584e-01
9.990274721024842153e-01
9.990382324485612697e-01
9.990489399203629217e-01
9.990595946615693501e-01
9.990701966721805549e-01
9.990807458085163573e-01
9.990912422142568250e-01
9.991016857457220013e-01
9.991120764029117751e-01
9.991224138984660108e-01
9.991326976576643260e-01
9.991429275368266527e-01
9.991531033922727012e-01
9.991632249366425578e-01
9.991732918825758647e-01
9.991833043737526898e-01
9.991932618354527618e-01
9.992031642676759695e-01
9.992130116704224241e-01
9.992228036126518109e-01
9.992325402380440869e-01
9.992422214029194061e-01
9.992518468199172998e-01
9.992614166327180580e-01
9.992709305539615450e-01
9.992803887273276064e-01
9.992897905780960821e-01
9.992991358189066142e-01
9.993084238750389314e-01
9.993176543154527192e-01
9.993268267091076629e-01
9.993359406249635590e-01
9.993449959193401178e-01
9.993539920175171787e-01
9.993629286321344951e-01
9.993718054758317093e-01
9.993806222612489076e-01
9.993893787010256213e-01
9.993980743641216469e-01
9.994067089631769596e-01
9.994152822108312018e-01
9.994237938197241267e-01
9.994322433588156418e-01
9.994406305407453894e-01
9.994489549344731660e-01
9.994572161089586571e-01
9.994654133458014122e-01
9.994735459266008704e-01
9.994816131329566922e-01
9.994896143901482732e-01
9.994975489797753854e-01
9.995054161834373563e-01
9.995132157137740503e-01
9.995209465650248815e-01
9.995286084498294921e-01
9.995362003624274072e-01
9.995437220154582691e-01
9.995511725468415598e-01
9.995585515255369646e-01
9.995658582331440334e-01
9.995730919512623158e-01
9.995802521051714296e-01
9.995873379764708133e-01
9.995943488467600169e-01
9.996012842849987257e-01
9.996081432854264648e-01
9.996149252733225188e-01
9.996216290992464559e-01
9.996282539011174251e-01
9.996347988168550192e-01
9.996412629843784980e-01
9.996476452542473190e-01
9.996539451954210564e-01
9.996601616584589456e-01
9.996662937812803573e-01
9.996723411328451991e-01
9.996783025637124842e-01
9.996841776428420090e-01
9.996899656518333233e-01
9.996956658722859768e-01
9.997012777294794761e-01
9.997068005050133710e-01
9.997122337678473469e-01
9.997175770869413114e-01
9.997228298875746599e-01
9.997279917387070780e-01
9.997330624966587198e-01
9.997380415867089809e-01
9.997429291525380401e-01
9.997477246194255152e-01
9.997524282747315416e-01
9.997570398310959838e-01
9.997615595758789775e-01
9.997659873654005658e-01
9.997703236307008412e-01
9.997745686591401615e-01
9.997787225943984835e-01
9.997827857238361648e-01
9.997867587658534339e-01
9.997906422951710059e-01
9.997944373175492450e-01
9.997981444077087554e-01
9.998017645714101231e-01
9.998052988144140452e-01
9.998087482861611752e-01
9.998121144234526358e-01
9.998153985194091486e-01
9.998186021545119040e-01
9.998217264782016667e-01
9.998247733583195407e-01
9.998277446627069631e-01
9.998306422592049270e-01
9.998334681593350481e-01
9.998362239435782950e-01
9.998389117671360182e-01
9.998415340725699263e-01
9.998440931587616598e-01
9.998465916119526620e-01
9.998490315873447276e-01
9.998514155274992321e-01
9.998537461623380196e-01
9.998560265091432919e-01
9.998582595851968069e-01
9.998604479767405628e-01
9.998625945573762497e-01
9.998647023443860693e-01
9.998667744987320694e-01
9.998688143250563654e-01
9.998708248406411592e-01
9.998728086317280050e-01
9.998747681408786114e-01
9.998767050922541255e-01
9.998786209226555588e-01
9.998805162068031827e-01
9.998823908010170403e-01
9.998842428374558056e-01
9.998860691551573199e-01
9.998878661621192210e-01
9.998896304100192145e-01
9.998913595999757709e-01
9.998930518641476750e-01
9.998947063404542979e-01
9.998963246093766077e-01
9.998979102629171889e-01
9.998994678988391005e-01
9.999010032643459445e-01
9.999025225376821924e-01
9.999040327591722788e-01
9.999055408254609034e-01
9.999070542079131485e-01
9.999085802342138063e-01
9.999101262320478911e-01
9.999116996727802631e-01
9.999133075967356898e-01
9.999149560384783531e-01
9.999166497394511577e-01
9.999183931537372061e-01
9.999201908790996685e-01
9.999220478006616286e-01
9.999239677977858065e-01
9.999259540314343608e-01
9.999280086568085313e-01
9.999301333980696871e-01
9.999323291172983463e-01
9.999345963892147804e-01
9.999369350701390324e-01
9.999393447290306769e-01
9.999418249348496213e-01
9.999443743944748109e-01
9.999469922458257276e-01
9.999496771957815389e-01
9.999524279512214120e-01
9.999552426443040209e-01
9.999581189761478361e-01
9.999610547915515069e-01
9.999640476479532136e-01
9.999670952464716489e-01
9.999701950008649254e-01
9.999733443248913778e-01
9.999765407759892977e-01
9.999797811931966374e-01
9.999830628465915527e-01
9.999863827188920640e-01
9.999897385112166415e-01
9.999931279246836446e-01
9.999965490914518584e-01
1.000000000000000000e+00
1.000009247250984945e+00
1.000018669791687298e+00
1.000028237018246280e+00
1.000037913729038719e+00
1.000047669607563749e+00
1.000057485400689172e+00
1.000067344728883478e+00
1.000077229344774832e+00
1.000087124592993426e+00
1.000097015818169011e+00
1.000106887071811501e+00
1.000116726284792534e+00
1.000126525554706713e+00
1.000136282295312595e+00
1.000145997656050723e+00
1.000155678246205548e+00
1.000165337284345979e+00
1.000174961264542972e+00
1.000184522025497680e+00
1.000194020716650867e+00
1.000203461361045321e+00
1.000212839935638032e+00
1.000222160894512546e+00
1.000231437887277419e+00
1.000240663011527698e+00
1.000249816439409800e+00
1.000258903918127995e+00
1.000267938953611102e+00
1.000276928873544025e+00
1.000285883304493195e+00
1.000294807849982481e+00
1.000303701791611211e+00
1.000312566278820148e+00
1.000321404616251630e+00
1.000330221114308582e+00
1.000339020227073883e+00
1.000347806121270278e+00
1.000356581239459475e+00
1.000365347305802732e+00
1.000374105469740593e+00
1.000382856305993551e+00
1.000391599958241784e+00
1.000400336713845428e+00
1.000409065998083991e+00
1.000417787667277514e+00
1.000426501290385684e+00
1.000435207442128771e+00
1.000443907128267584e+00
1.000452599343041316e+00
1.000461281212848164e+00
1.000469951444567185e+00
1.000478609319798151e+00
1.000487253976459989e+00
1.000495884696152693e+00
1.000504501335196084e+00
1.000513103031509310e+00
1.000521689354052279e+00
1.000530259728104499e+00
1.000538813722625875e+00
1.000547350619215736e+00
1.000555869986833990e+00
1.000564371107079964e+00
1.000572853261553208e+00
1.000581315875533450e+00
1.000589757799579926e+00
1.000598177453211335e+00
1.000606573399626997e+00
1.000614944058345612e+00
1.000623287417846230e+00
1.000631601753967148e+00
1.000639884624147102e+00
1.000648134016864699e+00
1.000656347345878272e+00
1.000664521593905620e+00
1.000672653743664764e+00
1.000680740634193766e+00
1.000688778673489931e+00
1.000696763838510917e+00
1.000704691962533532e+00
1.000712558591475121e+00
