num_trees variable r2 ev sigma diff
1 M 0.870253779994 0.870291959482 inf 0.054273
1 Y -0.527847771727 -0.523914668164 inf 0.028565
1 Z 0.901434871933 0.90145281686 inf 0.0005325
1 alpha -0.493753641275 -0.493612634253 inf 0.223145
1 overshoot -0.129853676471 -0.123117429808 inf 0.035149
1 diffusion 0.0647118852644 0.0649482533198 inf 0.006135
1 age 0.859652725054 0.859683669687 inf 0.245235250162
1 X_c 0.855888751537 0.856116930823 inf 0.0417623740188
1 mass_cc 0.578361872093 0.582672988427 inf 0.00323840377585
1 Y_surf 0.287925417682 0.288610905197 inf 0.0346271682011
1 L 0.985608763109 0.985627688386 inf 0.141653982302
1 radius 0.948381851425 0.948389948582 inf 0.0271035853596
1 M 0.869020255785 0.869125846329 inf 0.054712
1 Y -0.506295271723 -0.501291748322 inf 0.028858
1 Z 0.876914576045 0.876949964359 inf 0.000631
1 alpha -0.587009489488 -0.585878803718 inf 0.23523
1 overshoot -0.12481086085 -0.124656498818 inf 0.029785
1 diffusion -0.148021717253 -0.14754960308 inf 0.0060585
1 age 0.84336262259 0.843362623104 inf 0.237380676994
1 X_c 0.880154993065 0.880234303767 inf 0.0402173773354
1 mass_cc 0.655795338035 0.655979698165 inf 0.0028190070208
1 Y_surf 0.282424877282 0.282703769566 inf 0.0348186154284
1 L 0.983300456197 0.983304270584 inf 0.151883752787
1 radius 0.951705205774 0.951706859255 inf 0.0268903185607
1 M 0.863417192584 0.863767739007 inf 0.054493
1 Y -0.584502312834 -0.571228842992 inf 0.028799
1 Z 0.916140582712 0.916279901526 inf 0.000546
1 alpha -0.563929992948 -0.563654479097 inf 0.223877
1 overshoot -0.343843357364 -0.343048814883 inf 0.035655
1 diffusion -0.11510539909 -0.114387321425 inf 0.0064325
1 age 0.853642342907 0.853648179707 inf 0.236764584534
1 X_c 0.851281518235 0.851311585037 inf 0.0415593819788
1 mass_cc 0.576265719151 0.577175294385 inf 0.00304318885716
1 Y_surf 0.282398028057 0.283426698373 inf 0.0348906831637
1 L 0.97969727979 0.97970041271 inf 0.148393909582
1 radius 0.923154814077 0.92315821424 inf 0.0280090934528
1 M 0.868442371686 0.868602047332 inf 0.055041
1 Y -0.53856258478 -0.527177208768 inf 0.028682
1 Z 0.900099500984 0.900112626702 inf 0.000471
1 alpha -0.535110560942 -0.535017361018 inf 0.235351
1 overshoot -0.26266194801 -0.26166993429 inf 0.033404
1 diffusion -0.240066939146 -0.239319646149 inf 0.005535
1 age 0.863090896637 0.863092797734 inf 0.234898482247
1 X_c 0.856266799236 0.856267751719 inf 0.0427748794055
1 mass_cc 0.566476443352 0.567594015092 inf 0.00307196951823
1 Y_surf 0.308834910713 0.308927083606 inf 0.0352334703544
1 L 0.98420933034 0.984229538486 inf 0.14862679427
1 radius 0.9508824886 0.950885313949 inf 0.0273994868803
1 M 0.867874447021 0.867885441219 inf 0.053833
1 Y -0.504717012304 -0.503588767924 inf 0.028301
1 Z 0.912991047927 0.91303198201 inf 0.000568
1 alpha -0.591117981962 -0.588792907782 inf 0.229737
1 overshoot -0.379060461105 -0.377792896113 inf 0.034939
1 diffusion 0.0706149318154 0.0708640564911 inf 0.00569
1 age 0.8507488934 0.850762995108 inf 0.237786528422
1 X_c 0.86011981239 0.860178733721 inf 0.041810073869
1 mass_cc 0.604303734864 0.604968208125 inf 0.00273786198047
1 Y_surf 0.272454774243 0.274736725042 inf 0.0350383603629
1 L 0.983023476509 0.983031460279 inf 0.141670286819
1 radius 0.931317669645 0.931360523634 inf 0.0268930900591
1 M 0.863625097171 0.863714030609 inf 0.053393
1 Y -0.517241214576 -0.510005788369 inf 0.028608
1 Z 0.892600783944 0.89261834573 inf 0.000523
1 alpha -0.638909378646 -0.637531228514 inf 0.241943
1 overshoot -0.0651938848382 -0.0595013018183 inf 0.031595
1 diffusion -0.0238527995949 -0.0223564068103 inf 0.006055
1 age 0.867632658843 0.867646698641 inf 0.240144997894
1 X_c 0.865972136127 0.865973946543 inf 0.0403646559171
1 mass_cc 0.616358160698 0.617399685194 inf 0.00303738179958
1 Y_surf 0.204014832849 0.204087824439 inf 0.0353192024809
1 L 0.979112301743 0.979124772742 inf 0.150061643208
1 radius 0.91718516167 0.917223859313 inf 0.0266926672049
1 M 0.871661995872 0.871662846531 inf 0.053284
1 Y -0.465302800481 -0.46325578427 inf 0.028579
1 Z 0.902854608146 0.902900183852 inf 0.000593
1 alpha -0.575994674023 -0.575958429694 inf 0.233398
1 overshoot -0.195965322345 -0.195830183626 inf 0.031387
1 diffusion -0.537345304468 -0.53185131267 inf 0.006476
1 age 0.841193787013 0.841405583325 inf 0.243167003113
1 X_c 0.86378318285 0.863835721211 inf 0.0419689278901
1 mass_cc 0.605043837589 0.60587252329 inf 0.00314171632228
1 Y_surf 0.219052310167 0.22055503687 inf 0.0350534790186
1 L 0.971005201864 0.97108233169 inf 0.142142949603
1 radius 0.951342805628 0.951359811872 inf 0.0261851691663
1 M 0.865044508466 0.865106164889 inf 0.0535585
1 Y -0.50024184029 -0.499408213443 inf 0.028345
1 Z 0.90626699514 0.906532714628 inf 0.000537
1 alpha -0.604053706287 -0.603844418779 inf 0.238037
1 overshoot -0.283295281589 -0.283247414904 inf 0.03184
1 diffusion -0.0105243907189 -0.0104806100613 inf 0.006431
1 age 0.860393798836 0.860651706286 inf 0.242804405948
1 X_c 0.858357750689 0.858400605629 inf 0.0418776710935
1 mass_cc 0.596137231497 0.596186140573 inf 0.00297352685193
1 Y_surf 0.312897665921 0.318818132643 inf 0.0345745360331
1 L 0.985627713232 0.985639953167 inf 0.141450210989
1 radius 0.932261940641 0.932390318174 inf 0.0262665765056
1 M 0.870659718628 0.870799847573 inf 0.052954
1 Y -0.445446177193 -0.444900260097 inf 0.028022
1 Z 0.908022733755 0.908085860177 inf 0.000531
1 alpha -0.559261707014 -0.559233209087 inf 0.233886
1 overshoot -0.193878738947 -0.192448082455 inf 0.033667
1 diffusion 0.100999476653 0.101001712373 inf 0.0056515
1 age 0.865258767681 0.865303070104 inf 0.238428682021
1 X_c 0.869560106733 0.869814404881 inf 0.0406092854488
1 mass_cc 0.604514498498 0.604941744808 inf 0.00265228304464
1 Y_surf 0.287828438202 0.291547962938 inf 0.034288756573
1 L 0.980917038527 0.980944982693 inf 0.13959808238
1 radius 0.927788234362 0.927859831417 inf 0.0257758637123
1 M 0.877528278464 0.877835927467 inf 0.052295
1 Y -0.503782114933 -0.49812160661 inf 0.02792
1 Z 0.895354440901 0.89535455511 inf 0.000566
1 alpha -0.559132530092 -0.559132506535 inf 0.232178
1 overshoot -0.102456644604 -0.100847461008 inf 0.031755
1 diffusion 0.0362374148199 0.0362374909395 inf 0.004966
1 age 0.841902626203 0.841971757339 inf 0.239092491727
1 X_c 0.878329955468 0.878340992006 inf 0.0398467403707
1 mass_cc 0.661563892214 0.6619693401 inf 0.00304164179348
1 Y_surf 0.202955155976 0.203255592459 inf 0.0351329933015
1 L 0.980357606691 0.98036255565 inf 0.14687155186
1 radius 0.935313501949 0.935317082448 inf 0.0265168881954
2 M 0.909960647027 0.910275004313 1.93392574601 0.0465825
2 Y -0.161047172128 -0.147519831806 2.05825971282 0.02565
2 Z 0.941513617192 0.941597348105 1.36924038238 0.0004155
2 alpha -0.177953815384 -0.177932250211 2.09107121289 0.209107
2 overshoot 0.160403010012 0.160923905347 1.5522931221 0.0388135
2 diffusion 0.204970232982 0.20536001529 1.41966674842 0.01106875
2 age 0.892295325776 0.892298919081 1.3330344088 0.189208510926
2 X_c 0.910242374467 0.910368031188 1.54399716569 0.0361863201861
2 mass_cc 0.722528582917 0.72266598597 0.805600876656 0.00339383742644
2 Y_surf 0.46976093452 0.469897838778 1.85545420207 0.0319015043797
2 L 0.990848669806 0.990848675147 1.37505775208 0.114136765998
2 radius 0.970727915252 0.970737366697 1.47220572609 0.0223735445247
2 M 0.909093948103 0.909276426637 1.93504328186 0.046033
2 Y -0.140666448749 -0.135687664724 2.04063273964 0.02525725
2 Z 0.939977252256 0.939977509326 1.35514018692 0.000409
2 alpha -0.161995278431 -0.161678639175 2.09981981814 0.2077635
2 overshoot 0.137763759691 0.14002535245 1.55549984823 0.03899875
2 diffusion 0.185201497268 0.187566185583 1.42673121812 0.00924125
2 age 0.893526999438 0.893595002795 1.37956552069 0.192671068966
2 X_c 0.914123311706 0.91412358702 1.53324563034 0.035373412759
2 mass_cc 0.734750717285 0.735610799011 0.786987372354 0.00338583368
2 Y_surf 0.496450627969 0.498913192026 1.83785838483 0.031325594708
2 L 0.985718639857 0.985733880327 1.39386274107 0.121196603396
2 radius 0.950406399187 0.95041907903 1.50093064658 0.0224931218753
2 M 0.909436437884 0.909438500485 1.9690941901 0.0463625
2 Y -0.156093917886 -0.155212292632 2.09201494044 0.0254115
2 Z 0.943596172258 0.943596271219 1.36141122809 0.000475
2 alpha -0.193980897758 -0.193716058815 1.98123523395 0.2049565
2 overshoot 0.190476451615 0.194357333926 1.68562106338 0.038923
2 diffusion 0.0420144404542 0.0463084880502 1.36565682013 0.010468
2 age 0.891185569357 0.891285998825 1.38716555294 0.194163357386
2 X_c 0.918312178126 0.918401233722 1.52829643848 0.0345987351381
2 mass_cc 0.749374746211 0.750400018886 0.735062996599 0.00308289310573
2 Y_surf 0.448798378098 0.449920393534 1.81646391143 0.0310278607847
2 L 0.990430116999 0.990433285531 1.38208752256 0.114968437485
2 radius 0.969266860483 0.969275697224 1.50743522522 0.0225641228531
2 M 0.906967768899 0.907261536419 1.91718120416 0.046582
2 Y -0.135727080582 -0.12952163826 2.09286670098 0.0258545
2 Z 0.942845450298 0.942865345829 1.4087342849 0.0004335
2 alpha -0.206038027629 -0.205838118393 2.11580772787 0.213257
2 overshoot 0.222509999623 0.224188235541 1.55987161234 0.0387735
2 diffusion 0.208205215747 0.209168660678 1.56038647343 0.01142425
2 age 0.903665202749 0.903742022245 1.36708908395 0.191933478025
2 X_c 0.91170769725 0.911717659198 1.53921859905 0.0358959313118
2 mass_cc 0.751441633918 0.752417549839 0.770868510974 0.00322350832892
2 Y_surf 0.458698530691 0.460062147947 1.86372928417 0.032348736645
2 L 0.985929235699 0.985930020446 1.36411523274 0.117509150835
2 radius 0.949405330634 0.949409108443 1.51079121883 0.0231205904291
2 M 0.91365673915 0.913848214866 1.87836528852 0.045044
2 Y -0.145333743631 -0.141066073601 2.09166790878 0.025599
2 Z 0.931127199887 0.931141133005 1.33453923964 0.000474
2 alpha -0.195497045205 -0.195492812366 2.06457404854 0.208374
2 overshoot 0.139655228016 0.143622889589 1.55661034949 0.04081725
2 diffusion 0.137422976972 0.139675763788 1.51674641148 0.01351425
2 age 0.890633086021 0.891076715072 1.35863422266 0.193185487151
2 X_c 0.910312501004 0.910336024986 1.53426034645 0.0356797415509
2 mass_cc 0.743250602534 0.743769617371 0.789935967821 0.00341427809187
2 Y_surf 0.457589786855 0.457939738842 1.83236224425 0.0312415428724
2 L 0.987581701025 0.987586360763 1.36540487573 0.113263356774
2 radius 0.961088425591 0.961093256483 1.47049314358 0.0223651533023
2 M 0.912021115189 0.912021801577 1.894244725 0.046582
2 Y -0.106450457799 -0.10614473967 2.0849390451 0.025591
2 Z 0.935992291678 0.935993720864 1.31683168317 0.00041475
2 alpha -0.220604928732 -0.220218584987 1.99824765091 0.204224
2 overshoot -0.00492168314023 -0.00491175049762 1.55198127029 0.0412105
2 diffusion 0.0343678180101 0.0394428110818 1.42656823534 0.01132675
2 age 0.89824100607 0.898254398054 1.33575013655 0.192671590773
2 X_c 0.912733381712 0.912774638565 1.49953955811 0.0357864788984
2 mass_cc 0.730217347993 0.730272033188 0.752347367009 0.00311880813154
2 Y_surf 0.461768930914 0.466309214061 1.8949347845 0.0314814742567
2 L 0.991422291777 0.991423172899 1.39549012086 0.113936395247
2 radius 0.971885841073 0.971907830527 1.50189098937 0.022605916603
2 M 0.914571445596 0.914572425457 1.91233487218 0.045264
2 Y -0.106313993007 -0.10570287492 2.0240578924 0.02531225
2 Z 0.93430955105 0.93431081766 1.33677561305 0.0003655
2 alpha -0.208437491301 -0.207515017316 2.06028196074 0.2109375
2 overshoot 0.163888771447 0.163898270548 1.54880772491 0.037377
2 diffusion 0.215698535409 0.216225049934 1.42141091252 0.009715
2 age 0.893679831214 0.893683691119 1.3635035645 0.183680893818
2 X_c 0.913654478496 0.913689245211 1.53168030025 0.0353943381144
2 mass_cc 0.747363272822 0.747443695504 0.762448611954 0.00320108143212
2 Y_surf 0.487238120542 0.488675071371 1.83795861451 0.0311980006511
2 L 0.99112370529 0.991130702716 1.3952612236 0.119729263103
2 radius 0.971816061249 0.971818988813 1.4804513603 0.0219113219828
2 M 0.907627519899 0.907742919734 1.9557193897 0.04757125
2 Y -0.163108487641 -0.158007649138 2.13087157628 0.026221
2 Z 0.929983030325 0.929991555491 1.36744464393 0.000428
2 alpha -0.171666741163 -0.171431527419 2.15791175625 0.213013
2 overshoot 0.135844075798 0.137146529384 1.60461326951 0.037586
2 diffusion 0.212986550762 0.213324218707 1.39219330855 0.009606
2 age 0.890182241603 0.890263485747 1.36703621182 0.189700316876
2 X_c 0.920127469017 0.920178731731 1.53740331469 0.034705563768
2 mass_cc 0.74011971179 0.740214737037 0.770253591954 0.00328942288716
2 Y_surf 0.459715477185 0.460022537324 1.8778377848 0.0320811750311
2 L 0.987065075457 0.987075550376 1.41545366843 0.121901587104
2 radius 0.960942166358 0.960942590481 1.53671409565 0.0232075587853
2 M 0.908327223574 0.908372683662 1.92061352582 0.046362
2 Y -0.0972204402095 -0.0966649428939 2.02106027596 0.025122
2 Z 0.947586481054 0.947598500785 1.33051720585 0.0004285
2 alpha -0.10811656557 -0.10811652454 2.12816311791 0.208741
2 overshoot 0.136177713932 0.138355237543 1.53628334885 0.039491
2 diffusion 0.217242871549 0.218569865248 1.41234958229 0.01350575
2 age 0.896780773795 0.896810270803 1.33993497545 0.198065748736
2 X_c 0.905132318006 0.905503437052 1.51525058154 0.0362445488638
2 mass_cc 0.705754872279 0.707255368771 0.787567463762 0.00345919036058
2 Y_surf 0.508454420495 0.509710497325 1.74746650851 0.0297521203699
2 L 0.98837266769 0.988428177881 1.40025921762 0.115342123587
2 radius 0.959771183094 0.959815011219 1.48026491149 0.0231644950801
2 M 0.908355526165 0.908356041817 1.95939800039 0.046912
2 Y -0.141931976961 -0.140728296788 2.08581144813 0.0255615
2 Z 0.950296323356 0.950296427688 1.37105870828 0.0004725
2 alpha -0.167881342733 -0.167881245706 1.99642338112 0.2028815
2 overshoot 0.0509593397371 0.0518434411157 1.53985529956 0.036675
2 diffusion -0.00475784374058 -0.00163510901465 1.43119259422 0.010309
2 age 0.899712471957 0.899732189347 1.34937932594 0.193102717629
2 X_c 0.911032937252 0.91104271759 1.51292265908 0.0358533887563
2 mass_cc 0.728273321939 0.728663707286 0.765752605186 0.00330721723215
2 Y_surf 0.447171862682 0.447233583991 1.84425971719 0.0315074622868
2 L 0.990801469016 0.990808207439 1.40090482515 0.113665348025
2 radius 0.971063791701 0.971073976282 1.5052905033 0.022721819756
4 M 0.924396438938 0.924446478225 1.00072448014 0.043012
4 Y 0.03366483842 0.0365282112833 1.12602197227 0.02471875
4 Z 0.956957769464 0.956965912773 0.666459961405 0.000402625
4 alpha -0.0357807750134 -0.035060271417 1.10606908697 0.19470225
4 overshoot 0.290251376471 0.297422736925 0.940613690112 0.04357
4 diffusion 0.261679604973 0.267105877147 0.847050534329 0.030481625
4 age 0.916240304569 0.916278358408 0.704734634146 0.170428722278
4 X_c 0.929476838176 0.929628016435 0.835343641345 0.0325293420154
4 mass_cc 0.780713023254 0.783307872477 0.551234950067 0.00379539649688
4 Y_surf 0.555926646156 0.557085094158 1.00344789153 0.0297888723807
4 L 0.991813435423 0.991814817224 0.68927129922 0.0966328283662
4 radius 0.972453387357 0.972462905413 0.800640735073 0.0205758248951
4 M 0.929036249698 0.929055992948 0.973264654097 0.04257175
4 Y 0.0530950761016 0.0557916446211 1.12652380612 0.024362125
4 Z 0.959703402453 0.959709839878 0.654085189282 0.000360625
4 alpha 0.0155565532326 0.0161021422746 1.09966430215 0.1968995
4 overshoot 0.265416031142 0.266062791036 0.954412194601 0.04589325
4 diffusion 0.397246457149 0.399423540421 0.841403692068 0.026833625
4 age 0.927337695799 0.927339726879 0.696498463822 0.161152067139
4 X_c 0.93509793055 0.935106035347 0.832798270597 0.0324464497355
4 mass_cc 0.786350638753 0.786882170281 0.561973494814 0.00386824572746
4 Y_surf 0.572057274857 0.575557102145 0.997050566302 0.0298546928878
4 L 0.993510989083 0.993514840118 0.673438456848 0.0969400154668
4 radius 0.979562093519 0.979562202002 0.779620495353 0.0199688322036
4 M 0.926609313209 0.926715285323 0.987865009603 0.04273725
4 Y 0.0408109676269 0.0483831539956 1.10697791657 0.0237745
4 Z 0.954922798272 0.954927038645 0.668703439336 0.000376375
4 alpha -0.016948849603 -0.0162592405997 1.07947212609 0.192642375
4 overshoot 0.260217367888 0.261717197562 0.941891569638 0.043205625
4 diffusion 0.31989866873 0.320868800348 0.848467563352 0.025838625
4 age 0.916857223598 0.916863531077 0.699519270534 0.163261996389
4 X_c 0.933443555831 0.933462914359 0.835940324931 0.0319681751336
4 mass_cc 0.797029955019 0.797872419828 0.529884168738 0.0035568041246
4 Y_surf 0.569075201417 0.569332207753 0.985196344878 0.029590711319
4 L 0.991017532161 0.991041305925 0.686638852048 0.0973989078348
4 radius 0.960775876695 0.960798155341 0.784523990043 0.0199501561668
4 M 0.92360803799 0.923724186166 0.997131842831 0.043492125
4 Y 0.0327834833064 0.0384694682304 1.11942169878 0.0245515
4 Z 0.957699115478 0.957724844729 0.659744496193 0.000308
4 alpha -0.0380501411126 -0.0380223960248 1.08419664124 0.20114125
4 overshoot 0.311009556589 0.313783183243 0.932232633191 0.043415375
4 diffusion 0.284987712706 0.288713312837 0.86858851163 0.0197375
4 age 0.91721249744 0.917229097375 0.693348812767 0.158270861792
4 X_c 0.928861723107 0.928863503699 0.838114714353 0.0325974240178
4 mass_cc 0.780844193049 0.781480349783 0.555934123363 0.00388960506442
4 Y_surf 0.553114098111 0.554286869744 1.00627333224 0.030549189899
4 L 0.990082247277 0.990097152767 0.688062871042 0.0994730717366
4 radius 0.960169340382 0.960172069226 0.803740992959 0.0201277386976
4 M 0.930898196232 0.930985666701 0.998394389989 0.0426265
4 Y 0.100693316257 0.104772909641 1.13578305251 0.024186375
4 Z 0.961667012844 0.961669384963 0.680247481789 0.000357375
4 alpha -0.0381293484809 -0.0380894955559 1.08243510974 0.19520575
4 overshoot 0.295219941606 0.299698193543 0.937073237831 0.04256225
4 diffusion 0.0592148773401 0.0663921300386 0.844633691807 0.028082
4 age 0.917989619238 0.91804438882 0.707903042132 0.164520740957
4 X_c 0.93210800827 0.932132680472 0.864388574154 0.032998703504
4 mass_cc 0.788246207464 0.789660643215 0.539612014821 0.00364519211591
4 Y_surf 0.550800819995 0.551261865377 0.982140060982 0.0293365149611
4 L 0.992868205954 0.992877789784 0.678503948086 0.0928113834642
4 radius 0.979549875682 0.979550901296 0.793923546766 0.019529677279
4 M 0.926879299302 0.926881712855 0.970051712605 0.042901
4 Y 0.0544532782292 0.0552232975904 1.0939784645 0.02412625
4 Z 0.958776347554 0.95884305032 0.662052851401 0.00039675
4 alpha -0.0508703643851 -0.0508026098479 1.11907508897 0.19677725
4 overshoot 0.243953967584 0.245002563573 0.923633163438 0.042975125
4 diffusion 0.321906311421 0.325120550546 0.839533229549 0.028595125
4 age 0.91989383516 0.920018475664 0.696411887418 0.165702952501
4 X_c 0.930504932674 0.930649336055 0.845607999245 0.0329458047452
4 mass_cc 0.776723680168 0.77776211675 0.546499173153 0.00377525323172
4 Y_surf 0.556277747951 0.559702202885 0.976638420981 0.0293359741701
4 L 0.991475613442 0.991485839995 0.68732359549 0.0941845849736
4 radius 0.964078982232 0.964091794358 0.780333235717 0.0199327446014
4 M 0.925275018474 0.925279125787 0.997134749719 0.04339575
4 Y 0.0526780869638 0.0574578150993 1.13411189392 0.02469325
4 Z 0.953999937287 0.954022330391 0.661498949721 0.00044925
4 alpha 0.000663659001584 0.000668923329422 1.14995366639 0.204223
4 overshoot 0.285376077884 0.285378736627 0.921331692684 0.045471
4 diffusion 0.324826559679 0.330392161998 0.835564521986 0.0328775
4 age 0.924933710384 0.924976442729 0.712796888302 0.17293694677
4 X_c 0.9321660853 0.932176822481 0.848064235672 0.0326129725409
4 mass_cc 0.795010457519 0.79502583501 0.513239753007 0.0034870851312
4 Y_surf 0.598815277921 0.599099248921 1.00395497111 0.0302736529008
4 L 0.993897074642 0.993900896451 0.688921869109 0.0961845974379
4 radius 0.977506683806 0.977513132078 0.798515802441 0.0202267613631
4 M 0.923561112065 0.923643853035 0.989270357421 0.0433685
4 Y 0.00734176773611 0.00736179850233 1.15292510285 0.024790375
4 Z 0.957531572414 0.957537426885 0.687209415248 0.00041925
4 alpha 0.0118737656632 0.0119708076201 1.07891813463 0.192428875
4 overshoot 0.261833819087 0.262239516297 0.914745957613 0.045769875
4 diffusion 0.312251874103 0.316374675095 0.843788199563 0.0401335
4 age 0.925340057359 0.925380271764 0.702272175502 0.167644168375
4 X_c 0.935229035718 0.935271455862 0.841734690199 0.0322268055258
4 mass_cc 0.783359361945 0.783406179511 0.572746265107 0.00395386304052
4 Y_surf 0.587756222121 0.59022792873 0.985136957627 0.0299179380779
4 L 0.992356287246 0.992380795882 0.669903686941 0.0973452957368
4 radius 0.974656927545 0.974725739943 0.794603405346 0.0206200137546
4 M 0.926068544159 0.926269008325 0.96498415669 0.042818875
4 Y 0.0196382958689 0.0315394693261 1.09306923035 0.02390625
4 Z 0.954974830988 0.955019597204 0.679736785597 0.000403
4 alpha -0.0174220022675 -0.0154093738916 1.11515999839 0.197570625
4 overshoot 0.254410909515 0.254525940015 0.938871854391 0.044391
4 diffusion 0.435270977376 0.435388067103 0.876870898003 0.02869775
4 age 0.907214643272 0.9072459968 0.706312074164 0.163089482127
4 X_c 0.934434510066 0.934518599482 0.825249120283 0.0324169764158
4 mass_cc 0.798149192517 0.798164994049 0.541728435637 0.00369154301177
4 Y_surf 0.577769001264 0.579086894967 1.00894411123 0.0298624831742
4 L 0.993250148637 0.993250275538 0.690763104255 0.0972891901137
4 radius 0.979165971872 0.97916597941 0.780464658192 0.0198756517128
4 M 0.928124052793 0.928153107543 0.985564595218 0.04312125
4 Y 0.0753412841174 0.0773099632783 1.12912247407 0.024406125
4 Z 0.961537166068 0.961564025749 0.644919985254 0.00039525
4 alpha -0.00572068558742 -0.00457639425891 1.12586931164 0.199096625
4 overshoot 0.250503928222 0.251315002208 0.910257586494 0.042720875
4 diffusion 0.418329384914 0.419811172635 0.851631854463 0.027564125
4 age 0.926963058781 0.926987120467 0.691770862173 0.164922200536
4 X_c 0.933690371692 0.933700020012 0.832385113509 0.0326639967604
4 mass_cc 0.796986599031 0.797207884339 0.532710834197 0.00366366412932
4 Y_surf 0.589416178261 0.590264737951 0.992260797322 0.029513673091
4 L 0.993396540731 0.993398259224 0.682370230828 0.0962395490504
4 radius 0.979807124524 0.979808721077 0.802638908965 0.0203022615441
8 M 0.937917937077 0.938154755559 0.78500281729 0.0405671875
8 Y 0.131330220199 0.139411725482 0.952895251162 0.023982625
8 Z 0.963571341364 0.963591723314 0.480267236094 0.000362
8 alpha 0.0790268650215 0.0801636145354 0.883179769294 0.1841738125
8 overshoot 0.354697453685 0.357468652708 0.702291636925 0.046626625
8 diffusion 0.451113119075 0.451458788299 0.595832567635 0.05331875
8 age 0.91861631581 0.918650511343 0.507843880097 0.14601908751
8 X_c 0.943681496836 0.943697530544 0.654948848663 0.0302067462169
8 mass_cc 0.829882071099 0.830311938405 0.377964473009 0.00404341058047
8 Y_surf 0.628274305424 0.628630279175 0.801168345458 0.0284829239188
8 L 0.994533589101 0.994540012641 0.493173937999 0.0840336736406
8 radius 0.982677240369 0.982699152775 0.603338001614 0.0190319575607
8 M 0.937460237048 0.937485833974 0.824043576067 0.042242
8 Y 0.130788477395 0.130956003749 0.968119889635 0.0243345625
8 Z 0.965899293642 0.965904770444 0.482341856629 0.0003538125
8 alpha 0.0614947851484 0.0619251136442 0.919781154461 0.1918105
8 overshoot 0.375616700864 0.379960958457 0.699453864308 0.0451275625
8 diffusion 0.493451860414 0.495343657641 0.594062143353 0.0494105
8 age 0.928687192804 0.928694901129 0.514248519007 0.147038304377
8 X_c 0.940200460927 0.940369417036 0.681629148545 0.0319571158768
8 mass_cc 0.818580262634 0.819541716555 0.377964473009 0.00420304058055
8 Y_surf 0.629418766158 0.631646365837 0.798913393412 0.0283320525858
8 L 0.992870985128 0.992880904063 0.509944074164 0.0856124672587
8 radius 0.966944473073 0.966953738114 0.610517243446 0.0186200016497
8 M 0.93524511006 0.935245359581 0.776538840475 0.04009975
8 Y 0.147556445595 0.148526886163 0.902075932437 0.02279325
8 Z 0.967594241249 0.967603892572 0.480786122681 0.00033
8 alpha 0.0832093528425 0.0865949150219 0.919573696679 0.1907654375
8 overshoot 0.343176779972 0.34401437919 0.682569019812 0.045630375
8 diffusion 0.466248992544 0.466309210554 0.600393875545 0.0488441875
8 age 0.917965797726 0.918022769219 0.505735296159 0.141006257907
8 X_c 0.943842232918 0.943854225871 0.632988149053 0.0293949077586
8 mass_cc 0.824579450479 0.824583276204 0.377964473009 0.00406026766824
8 Y_surf 0.624357180726 0.626537838333 0.752774168665 0.0269027282264
8 L 0.993067084552 0.993080932056 0.500329011058 0.0824398841057
8 radius 0.971952124758 0.971981800457 0.594589158786 0.0182678051137
8 M 0.935829555953 0.935901137924 0.775250471341 0.0402645625
8 Y 0.143010362265 0.14617192808 0.892576370884 0.0227455625
8 Z 0.968131651629 0.968132587346 0.489420740371 0.00035225
8 alpha 0.0944821759925 0.0947411050692 0.908188366681 0.1878810625
8 overshoot 0.408029316779 0.40900607303 0.689132607539 0.0455645
8 diffusion 0.452933392531 0.453198962115 0.598740580628 0.0602220625
8 age 0.934084616415 0.934112726039 0.503217181232 0.145779659307
8 X_c 0.943118287906 0.943121667613 0.639030895208 0.0293048390942
8 mass_cc 0.82424687954 0.82438810452 0.377964473009 0.00417450983499
8 Y_surf 0.639774195716 0.639999394838 0.750184293942 0.0271823665822
8 L 0.994752736328 0.994754673773 0.50191325379 0.0858454163356
8 radius 0.979192488883 0.979197551422 0.591343190718 0.0186686477407
8 M 0.936355243332 0.936550144266 0.779374674774 0.040113625
8 Y 0.124798870429 0.133994454986 0.883048708061 0.022770875
8 Z 0.967708310884 0.967709350831 0.477691427655 0.0003234375
8 alpha 0.0915116446724 0.0916779482335 0.924258042853 0.1937253125
8 overshoot 0.367688596803 0.369270655975 0.684763095576 0.04433225
8 diffusion 0.449666459465 0.449667135037 0.598831594064 0.0423321875
8 age 0.920611781551 0.920678716925 0.513697330964 0.140513771862
8 X_c 0.942778656087 0.942827571567 0.638930611603 0.0297394509244
8 mass_cc 0.826563214942 0.82678241861 0.377964473009 0.00411260423999
8 Y_surf 0.638798049633 0.63880201412 0.784692698116 0.0287378170381
8 L 0.992105688575 0.992116784468 0.50517910958 0.0853965116193
8 radius 0.966344668956 0.966345498544 0.601650892957 0.0181151079698
8 M 0.940107361929 0.9401311518 0.76890437041 0.0396538125
8 Y 0.155354196668 0.155367116301 0.918382376526 0.0233349375
8 Z 0.971261238887 0.971263501769 0.469729451936 0.0003475
8 alpha 0.0551849908664 0.0552668607774 0.927823417687 0.1917420625
8 overshoot 0.378653185231 0.378727924561 0.672666967047 0.04386425
8 diffusion 0.386898997393 0.388290432749 0.602405484312 0.0487165
8 age 0.927412411361 0.927414341745 0.50881391303 0.144874445205
8 X_c 0.946268884805 0.946316905646 0.636478243847 0.0294706199237
8 mass_cc 0.837448570879 0.837535892255 0.377964473009 0.0040008167248
8 Y_surf 0.611111408517 0.614658383146 0.78895845532 0.028657212136
8 L 0.991936405056 0.991982565816 0.501485860051 0.0838685161345
8 radius 0.971777237666 0.971808548582 0.596129648161 0.0184385297119
8 M 0.934960969209 0.934971973664 0.820403569125 0.04172125
8 Y 0.128078380847 0.129139844984 0.953854014933 0.0244043125
8 Z 0.970542219282 0.970573180604 0.47445842727 0.00032975
8 alpha 0.132457584855 0.1335185531 0.902820175627 0.187202625
8 overshoot 0.343844166739 0.346026280453 0.706750400902 0.0454793125
8 diffusion 0.347437069666 0.350827831217 0.60493721618 0.0531098125
8 age 0.930439577859 0.930444467252 0.51500792364 0.148516803292
8 X_c 0.941467078938 0.941483541118 0.684371102266 0.031431193717
8 mass_cc 0.824577779984 0.825028428311 0.377964473009 0.00411387469309
8 Y_surf 0.620892284576 0.623380269099 0.796480818946 0.0283915234255
8 L 0.99159970324 0.991601686593 0.512593519807 0.0830054207
8 radius 0.967531988949 0.967580806556 0.623675935823 0.0188930383998
8 M 0.931794795347 0.931888816443 0.817631283223 0.0416660625
8 Y 0.141288528014 0.144241811199 0.964683623762 0.024206125
8 Z 0.970404110646 0.970503084776 0.474994216448 0.0003456875
8 alpha 0.0967519237595 0.0969725462418 0.896295854591 0.1861343125
8 overshoot 0.288507782308 0.289635195371 0.690007116342 0.04700775
8 diffusion 0.400002128587 0.402572755439 0.610768691191 0.05102
8 age 0.912756563101 0.91293781626 0.520355388707 0.14682411342
8 X_c 0.943035943605 0.943042691975 0.671374634981 0.0312123750651
8 mass_cc 0.825232444987 0.825423230736 0.377964473009 0.00412861931709
8 Y_surf 0.593398094229 0.594785273989 0.823769176157 0.0292674159245
8 L 0.994607025516 0.994607809703 0.509211155519 0.0841610839444
8 radius 0.980858404212 0.980858421273 0.621619587716 0.0189937324173
8 M 0.934012728556 0.934079414847 0.774215929108 0.039468875
8 Y 0.156569664365 0.15921342192 0.927847735578 0.023486875
8 Z 0.964221867598 0.964230961021 0.474198933618 0.0003295625
8 alpha 0.111032834244 0.11280459018 0.94323551584 0.192932
8 overshoot 0.336421304637 0.339571694663 0.701044813911 0.045425625
8 diffusion 0.3733223314 0.374160018076 0.602226974197 0.0500686875
8 age 0.940030332495 0.940048580378 0.490167356897 0.139973379578
8 X_c 0.94497288298 0.944999860296 0.642959634571 0.0297407168636
8 mass_cc 0.830462598815 0.831102375696 0.377964473009 0.0039361182727
8 Y_surf 0.626775303915 0.62711198886 0.770776333244 0.0279597331826
8 L 0.994296679452 0.994303716278 0.490984468807 0.0832591939241
8 radius 0.977789499244 0.977798921752 0.596542248214 0.0180789520367
8 M 0.934669233788 0.934715580434 0.829514262863 0.042764625
8 Y 0.117002286375 0.117018422831 0.965110755573 0.024474125
8 Z 0.966434717681 0.966435006488 0.485452318886 0.0003729375
8 alpha 0.111431269427 0.111470779374 0.921376322734 0.188697375
8 overshoot 0.353525102372 0.353699144668 0.694589556438 0.0457146875
8 diffusion 0.232561255756 0.245456661897 0.600357968179 0.053056
8 age 0.931883120571 0.931916067916 0.509543370051 0.146393486819
8 X_c 0.941095546071 0.941227064446 0.669264383995 0.0305479309813
8 mass_cc 0.813312279008 0.81378782149 0.377964473009 0.00400123719224
8 Y_surf 0.627478084816 0.628923316934 0.771789588441 0.0282604760912
8 L 0.994904454762 0.994913648257 0.513980338222 0.0840759999037
8 radius 0.983415141803 0.983437275229 0.626553687663 0.0190248934785
16 M 0.940003635384 0.940431889461 0.731916216761 0.0403646875
16 Y 0.19788373918 0.208023416902 0.878306870839 0.02351046875
16 Z 0.974162489646 0.974239816989 0.387116983293 0.00028615625
16 alpha 0.143240074726 0.144953028605 0.817574016016 0.1830750625
16 overshoot 0.399501160269 0.406361979176 0.591982098688 0.0440983125
16 diffusion 0.5338204565 0.537470944972 0.485695865162 0.06897059375
16 age 0.933166830364 0.933448878902 0.421765160713 0.128329151203
16 X_c 0.951033512052 0.951033533514 0.572183959523 0.0283707068978
16 mass_cc 0.828973890823 0.831085628344 0.340021838851 0.00408839197014
16 Y_surf 0.654849899661 0.655229636911 0.721948562942 0.0279050272911
16 L 0.99346817509 0.993468245272 0.427229530093 0.080543167212
16 radius 0.973511428168 0.97352034204 0.543168286583 0.0178254678358
16 M 0.943170092761 0.943490202307 0.722558178011 0.03975653125
16 Y 0.195531712272 0.203643078307 0.867838522686 0.0232895
16 Z 0.973985863959 0.97398587494 0.399151265695 0.000315125
16 alpha 0.151377282291 0.151574882215 0.861011703703 0.191436875
16 overshoot 0.408271310687 0.408834766763 0.587690452455 0.046237625
16 diffusion 0.354039820827 0.360747916791 0.477076255224 0.05670659375
16 age 0.933169853043 0.933216679537 0.424736648499 0.130546039325
16 X_c 0.948604801905 0.948620126697 0.597015080845 0.0299067987028
16 mass_cc 0.83420764003 0.834950442712 0.332076676696 0.00406207289664
16 Y_surf 0.665773726761 0.665882650638 0.672349214666 0.0267743757739
16 L 0.99513209779 0.995132275043 0.428059570096 0.0783999031196
16 radius 0.984596074738 0.984596542223 0.5298774991 0.0175132046035
16 M 0.937166978535 0.937167815721 0.771212920069 0.042517375
16 Y 0.161414643491 0.163117050253 0.937606039271 0.02453925
16 Z 0.973988573767 0.973988679678 0.395865736315 0.0003359375
16 alpha 0.107550027329 0.108559665471 0.87371450458 0.1911890625
16 overshoot 0.39656491751 0.39656492366 0.592347470183 0.0473035
16 diffusion 0.340194561686 0.347424359455 0.485240950763 0.06810934375
16 age 0.923903952171 0.923941639799 0.442708116136 0.138254115118
16 X_c 0.943828545215 0.943874477456 0.618257336716 0.0310912049573
16 mass_cc 0.826684067274 0.827110923063 0.343000952881 0.00422268267057
16 Y_surf 0.631090097768 0.632757782146 0.721251100547 0.0284362109612
16 L 0.995109055635 0.995137147832 0.448439293211 0.0836815987776
16 radius 0.985546489589 0.98555503352 0.569987225635 0.0190881601207
16 M 0.938237474862 0.938447441016 0.743654485795 0.04058103125
16 Y 0.169666373973 0.174756776634 0.860109661246 0.02312275
16 Z 0.972135355978 0.972136401936 0.391815811176 0.00030440625
16 alpha 0.14099008992 0.1428819495 0.864424311058 0.1872631875
16 overshoot 0.398744166323 0.399553197708 0.584509047316 0.046351625
16 diffusion 0.47813559134 0.47815412049 0.480262681394 0.07431034375
16 age 0.940505955122 0.940506222193 0.424959042582 0.131009855893
16 X_c 0.947424682194 0.947468945305 0.58857491208 0.0294830454703
16 mass_cc 0.836250880008 0.836263352488 0.345782808502 0.00431419584135
16 Y_surf 0.650151289499 0.650299666509 0.697867665947 0.0275040056372
16 L 0.993229056442 0.993237668585 0.434274594062 0.0782847581388
16 radius 0.970977005009 0.970982215634 0.543625663216 0.0178571746056
16 M 0.9389912189 0.939040227691 0.733224997257 0.04073878125
16 Y 0.186213299386 0.191323944916 0.881270211327 0.02345915625
16 Z 0.967929929512 0.967930268053 0.399260791948 0.00030209375
16 alpha 0.106986618274 0.107381823326 0.850914409638 0.18805703125
16 overshoot 0.404010214849 0.405959076184 0.581792254977 0.0452021875
16 diffusion 0.481058137838 0.481543226814 0.493001445344 0.06943059375
16 age 0.946362407517 0.94638643974 0.404802273331 0.125012403223
16 X_c 0.949548547943 0.94958730935 0.566763684791 0.028822266375
16 mass_cc 0.832856931672 0.833893891916 0.342140016772 0.0042216341449
16 Y_surf 0.642812161767 0.643159014807 0.710008006047 0.02825496697
16 L 0.9911255168 0.991152315019 0.422504710567 0.079473280211
16 radius 0.962649472913 0.962700588266 0.536772770195 0.0180796529743
16 M 0.938116374451 0.938144916733 0.731182139566 0.0402650625
16 Y 0.184785096 0.18685429406 0.853665783338 0.02314953125
16 Z 0.975555870566 0.975625586082 0.398308348054 0.0002606875
16 alpha 0.143541293901 0.144996565472 0.886472444065 0.19376396875
16 overshoot 0.38743239734 0.388272600707 0.594686015637 0.0461170625
16 diffusion 0.416513707689 0.417998922159 0.490092409055 0.0569426875
16 age 0.921949032645 0.922180083285 0.427165344605 0.128716595563
16 X_c 0.947458410196 0.947464208869 0.582985389447 0.0292529025372
16 mass_cc 0.827336303435 0.827834229392 0.348587543538 0.00425697288869
16 Y_surf 0.625795778816 0.625956703396 0.703765507617 0.027973485837
16 L 0.992529150354 0.992553159555 0.431321585321 0.0805529821614
16 radius 0.967720781347 0.967746124999 0.547051967723 0.0176393621395
16 M 0.941605644637 0.941648288953 0.703538976831 0.0383218125
16 Y 0.22343645251 0.226816933022 0.848975067344 0.02283359375
16 Z 0.969466750151 0.969475229255 0.400250211622 0.00030184375
16 alpha 0.135278899075 0.136031468096 0.850050005989 0.18552009375
16 overshoot 0.408506005571 0.40926033655 0.589966582913 0.0464135
16 diffusion 0.371505155339 0.373497665597 0.505042029443 0.0617195
16 age 0.925565874902 0.925662299769 0.42711055905 0.129595553963
16 X_c 0.946929337473 0.946935328484 0.581616711541 0.0288541673757
16 mass_cc 0.830518337142 0.831304707189 0.346549616994 0.00424346286101
16 Y_surf 0.661255952635 0.662093325713 0.695308415241 0.0266182070545
16 L 0.993022410378 0.993037076421 0.420762592676 0.0763780596639
16 radius 0.96788285835 0.967906068239 0.527419124015 0.0172915169892
16 M 0.941294452899 0.941326063199 0.706961102884 0.03956503125
16 Y 0.169556212403 0.169787891894 0.835959484158 0.02268275
16 Z 0.972829401064 0.972834687524 0.39133806669 0.00034203125
16 alpha 0.130606708902 0.130613341296 0.842902672979 0.18416959375
16 overshoot 0.42295656517 0.423199828863 0.588957886338 0.04735325
16 diffusion 0.456428502217 0.457687819629 0.490122381965 0.087079375
16 age 0.940740736409 0.940751512272 0.422459676312 0.137293900829
16 X_c 0.951524210946 0.951604331494 0.565824533674 0.0283883109306
16 mass_cc 0.858145258396 0.858221531197 0.323861627256 0.0039047027543
16 Y_surf 0.658447512786 0.659660551067 0.665474056999 0.026257872992
16 L 0.994715194054 0.994740931174 0.423010934991 0.0767246029228
16 radius 0.982749025387 0.982813723608 0.519021848001 0.017662775315
16 M 0.940604895427 0.94067695792 0.720952011844 0.04016225
16 Y 0.170740140863 0.177727866518 0.866305059497 0.0232954375
16 Z 0.970515005231 0.970530888053 0.385670103009 0.0003471875
16 alpha 0.161102396344 0.161102689893 0.848406485744 0.1864011875
16 overshoot 0.328415804217 0.331496808637 0.596143713227 0.046850125
16 diffusion 0.516752719935 0.516782191944 0.483574786439 0.086378625
16 age 0.929307583811 0.929331352566 0.423102614785 0.134393690035
16 X_c 0.948098000423 0.948107852201 0.58303615011 0.029225899612
16 mass_cc 0.830417187742 0.830877024897 0.338738609592 0.00411718059751
16 Y_surf 0.678889999135 0.67901492469 0.699088869987 0.0272897809549
16 L 0.995662043341 0.995665916764 0.420956895386 0.0782754818586
16 radius 0.984881168058 0.984881277722 0.531272061263 0.0180191887624
16 M 0.939724474485 0.939778859271 0.730424593774 0.0407904375
16 Y 0.16246094413 0.167749497368 0.872518720099 0.02346475
16 Z 0.972093761488 0.972112563027 0.38828907714 0.000349375
16 alpha 0.123488782288 0.124284035523 0.880285143428 0.19142871875
16 overshoot 0.420874623917 0.42288313965 0.596104064086 0.04665321875
16 diffusion 0.520543416538 0.52055864616 0.489733036231 0.08330834375
16 age 0.939879070439 0.939918581895 0.417225320785 0.136198450126
16 X_c 0.949732638304 0.94973412518 0.580227500576 0.0292737162211
16 mass_cc 0.842660752752 0.843437298529 0.326537497807 0.00406677450051
16 Y_surf 0.653943986111 0.65516253257 0.701313218381 0.0274023542508
16 L 0.993612835248 0.993617341161 0.428629923164 0.0774102879282
16 radius 0.967350432775 0.967373866765 0.537047181072 0.0180542488513
32 M 0.944626556402 0.944669220906 0.689815416663 0.04023875
32 Y 0.238048768565 0.238064846258 0.810794637039 0.02257503125
32 Z 0.976196017149 0.976196160605 0.339379071705 0.000317609375
32 alpha 0.2011382102 0.201730686924 0.796123415457 0.179363546875
32 overshoot 0.413003646171 0.413781144368 0.53211967152 0.044704765625
32 diffusion 0.460414470531 0.461529674251 0.409034346764 0.092907375
32 age 0.933228226317 0.933257966592 0.382486415466 0.126264063162
32 X_c 0.95093322532 0.951068142661 0.545849782281 0.0287322511707
32 mass_cc 0.846979797967 0.847267103049 0.311356824933 0.00404513189526
32 Y_surf 0.649220543885 0.651500601804 0.635256716995 0.0267728094762
32 L 0.993162105659 0.993216004531 0.383336732251 0.0709333273705
32 radius 0.972521165087 0.972586224369 0.497530862869 0.0176964143956
32 M 0.944397362904 0.944665280818 0.691900207373 0.03940653125
32 Y 0.215441482772 0.219683103932 0.833258863598 0.0228586875
32 Z 0.971954442762 0.971955778375 0.357339703891 0.000275125
32 alpha 0.124966572136 0.125383676443 0.812029198442 0.186111546875
32 overshoot 0.446820128727 0.451204992983 0.554745965471 0.045539953125
32 diffusion 0.516754531106 0.518637032878 0.418315355212 0.0909975
32 age 0.927116732253 0.927290443872 0.388967925731 0.122842767163
32 X_c 0.952719518468 0.952769234688 0.543600250463 0.0282496699854
32 mass_cc 0.845215452778 0.846854190602 0.311658148728 0.00396102092579
32 Y_surf 0.674959192518 0.674981501217 0.655710227085 0.0273459697038
32 L 0.992936319414 0.992940248407 0.387985727497 0.0753061972748
32 radius 0.972685857925 0.972685858674 0.495300716755 0.0172281852646
32 M 0.94662862234 0.946762377394 0.653945700037 0.037504875
32 Y 0.225167267656 0.22990968974 0.78184395108 0.021764515625
32 Z 0.975717456191 0.975728067686 0.350881575977 0.00030253125
32 alpha 0.16296992833 0.163196146411 0.806580647631 0.181169078125
32 overshoot 0.437085123642 0.437692546839 0.549313015082 0.046259875
32 diffusion 0.485477751066 0.487468686286 0.412049421091 0.095536890625
32 age 0.935979944242 0.935995155566 0.367316666931 0.121010267376
32 X_c 0.955283805815 0.955321087001 0.513734570519 0.0269419588187
32 mass_cc 0.856727242698 0.856959076815 0.311853593606 0.00406001894175
32 Y_surf 0.670241095391 0.670772210612 0.623126944802 0.0257489604344
32 L 0.995583594575 0.9955883289 0.371583808302 0.0710934393041
32 radius 0.987386799741 0.987392878277 0.468093772364 0.0163529816264
32 M 0.94409866225 0.944323054396 0.691037407813 0.039725515625
32 Y 0.207189146509 0.214814662058 0.852708789285 0.023128859375
32 Z 0.973136996146 0.973153344633 0.344178321375 0.000290375
32 alpha 0.143930827222 0.147354530533 0.800207721004 0.1828443125
32 overshoot 0.412861785636 0.413887553324 0.544959324733 0.0453251875
32 diffusion 0.45083691347 0.451437419129 0.414681076063 0.08679434375
32 age 0.936226144908 0.93622681704 0.391866730291 0.128724625158
32 X_c 0.951775511189 0.951817011775 0.542287865706 0.0286274574766
32 mass_cc 0.838925005074 0.840334162863 0.307131852124 0.00404993141187
32 Y_surf 0.653856715851 0.654631372429 0.658340054513 0.0273891315641
32 L 0.99573722526 0.995738983222 0.397086425008 0.0785997987625
32 radius 0.986736898669 0.98674235904 0.495493758234 0.0178952581091
32 M 0.94436945123 0.944462343417 0.673564654131 0.038644546875
32 Y 0.219721869801 0.223606905334 0.819835740458 0.022378453125
32 Z 0.978276617114 0.978298236652 0.347911250883 0.0002643125
32 alpha 0.145747216194 0.145760345816 0.846108629565 0.189773234375
32 overshoot 0.421156941269 0.423017860218 0.556095394301 0.047450890625
32 diffusion 0.497176944299 0.498926679902 0.421586555456 0.088912765625
32 age 0.929890733511 0.930007779404 0.389124909072 0.125847146917
32 X_c 0.953403370286 0.953421109953 0.526338627358 0.0275478939185
32 mass_cc 0.8402523478 0.841325791154 0.308992915438 0.0040339345249
32 Y_surf 0.672201483964 0.672706960933 0.635357453158 0.0266520026317
32 L 0.996519680983 0.996519745528 0.386120766266 0.075576114976
32 radius 0.987173635796 0.987173846535 0.485654595792 0.0170008527318
32 M 0.943097052471 0.943097178133 0.693220514354 0.038634109375
32 Y 0.238905968853 0.239392743569 0.836543708908 0.02294503125
32 Z 0.972660655031 0.972722119483 0.353573630573 0.000310859375
32 alpha 0.165620998516 0.168467372225 0.816612577771 0.184545265625
32 overshoot 0.419821789309 0.422495889825 0.530468415619 0.044475671875
32 diffusion 0.475774749934 0.4762723085 0.416855522696 0.096921953125
32 age 0.946063004283 0.946064696928 0.371845839823 0.120901897218
32 X_c 0.953561213961 0.953734451794 0.547223540744 0.0283145183531
32 mass_cc 0.847900479688 0.848753248349 0.294118602556 0.00364122219967
32 Y_surf 0.657868264459 0.658139745408 0.635175768038 0.0259773542213
32 L 0.995846156933 0.995852230064 0.383447341391 0.071503448922
32 radius 0.984140763312 0.984173413487 0.504306308596 0.0173164534633
32 M 0.947520569128 0.947538588338 0.703130551178 0.039317609375
32 Y 0.216720358303 0.217592803561 0.818529913218 0.02224471875
32 Z 0.97369471622 0.973709854229 0.347466940288 0.000283109375
32 alpha 0.179179423348 0.179410531158 0.82109947117 0.1846025
32 overshoot 0.41618409625 0.419310108607 0.540084189962 0.044604171875
32 diffusion 0.478180667766 0.478865013502 0.404758799167 0.085219734375
32 age 0.936885437714 0.936886944477 0.377523130264 0.122204138734
32 X_c 0.957736649691 0.957761776259 0.533288586995 0.027524144559
32 mass_cc 0.851529280898 0.852063419016 0.299627532174 0.00381145125326
32 Y_surf 0.674565204379 0.675183714993 0.635951376663 0.0260551156585
32 L 0.995886449569 0.995889431834 0.390932635394 0.0745453008988
32 radius 0.988214792385 0.988215153777 0.49779900124 0.0172146787529
32 M 0.945685092804 0.945793449141 0.698329383579 0.03954534375
32 Y 0.21517429629 0.220992954659 0.845241456164 0.02324665625
32 Z 0.975018857321 0.975019546887 0.344707853536 0.000252765625
32 alpha 0.17895719831 0.180354111094 0.805521765948 0.18204684375
32 overshoot 0.401127876438 0.401991536924 0.537196166169 0.0441676875
32 diffusion 0.491369360311 0.491545736038 0.416165887441 0.0798120625
32 age 0.94487538166 0.94488379121 0.373974567575 0.118951208406
32 X_c 0.956508691941 0.956536225975 0.5423533479 0.0279841724914
32 mass_cc 0.860831154589 0.860831407648 0.299509061222 0.00383901237832
32 Y_surf 0.643396966634 0.64340227837 0.644694056667 0.0269138656021
32 L 0.996203281944 0.99620331017 0.388455294293 0.0748833917998
32 radius 0.988272944811 0.988273318142 0.500253852008 0.017428311558
32 M 0.944424802671 0.944749720292 0.693221486233 0.0401136875
32 Y 0.198889319482 0.208096643496 0.814240331028 0.022694453125
32 Z 0.97439245286 0.974393015288 0.335808002213 0.000248265625
32 alpha 0.151738369365 0.152392696947 0.79266421249 0.17967434375
32 overshoot 0.417897535161 0.418030124069 0.55337257565 0.0457788125
32 diffusion 0.548256388594 0.54832807671 0.411189525975 0.08026396875
32 age 0.938370182845 0.938377162218 0.363244810518 0.11793348758
32 X_c 0.951908990351 0.951920362242 0.541556843453 0.0285475299389
32 mass_cc 0.849507255432 0.850081242548 0.305908421928 0.00399686810216
32 Y_surf 0.67755173986 0.679583267635 0.641470755871 0.0264451503443
32 L 0.995662242147 0.995662424752 0.396807508965 0.078043203089
32 radius 0.984008226968 0.984008237886 0.501585025032 0.017555183958
32 M 0.94139094309 0.941390955945 0.702899923247 0.040008875
32 Y 0.243858668825 0.245131825647 0.826385355084 0.023102109375
32 Z 0.974780720906 0.974784184267 0.34722074125 0.000295171875
32 alpha 0.152761031463 0.153648992961 0.800708468177 0.184003578125
32 overshoot 0.38634199869 0.387541815963 0.537925686565 0.04680328125
32 diffusion 0.491836006957 0.49334987989 0.407192701779 0.091631484375
32 age 0.939970289866 0.939986463231 0.378898538535 0.123520279976
32 X_c 0.951691544632 0.951718719464 0.550198466511 0.0286211258949
32 mass_cc 0.839012945544 0.839663599093 0.305932055487 0.00397186652149
32 Y_surf 0.660799835977 0.662859994087 0.659114818424 0.0271892316948
32 L 0.99498410563 0.994995626997 0.386005411967 0.0745518261264
32 radius 0.984237546486 0.984277041306 0.496313495133 0.0175075936227
64 M 0.946296359764 0.94654414178 0.692832604816 0.0399120390625
64 Y 0.219451865935 0.227388524561 0.85718166769 0.0235960625
64 Z 0.979214236298 0.979222666091 0.316475302738 0.0002786328125
64 alpha 0.194571940449 0.194604804757 0.784619875022 0.179254757812
64 overshoot 0.395494961319 0.397323092733 0.509773731813 0.0470408125
64 diffusion 0.540105959161 0.540624964155 0.355126599441 0.0981406015625
64 age 0.949141300861 0.949142832756 0.358381517733 0.121835422212
64 X_c 0.955284878308 0.955337536365 0.531127336529 0.0284255596443
64 mass_cc 0.862139362057 0.862227609881 0.2910652418 0.0040614816648
64 Y_surf 0.67684647624 0.67715699408 0.652821414365 0.0267813019834
64 L 0.995189049741 0.995189995528 0.385629767017 0.0738910860649
64 radius 0.988793129718 0.98881052871 0.490524470581 0.0177838429643
64 M 0.94666330515 0.946813695334 0.685371733213 0.039135375
64 Y 0.23318415406 0.239030921342 0.806059390837 0.0222724765625
64 Z 0.975964060376 0.975971506441 0.324051440126 0.000275234375
64 alpha 0.149671991766 0.149746364992 0.801649866725 0.184759289063
64 overshoot 0.455256703409 0.455482188955 0.510066257396 0.0468758671875
64 diffusion 0.401958930516 0.402864093433 0.372870396084 0.09315596875
64 age 0.930278991585 0.930429609442 0.353533037668 0.11495059016
64 X_c 0.951854675975 0.951856278998 0.523860552911 0.0279996677383
64 mass_cc 0.85256679623 0.853063455775 0.288302471135 0.00384804183145
64 Y_surf 0.658054532434 0.658055635074 0.618198312062 0.0266401810089
64 L 0.992857418519 0.992872420818 0.380122143366 0.0744755316212
64 radius 0.973165669358 0.973180842217 0.486604224232 0.0174619168312
64 M 0.945895968329 0.946000030709 0.687974498779 0.03971746875
64 Y 0.225938740257 0.232332446483 0.82799198764 0.022763421875
64 Z 0.978991943316 0.978994453145 0.330925397908 0.000292578125
64 alpha 0.158850537674 0.159253511128 0.832277117582 0.187324359375
64 overshoot 0.427764959968 0.428275086967 0.501094970795 0.04513909375
64 diffusion 0.510307664834 0.511115798412 0.367828563066 0.0943781171875
64 age 0.932220241498 0.932351206276 0.366298034167 0.125018655604
64 X_c 0.954715084738 0.954715347795 0.531760355558 0.0285988849881
64 mass_cc 0.861544699136 0.862005015771 0.295701467612 0.00410778737665
64 Y_surf 0.679067889808 0.680371649095 0.653311247258 0.0269961983859
64 L 0.993807487487 0.993813659631 0.385951371876 0.0756630999517
64 radius 0.97659053271 0.976593173902 0.479712103772 0.0173793675492
64 M 0.943929983677 0.943987792544 0.699209690172 0.0402666640625
64 Y 0.217711814231 0.221846556672 0.864339239992 0.0239675390625
64 Z 0.979606374212 0.979607479145 0.314035547758 0.0002678515625
64 alpha 0.17170497092 0.171823921556 0.798090515812 0.180635140625
64 overshoot 0.437065827408 0.437080144667 0.499839943378 0.0448448046875
64 diffusion 0.489531182602 0.489775023321 0.364845218423 0.100808
64 age 0.943646822689 0.94367231361 0.354435160943 0.115900718383
64 X_c 0.954727711584 0.954754436047 0.536498705934 0.0283203278616
64 mass_cc 0.864931216811 0.864931908611 0.287536234479 0.00391736460504
64 Y_surf 0.669217681356 0.669981965063 0.649056299111 0.0275272611755
64 L 0.992974540395 0.992982085253 0.369360673216 0.0740512904708
64 radius 0.97199949052 0.972034476577 0.502015223236 0.0176343921284
64 M 0.942961841898 0.942971573682 0.671126027677 0.03890090625
64 Y 0.231756796573 0.233147487241 0.830488938026 0.0230517421875
64 Z 0.971871880627 0.971879945574 0.325167541009 0.00028009375
64 alpha 0.179012321399 0.180128716551 0.782567624075 0.18173996875
64 overshoot 0.436033223272 0.43730315267 0.512221901051 0.04771625
64 diffusion 0.491682429605 0.491795050898 0.369130917078 0.108552984375
64 age 0.934665542711 0.934704953201 0.353948604251 0.117068361912
64 X_c 0.952166565263 0.95219599342 0.526789320087 0.028379269797
64 mass_cc 0.844593155852 0.84533797711 0.30050202208 0.00417438662482
64 Y_surf 0.660108165354 0.660602497156 0.640731495312 0.0277739737551
64 L 0.996345084407 0.996348055813 0.371048252951 0.073489010725
64 radius 0.984965459626 0.984986233544 0.487913336819 0.0173379783106
64 M 0.945163879604 0.945375875564 0.691488965054 0.0392383203125
64 Y 0.225558237378 0.236518705513 0.852550248766 0.023556953125
64 Z 0.976013244571 0.976066517086 0.321838399984 0.0002547421875
64 alpha 0.186900793437 0.186982667661 0.772818629781 0.178146773438
64 overshoot 0.434965231634 0.435897367004 0.514528103326 0.043719109375
64 diffusion 0.50252404208 0.503562713031 0.378294299502 0.09413490625
64 age 0.950106106371 0.950109652164 0.353944527395 0.11193586612
64 X_c 0.955046160946 0.955117039363 0.53122308994 0.0277118520784
64 mass_cc 0.85942164593 0.859601569881 0.291411737942 0.00396077392778
64 Y_surf 0.675986228602 0.677608587733 0.636777276049 0.0258798219216
64 L 0.995356345316 0.99535644551 0.38616465406 0.074960364207
64 radius 0.986240437492 0.986240838513 0.50442179732 0.0173919939403
64 M 0.942039001481 0.942085986677 0.68066660992 0.038984046875
64 Y 0.220583241339 0.222886706415 0.808374814625 0.022545546875
64 Z 0.977261839357 0.977261878518 0.323443463911 0.00027625
64 alpha 0.143088708993 0.143090425285 0.795350776091 0.184413234375
64 overshoot 0.398140041915 0.401561431412 0.518909132126 0.0457023203125
64 diffusion 0.476739935791 0.478565856268 0.367961452971 0.103689304688
64 age 0.926742165773 0.926853040028 0.360724219944 0.11992758699
64 X_c 0.952207924011 0.952278355717 0.521705588991 0.0281174852895
64 mass_cc 0.844769786583 0.845857562526 0.28662445674 0.00380923502741
64 Y_surf 0.679077073893 0.679444487397 0.622325682998 0.0261942221996
64 L 0.993969293208 0.993973219649 0.392409856653 0.075702989335
64 radius 0.972421510012 0.972432117415 0.483524129325 0.0170484873637
64 M 0.947208454059 0.947344462697 0.670376531093 0.038105703125
64 Y 0.236338995335 0.240727825679 0.785900507288 0.0217754765625
64 Z 0.976113729848 0.976123553484 0.30889063662 0.000244671875
64 alpha 0.132844591003 0.132912726506 0.828409488089 0.190363960938
64 overshoot 0.448189555456 0.448554767616 0.524127210106 0.0472765703125
64 diffusion 0.553533055982 0.553580387856 0.370718566576 0.077499765625
64 age 0.937292092342 0.937294067379 0.353812974752 0.113955466169
64 X_c 0.955370788161 0.955391292942 0.508817958493 0.0275548542481
64 mass_cc 0.848744105505 0.849570307744 0.290882330745 0.00390402722333
64 Y_surf 0.679747329362 0.680940477871 0.608519160077 0.0259960420018
64 L 0.993563354889 0.9935662986 0.369241457543 0.0754373039753
64 radius 0.974327501635 0.974330341718 0.471078767735 0.0167355436733
64 M 0.944585199168 0.944606378361 0.678277167027 0.0387630546875
64 Y 0.239592784516 0.240158925856 0.838171408886 0.0233229453125
64 Z 0.97597575734 0.97597605998 0.325289233908 0.000302078125
64 alpha 0.203992673657 0.204446056732 0.824506527482 0.188148554687
64 overshoot 0.382525664117 0.384181636268 0.512153525458 0.0459914765625
64 diffusion 0.396384503763 0.411542825742 0.372499713947 0.121474921875
64 age 0.943601794432 0.943795337885 0.357952196844 0.120597640885
64 X_c 0.953965392067 0.954139172302 0.523640222724 0.0280170699327
64 mass_cc 0.845581539074 0.845914917227 0.290877552816 0.00389750850276
64 Y_surf 0.677272745574 0.679098883498 0.596585648507 0.025786657881
64 L 0.993744586092 0.993761221361 0.367078325704 0.0715036439699
64 radius 0.972861805277 0.972911309994 0.473675886711 0.0171745392097
64 M 0.946337457543 0.946420495353 0.640460645636 0.03661240625
64 Y 0.227298001462 0.23184485693 0.787380760283 0.02196328125
64 Z 0.977470932646 0.977475333736 0.325782645557 0.0002663828125
64 alpha 0.211795974258 0.211834690082 0.800421732309 0.18139446875
64 overshoot 0.41050891647 0.410820798906 0.499856620075 0.0441535546875
64 diffusion 0.540169702874 0.543064939321 0.358934937781 0.1101015
64 age 0.950666974717 0.950677905572 0.33456410973 0.112339430638
64 X_c 0.954698689287 0.954716160638 0.522508538228 0.0273603203513
64 mass_cc 0.860458671202 0.860461413097 0.292634330366 0.00403251899064
64 Y_surf 0.663752325395 0.663832441694 0.601321496165 0.0257932048537
64 L 0.993633005602 0.993641051488 0.356410595694 0.0721027783035
64 radius 0.973814683571 0.97381520354 0.460393779374 0.0162151260088
128 M 0.948002277842 0.94803134838 0.641739955065 0.0376088046875
128 Y 0.253166542394 0.258259406569 0.773802753989 0.0216608476562
128 Z 0.973075413132 0.973186680226 0.313445852171 0.000288546875
128 alpha 0.172179327978 0.172595847877 0.8045990299 0.183641527344
128 overshoot 0.402313114761 0.40238139607 0.487295110256 0.045835921875
128 diffusion 0.444943244457 0.44505183406 0.341142601019 0.119753023437
128 age 0.946451408815 0.946485052551 0.353901935632 0.120286866299
128 X_c 0.956885732632 0.95688664429 0.506978882968 0.0272943759757
128 mass_cc 0.86450622103 0.865065208109 0.2670176994 0.00361791876074
128 Y_surf 0.682822929738 0.683261588351 0.616350848081 0.0258724379788
128 L 0.995851843845 0.995857152695 0.347816382673 0.0680249538588
128 radius 0.988410832601 0.988413912132 0.457453310663 0.0166095054554
128 M 0.9418685566 0.942083726459 0.712626857967 0.0409876054687
128 Y 0.196148401639 0.203197432104 0.865153892907 0.0238441914063
128 Z 0.978080689379 0.978081966266 0.30606598917 0.00026153125
128 alpha 0.136998132223 0.139792308822 0.8164118064 0.184431003906
128 overshoot 0.442226331982 0.444339653444 0.505955733386 0.0469974882812
128 diffusion 0.547147234249 0.547151342588 0.34021837373 0.115345554687
128 age 0.93368250174 0.933701087831 0.340927765447 0.115899172437
128 X_c 0.951706869895 0.951725914514 0.535026929693 0.0287950427244
128 mass_cc 0.842940893114 0.843593394438 0.284545956026 0.00387660856216
128 Y_surf 0.690188853391 0.690809397399 0.660674376492 0.0280436244426
128 L 0.996007391292 0.996007717695 0.388069454919 0.0762022177824
128 radius 0.985938273822 0.985938356094 0.503063346098 0.0179634097064
128 M 0.950262420997 0.950460829611 0.641002031255 0.0379569257813
128 Y 0.235014549129 0.241941137196 0.799283290409 0.0223093242188
128 Z 0.977789969839 0.977790094951 0.309298334612 0.00026642578125
128 alpha 0.163375169627 0.163403253727 0.814639943732 0.190742617187
128 overshoot 0.417776497541 0.418049746173 0.493550557572 0.0465900546875
128 diffusion 0.538534889146 0.538876791246 0.335533015582 0.106649753906
128 age 0.933936683681 0.934052602551 0.347171987689 0.115460038956
128 X_c 0.956446842243 0.956474375467 0.499763326728 0.027267022593
128 mass_cc 0.844172982961 0.844322923737 0.281088069425 0.00386766181011
128 Y_surf 0.656135506844 0.656740685721 0.628266934717 0.0268220508677
128 L 0.996312227191 0.996314097968 0.353892022529 0.0704200402173
128 radius 0.987649018683 0.987657196266 0.460931009934 0.0168351828168
128 M 0.942839615401 0.942865472401 0.686358378148 0.039672171875
128 Y 0.223158755156 0.224411400017 0.831622009557 0.0234976875
128 Z 0.977060268562 0.977066004337 0.326158597682 0.00026523046875
128 alpha 0.204556912588 0.204715584188 0.827844782151 0.190065335938
128 overshoot 0.413271260395 0.416075954995 0.486185434761 0.0439130390625
128 diffusion 0.592559564301 0.594498954648 0.344136970561 0.101213527344
128 age 0.944279122429 0.944305925395 0.350937643894 0.120341414236
128 X_c 0.95396764594 0.954129268983 0.516271777878 0.0280744351499
128 mass_cc 0.842678734764 0.844644537661 0.285015354453 0.00398877999559
128 Y_surf 0.658981937115 0.660483481863 0.638319031177 0.0273075713542
128 L 0.993195230641 0.993213991298 0.369587422223 0.0742702774481
128 radius 0.972864863626 0.972897451675 0.47852568013 0.0171295811646
128 M 0.947629490018 0.947811794559 0.661335439407 0.0390813476562
128 Y 0.232542058786 0.236959691568 0.793618956765 0.0225556015625
128 Z 0.979007679825 0.979040922147 0.316815107846 0.00027767578125
128 alpha 0.182378652426 0.182453700622 0.799033604441 0.183978972656
128 overshoot 0.424683731991 0.425783612388 0.486444879904 0.0441394882812
128 diffusion 0.544310379626 0.544914685271 0.33595388431 0.10544584375
128 age 0.952859613021 0.952893968775 0.345257053301 0.113675119629
128 X_c 0.957569939282 0.957607897317 0.504206300123 0.027571072764
128 mass_cc 0.861687427567 0.861873929527 0.28482819359 0.00392972268863
128 Y_surf 0.660609611953 0.661782581159 0.596628156701 0.0253770555387
128 L 0.994515466372 0.994516122564 0.356877438982 0.0709099042982
128 radius 0.976877152726 0.976878141061 0.464782315003 0.0168900769057
128 M 0.94534182737 0.945341831641 0.662032734987 0.0383081171875
128 Y 0.22935918047 0.230835541691 0.774363952068 0.0217715742188
128 Z 0.971359854987 0.971373915676 0.303538597184 0.00027453125
128 alpha 0.125023201917 0.125311042418 0.798832599258 0.186323507813
128 overshoot 0.457255549478 0.458362333345 0.497339946054 0.0465957304688
128 diffusion 0.531888107565 0.53192858682 0.32815024267 0.120747585937
128 age 0.947234684357 0.947247821569 0.341258730552 0.115946059815
128 X_c 0.955031117154 0.955073031282 0.505728726124 0.027196023519
128 mass_cc 0.85611022195 0.856403307382 0.285576101223 0.00405813628841
128 Y_surf 0.67251198958 0.673499860719 0.62086764327 0.0268391012187
128 L 0.994326237429 0.994351307641 0.364993376305 0.0733859887283
128 radius 0.97264437518 0.972695545603 0.468588821707 0.0168547622277
128 M 0.945110618441 0.945114924046 0.659795022217 0.0380430546875
128 Y 0.230817680274 0.232087398906 0.808577883129 0.0225850234375
128 Z 0.977738549527 0.977745247651 0.30167994965 0.00026133203125
128 alpha 0.198088387712 0.198244224013 0.781331896365 0.181120035156
128 overshoot 0.427138511938 0.427870482181 0.481179084197 0.0437116757813
128 diffusion 0.484239752201 0.486657499285 0.332026987405 0.11506275
128 age 0.937614765194 0.937667891051 0.341657073643 0.116654131974
128 X_c 0.955639801066 0.955665205338 0.502220400369 0.0275882914151
128 mass_cc 0.850053960815 0.850536377262 0.27835220255 0.00395886971548
128 Y_surf 0.68591503555 0.687645907454 0.601340220491 0.0258910571219
128 L 0.994327629048 0.994336021631 0.360620580488 0.0713765660436
128 radius 0.974204151292 0.974220770326 0.458750131008 0.0167506322942
128 M 0.944187545406 0.944264301407 0.678926015559 0.039635
128 Y 0.210761847734 0.213055542086 0.827395601138 0.0231133007812
128 Z 0.977296089801 0.977296118759 0.305658875437 0.00026401953125
128 alpha 0.178873090035 0.17887998163 0.817474785342 0.186085910156
128 overshoot 0.447278599514 0.447282821803 0.490106142921 0.0452166210937
128 diffusion 0.542561771759 0.54450730804 0.324052539559 0.102460070312
128 age 0.953868373083 0.953883481217 0.341269374365 0.116648421555
128 X_c 0.954311032756 0.954312619003 0.52178053064 0.0286328100617
128 mass_cc 0.862362883058 0.86238923065 0.281148431436 0.00394562192316
128 Y_surf 0.683217934513 0.683587248788 0.605708411384 0.0262210811021
128 L 0.993236100075 0.993239037131 0.378233677502 0.0739807577251
128 radius 0.975359308385 0.975362486178 0.47781129796 0.0173611196578
128 M 0.946755994335 0.946910636941 0.687885697596 0.0399234921875
128 Y 0.241614685959 0.245925400075 0.833504208973 0.0232431796875
128 Z 0.982028885092 0.982072937329 0.302023778717 0.000241953125
128 alpha 0.122757362939 0.122770336053 0.816156463241 0.187043027344
128 overshoot 0.450904297116 0.450969381904 0.480245853154 0.0454641835938
128 diffusion 0.413681844457 0.415923171293 0.336813716176 0.101957261719
128 age 0.946890608078 0.946980823155 0.341374238926 0.113336057942
128 X_c 0.956674996965 0.956692818623 0.521009213355 0.0279374480724
128 mass_cc 0.86143499891 0.861466092923 0.282518321746 0.00407428691487
128 Y_surf 0.655484588733 0.65583208182 0.644924846451 0.0273575638443
128 L 0.994141719428 0.994145172899 0.384406137564 0.0778201115459
128 radius 0.975422472081 0.975423059217 0.483999401409 0.0173362650882
128 M 0.944288962191 0.944289043563 0.66712867025 0.03895278125
128 Y 0.254783378175 0.255772049338 0.857788990982 0.0237276054688
128 Z 0.976526050881 0.976533937741 0.31378680022 0.0002770390625
128 alpha 0.153081844638 0.153901852814 0.810510921254 0.188692933594
128 overshoot 0.419282756134 0.420995968096 0.494166660675 0.0468249882812
128 diffusion 0.506380868801 0.506998035831 0.340507894393 0.129887699219
128 age 0.941158503831 0.941162226336 0.348219193147 0.124954996484
128 X_c 0.948899529146 0.949214020568 0.532876399035 0.0289444798506
128 mass_cc 0.830271377056 0.832438761185 0.281789509234 0.00390361597603
128 Y_surf 0.674257220053 0.675490148499 0.613379214463 0.0266415259978
128 L 0.993960735654 0.993995690546 0.361410905107 0.0712524407646
128 radius 0.970915297654 0.970945112673 0.472376222154 0.0174198779272
