num_tracks variable r2 ev sigma diff
2 M -0.352233246792 -0.235278851336 1.57211774727 0.214360132813
2 Y -2.32635452819 -0.0130729804642 15.5633025025 0.0514910429687
2 Z 0.0594248326233 0.223282597633 0.42378133755 0.00189921875
2 alpha -0.753320046439 -0.694046947934 0.92542085807 0.26694515625
2 overshoot -1.21748899954 -0.49401391784 1.62075763874 0.23809715625
2 diffusion -0.0531064983568 9.78528411633e-08 393.716916623 0.00084496875
2 age -1.28798436457 -0.983512824826 1.79981830882 4.47766407677
2 X_c 0.178067792849 0.240794290563 0.731936417991 0.118504051616
2 mass_cc -0.386507476256 -0.259662436169 1.01848027627 0.0242191247033
2 Y_surf -0.0117807106856 0.0101718747586 16.1513836319 0.0538946136598
2 L -0.136640242729 0.0501016183187 2.04105074552 1.25264485949
2 radius 0.439904916351 0.443914034486 0.658836401887 0.105835674601
2 M -0.536491160341 -0.459450401323 2.42099799202 0.237745
2 Y -0.117338442265 -0.0949697595337 5.9324718751 0.0300771796875
2 Z -0.221861082437 0.0587522015161 1.87275049552 0.001315796875
2 alpha -0.775478104714 -0.716627870731 3.11952418161 0.27429125
2 overshoot -0.153538492692 -0.0111881846236 24.501935018 0.027946765625
2 diffusion -0.0485839491916 0.000767642523497 12.1723025457 0.106171484375
2 age -0.148042492228 0.068261204085 1.17372287305 1.10864748751
2 X_c 0.602658701647 0.610382231298 0.656870376217 0.0947464502072
2 mass_cc -0.33631511423 -0.305821215725 1.31779345491 0.0318390803781
2 Y_surf -0.126388837387 0.0351035333085 4.90859158784 0.0365913594973
2 L -0.283876853738 0.0533304289559 1.5245893825 2.56648870757
2 radius 0.180045349493 0.180062754009 2.57997913955 0.162131526234
2 M -0.188879304082 0.0476493859824 1.38050332615 0.184676460937
2 Y -1.51443860356 -0.0396980783501 8.66841751792 0.0407445546875
2 Z -0.157217247529 0.0706546921333 2.29053313418 0.00273448046875
2 alpha -0.491547077767 -0.0485837983956 4.02088637746 0.252064140625
2 overshoot -0.23766253724 0.00191938810275 6.7985279153 0.0065314140625
2 diffusion -0.0530800396115 -1.14236784901e-05 4.9064227808 0.0012910625
2 age 0.389035488918 0.538910241422 0.585651441651 1.51433461744
2 X_c 0.510936572495 0.579914306212 0.618386358727 0.0952244642585
2 mass_cc -0.460032169542 0.0191125261439 0.590940714122 0.00840640896903
2 Y_surf 0.0275810765548 0.0306865384382 7.04783673829 0.047258642382
2 L 0.0694234670033 0.242771939582 0.847895047893 0.95321234116
2 radius -0.216918751885 -0.0683935525346 1.04397655653 0.150253625847
2 M -0.961032770182 -0.909284504314 0.868480916672 0.26457534375
2 Y -2.85089680942 -0.00652083672586 31.4914066424 0.0591688125
2 Z 0.136238602438 0.518563688646 1.01706383041 0.0207188359375
2 alpha -2.21024596947 -0.0065480781189 21.7950159162 0.420956078125
2 overshoot -0.161027699937 -0.00312494622102 3.85304108201 0.020852
2 diffusion -0.0531065392211 -1.76911008065e-08 446.00953162 0.00084365625
2 age -0.523358655381 -0.520236560798 0.955759473175 2.44220518353
2 X_c 0.351628230847 0.393002949145 0.738285319802 0.120798883516
2 mass_cc -0.984500080906 -0.672948472656 0.935062860847 0.0386019479012
2 Y_surf -1.36988258284 -0.0148496332061 39.377349231 0.0786850553948
2 L -0.168546553149 -0.122775743904 1.59441064501 2.22951092845
2 radius -0.203684931386 0.0207116787495 0.618168069389 0.162482940655
2 M -0.406441415527 -0.279146066453 9.39594492089 0.227197
2 Y -1.35041659399 -0.0847479640718 27.3819925837 0.03829875
2 Z -0.142487311797 0.0976696569243 24.472019973 0.001447578125
2 alpha -0.126954556475 -0.108905979506 15.5926909458 0.25190928125
2 overshoot -2.52342397526 -0.89093944353 10.0114508706 0.284307125
2 diffusion -0.0531054519136 8.55106890851e-08 2206.22109929 0.000818703125
2 age -0.263317096795 -0.0834164680458 1.31948669611 1.28021258759
2 X_c 0.127877704288 0.499544171889 0.95010511094 0.121652345227
2 mass_cc -1.88961228571 -0.18758891136 8.53801081969 0.0623053913527
2 Y_surf -0.0705314108046 -0.0704621413442 27.6119618596 0.0453281282536
2 L -0.240807642861 -0.239655979118 4.5647942235 3.11340296082
2 radius 0.171084527019 0.458552021492 1.3735139117 0.148855509637
2 M 0.0496628984692 0.0775199358158 1.86471257036 0.211700226562
2 Y -0.617175094636 -0.595937837857 1.66457776988 0.033020609375
2 Z 0.0650981379842 0.276842731439 4.48489540349 0.02063790625
2 alpha -0.235714337023 -0.0158060557925 10.5266647878 0.255207199219
2 overshoot -0.147449302218 0.0154251685506 1.34662028141 0.024545703125
2 diffusion -0.0530482441668 -1.99410187021e-05 9.67780852028 0.002338296875
2 age 0.373250576143 0.392409465309 0.697944760284 1.083547755
2 X_c 0.452807036624 0.464716153933 0.847784412587 0.105843824286
2 mass_cc -0.15897128672 0.040721846851 1.52436060508 0.0167927491973
2 Y_surf -0.300758341564 -0.0164685100685 2.22581033659 0.0415654747951
2 L -0.121167754415 0.119243877635 1.47590453366 0.841972598871
2 radius 0.200884480247 0.283356206466 1.41759520214 0.211128544223
2 M -0.187062701265 0.284820553186 14.4643971157 0.135272984375
2 Y -1.92845672145 -0.105234610523 41.0650606461 0.047959
2 Z -0.398366630133 1.63340182892e-05 225874.203609 0.0025970625
2 alpha -0.0598323582283 -0.0399359600317 26.6700501524 0.248535
2 overshoot -0.174532999761 0.00344205844723 301.282246319 0.0176194921875
2 diffusion -0.0529167364742 9.18910151737e-06 26133.237563 0.0041276640625
2 age 0.0146034079242 0.0624491032838 1.0925994856 1.32152359795
2 X_c 0.393396321834 0.514263958614 0.808500632557 0.117590282008
2 mass_cc -0.309370813179 0.0921963007026 0.573709706582 0.00816462191259
2 Y_surf -0.248715251009 -0.180733682367 1.34176795651 0.0594275705836
2 L 0.756402530059 0.764208588201 1.29261633228 0.916239335625
2 radius -0.193348526969 0.202076813034 2.59499494355 0.114721559776
2 M -0.27303082946 -0.126173265537 1.12504717712 0.19032403125
2 Y -0.551463763251 -0.439296396303 1.32540982661 0.0320145
2 Z -0.22257684136 0.0493323601768 1.6831902193 0.0015494375
2 alpha -0.594564391321 -0.455628474524 1.27160206334 0.26671603125
2 overshoot -0.276675917655 -0.215743723482 1.37642054108 0.138737796875
2 diffusion -0.0446284977788 0.00014506960712 1.92522041029 0.283066421875
2 age -0.500941330266 -0.475374119607 1.12537879058 2.65378080429
2 X_c 0.399992568535 0.415575278538 0.617051975623 0.106104684089
2 mass_cc -0.277994673878 -0.242087066728 1.00803092944 0.0272727773895
2 Y_surf -0.158589196672 -0.0357138280657 2.06791821084 0.0372057762314
2 L -0.156200488452 -0.105877842927 1.46250130901 2.30079676551
2 radius 0.538834599587 0.540231732484 0.530339782446 0.094593489762
2 M 0.399670876125 0.423522332149 0.420796147834 0.149412421875
2 Y -0.0994534483184 -0.0990268186812 0.70906954919 0.0285947421875
2 Z -4.91944381755 0.0052069483392 43.0580048148 0.0635217265625
2 alpha -0.245377052543 -0.234373521346 0.557087912335 0.244502203125
2 overshoot -0.127912980989 -0.00108026482366 1.3322081472 0.0278095625
2 diffusion -0.0526405958537 1.8890873874e-05 1.24113453987 0.010453859375
2 age -0.307317964009 0.42214822832 0.603145842426 3.4407397936
2 X_c -0.189318554735 0.312062427917 1.7605307458 0.148175758104
2 mass_cc 0.00601792870713 0.134059958188 0.670611178689 0.0308015779065
2 Y_surf -0.291201251576 -0.0596323071875 0.902892515468 0.0365538254931
2 L -0.11926421518 0.0886212003616 0.38994517375 0.760747784678
2 radius 0.638413561079 0.726419486249 0.283472447255 0.141122808657
2 M -0.0304505255125 0.0998050695823 2.55219368383 0.1776761875
2 Y -0.058606535772 -0.0293835275653 2.85025341913 0.029019015625
2 Z 0.431801623296 0.433352447827 0.595786326229 0.006708734375
2 alpha -0.299199917319 -0.259877927819 1.55271046125 0.248230375
2 overshoot -0.248775161612 0.00154226628436 9.96930179768 0.0076620625
2 diffusion -0.0529930903223 7.83099313961e-06 11.2811802419 0.002349734375
2 age 0.304192819715 0.420719862229 0.587735072256 1.57086201611
2 X_c 0.5393129128 0.550003637452 0.720982507674 0.0983972964621
2 mass_cc -0.407991080873 0.00358051113936 0.755413259013 0.0102949101566
2 Y_surf -0.357490479413 -0.0123663911029 1.46839446784 0.0777762923025
2 L 0.306131412236 0.369675969538 0.690289236564 1.11120318805
2 radius -0.177724119557 0.108623950938 2.15431550644 0.118356826989
4 M 0.20108089287 0.319419353109 1.01468104827 0.128310621094
4 Y -1.02932663084 -0.155517044394 2.13834026351 0.035751109375
4 Z 0.306848005289 0.365932106667 0.5042247178 0.00354394140625
4 alpha -0.375789894448 -0.340935280986 1.49674583204 0.261749945313
4 overshoot -0.189198958052 -0.091453591465 1.71224470224 0.045655125
4 diffusion -0.0531439961468 -8.34381028714e-07 31.2214368478 0.00079475390625
4 age 0.352433935146 0.367154392246 0.718479957119 0.95682198824
4 X_c 0.671548034959 0.713269052582 0.6289279096 0.0765068683327
4 mass_cc 0.211902915959 0.226754900961 0.887895138585 0.0203858886167
4 Y_surf -0.684669287822 0.0261068711735 2.9724325366 0.0516415578775
4 L 0.0701367614318 0.176197703446 1.02750349292 1.0010805332
4 radius 0.71440279927 0.716887974113 0.557219787275 0.0784419355607
4 M 0.239682344976 0.379239153305 0.676575154072 0.1280018125
4 Y -0.587862591967 0.026415842688 2.24244716947 0.0310761914063
4 Z -0.167737368082 0.0611413397899 2.21580592462 0.0239816835938
4 alpha -0.258980899013 -0.0301933838284 1.97301189856 0.250354820312
4 overshoot -0.257478650413 -0.000201839223173 21.7124621091 0.00871525
4 diffusion -0.0436641140308 0.000235376863088 0.48732906261 0.196715585937
4 age 0.149099788246 0.479728465597 0.65231121021 2.5376374885
4 X_c 0.471757940042 0.477739418151 0.773355553658 0.104224480995
4 mass_cc -0.0606315691352 0.108310948098 0.577170965667 0.0161377149266
4 Y_surf -0.56551203061 0.0116675430998 4.01170043089 0.0446331313353
4 L -0.325112176706 0.0464275722347 1.02374231325 1.03044255543
4 radius 0.458394644742 0.489290866186 0.397463211922 0.0886399286698
4 M 0.202906321199 0.202992001231 0.81643663625 0.150568902344
4 Y -0.628745498785 -0.308449092065 1.81512829851 0.0312091328125
4 Z 0.342333583593 0.361270689054 0.585222294339 0.004977140625
4 alpha -0.619408073072 -0.269672403878 1.11456852052 0.256881820313
4 overshoot -0.0956922726186 0.00303171297758 1.0746347942 0.03543071875
4 diffusion -0.0451553851088 -0.0311036270782 0.518409469245 1.68489721094
4 age 0.460765401205 0.460933017291 0.553711214979 1.10984116016
4 X_c 0.605881665978 0.612165959936 0.585663795343 0.0867607251283
4 mass_cc 0.068458624258 0.129300430714 0.734096260143 0.0173997467877
4 Y_surf -0.972942757591 -0.152878981429 1.32545793563 0.0973589498957
4 L -0.00183084867576 0.136416856506 0.99345065342 0.906091974634
4 radius 0.664493839263 0.688570419234 0.461633939518 0.0907264153202
4 M 0.110681264218 0.15628872352 0.938048185585 0.161413875
4 Y -0.191501337877 -0.104231598419 2.13449771198 0.0306528046875
4 Z 0.707605562513 0.70916352107 0.417327001287 0.0051891015625
4 alpha -1.16290486845 -0.213348101841 1.80821920096 0.3009565
4 overshoot -0.0905743467386 0.00622117523658 1.01413767416 0.0345001875
4 diffusion -0.0276250543503 0.00827609613065 0.363228587134 0.15997546875
4 age 0.462014951928 0.497041891394 0.45050792202 0.96166460584
4 X_c 0.510701417395 0.557605118859 0.824306112893 0.100827712472
4 mass_cc -0.128010196006 -0.0590940722876 1.16271315045 0.0223899899957
4 Y_surf -0.300253729833 -0.011690480045 2.0244896568 0.0389745247849
4 L 0.623907992187 0.628474766963 0.609034598666 1.46040537483
4 radius -0.137729572269 0.142947253591 0.938247731756 0.0950873728921
4 M 0.430291421582 0.430318350179 0.556731308085 0.125030273438
4 Y -0.372033465245 -0.13139926411 1.15006454975 0.0302969570313
4 Z 0.188435363793 0.287858448016 0.553968602015 0.0019691953125
4 alpha -2.19493506003 -0.0108667794407 9.7656315078 0.431091015625
4 overshoot -0.226991605399 0.00241648258014 3.91490584563 0.00758119140625
4 diffusion -0.602155706674 -0.310803176281 0.462367613401 5.36190134766
4 age 0.206325123493 0.279994767043 0.535222325653 0.834394089602
4 X_c 0.645246600014 0.670592825496 0.473824274233 0.0867056114894
4 mass_cc 0.00304838761519 0.0248267479766 0.860866957131 0.0256721279578
4 Y_surf 0.0556297348161 0.116009970873 0.750258300688 0.0492129423238
4 L 0.201681383236 0.249195431926 0.87098238912 1.29214102603
4 radius 0.610082328489 0.655393887372 0.463808134308 0.100814007293
4 M 0.173691817294 0.214454310943 1.30534102476 0.190283
4 Y -0.784651816527 -0.446776724124 1.85052023385 0.03252796875
4 Z 0.318529868674 0.534944377055 0.746495879542 0.0156489375
4 alpha -0.366472684316 -0.347794302498 1.17322252136 0.250610832031
4 overshoot -0.101373797931 -0.0463751802105 1.84685849789 0.0538230117188
4 diffusion -0.209181120969 -0.0482766868839 0.868048554758 4.89299778125
4 age 0.502281385447 0.504504722785 0.644071263777 1.1466866794
4 X_c 0.605409708637 0.610806323737 0.674996891987 0.0933266216648
4 mass_cc 0.172388917245 0.172529018315 0.888908054863 0.0235124006361
4 Y_surf -0.253639890255 -0.188870713115 1.67104977382 0.0643420998665
4 L 0.414206517205 0.414379594539 0.726205347609 1.58942861372
4 radius 0.4998916497 0.499929097393 0.979895884345 0.109096281179
4 M 0.21109828298 0.330016069601 1.04989916637 0.165043335937
4 Y -0.189910590135 -0.186483028166 1.00128663028 0.0286930742188
4 Z 0.0645028124926 0.37992833401 0.680652139484 0.01589809375
4 alpha -0.373874481453 -0.127332705896 1.19404832424 0.241124382812
4 overshoot -0.13955493477 -0.0797621875694 1.22393993337 0.0550065742187
4 diffusion -0.0479508514993 0.000808924278717 0.579785915021 0.082025015625
4 age 0.532360562484 0.545324755534 0.535058738646 0.811789851327
4 X_c 0.524954218701 0.606747575551 0.691275049553 0.0878810682528
4 mass_cc 0.156560684213 0.156631210175 0.841099619621 0.0269382125702
4 Y_surf -0.159032338142 -0.0201713795626 1.19029296891 0.03674654765
4 L 0.38347287845 0.442325995506 0.615887852569 1.6718410632
4 radius 0.53371107616 0.561372799988 0.575220031624 0.0808896985689
4 M 0.469272312731 0.55142494204 1.00866212578 0.110431
4 Y -0.325158655511 -0.281003427905 3.46772155097 0.031406
4 Z 0.460984246928 0.461027925326 0.635327917335 0.00519941796875
4 alpha -0.885355167843 -0.495481628157 1.50769585122 0.284209953125
4 overshoot -0.111260220481 0.0139606063514 1.38710943989 0.0315912421875
4 diffusion -0.0159068570834 0.01578718813 1.20908476101 0.352962742187
4 age 0.531411247543 0.588941273722 0.419558755735 0.815741880936
4 X_c 0.585893549447 0.606600819739 0.755032407355 0.0894270043472
4 mass_cc 0.350056512302 0.40673191579 0.38636678027 0.00900644440892
4 Y_surf -1.61478277736 -0.690890089006 1.3737220113 0.0936628884531
4 L 0.335601067998 0.397450966011 0.439670476272 0.545580930608
4 radius 0.588621503536 0.635730874285 0.633966052653 0.0721491759564
4 M 0.438587483971 0.44014143668 0.564752650587 0.1199494375
4 Y -1.29723065139 -0.250160002698 4.06860354952 0.0366066015625
4 Z 0.175733062962 0.276011491453 0.614689845958 0.00182673046875
4 alpha -0.720620163295 -0.448044039033 1.42721531553 0.272657542969
4 overshoot -0.432219057727 -0.331727766796 1.20739681468 0.121832125
4 diffusion -0.0457425765572 0.000435560894131 0.6619805708 0.139884554688
4 age 0.583505207846 0.617100502626 0.46483352169 1.04603599898
4 X_c 0.753568216812 0.758836630795 0.433651758856 0.0656198517855
4 mass_cc 0.0419560079297 0.0420762900197 0.72208809423 0.0238363074484
4 Y_surf 0.0828774136796 0.117140995867 1.60603960365 0.0527853994586
4 L 0.060558807223 0.12653549063 0.888486509218 1.55689608931
4 radius 0.668061988908 0.697122935234 0.431825953273 0.0786857939278
4 M 0.167169408375 0.167549382242 0.904157842795 0.173574273438
4 Y -0.419584736202 -0.378344497525 1.04512651789 0.032062265625
4 Z 0.207096060379 0.318798053504 0.579680432024 0.00239871484375
4 alpha -0.637744133057 -0.235309972666 1.63611673806 0.26733040625
4 overshoot -0.995325284634 -0.812512268934 0.64777300254 0.119161085937
4 diffusion -0.0531448136431 -5.85635250294e-07 12499.8779504 0.0008227578125
4 age 0.425828138036 0.430063686 0.730667853522 1.16839645784
4 X_c 0.58694901019 0.596440507041 0.581865524496 0.0897058337118
4 mass_cc 0.0986493586157 0.101758020686 0.535570487372 0.0207495201211
4 Y_surf -0.246832155699 0.0499181639929 1.37192884115 0.0414608575294
4 L 0.434621772491 0.481760816021 0.735162859005 1.27560875432
4 radius 0.640040427397 0.643224547069 0.603360673696 0.102234091417
8 M 0.563849428154 0.578642760023 0.831050423127 0.122794777344
8 Y -0.133888238795 -0.133879530986 1.09853106529 0.0289248125
8 Z 0.723646993865 0.744442293912 0.613388947785 0.002553921875
8 alpha -0.300991741175 -0.286617614651 1.18420052214 0.2554715
8 overshoot -0.190147015212 -0.184993974788 0.865230362876 0.0953795351563
8 diffusion -0.0528734428209 0.000103575394473 1.81400696885 0.0039809921875
8 age 0.587510292861 0.589136595137 0.396943342045 0.691965299723
8 X_c 0.65256480178 0.656371009128 0.559309284211 0.0787659856139
8 mass_cc 0.104796336915 0.136166600555 0.75283522816 0.021638551384
8 Y_surf -0.227080014966 -0.0337493123591 1.4498249207 0.037317684189
8 L 0.733139230409 0.781425073431 0.538239975195 1.05224515462
8 radius 0.688699525048 0.68874317554 0.690641998507 0.0985962120456
8 M 0.647369630066 0.702964347951 0.537773306981 0.0876896015625
8 Y -0.546004560202 -0.542125913682 1.50138539998 0.0294293203125
8 Z 0.24973512029 0.333453721926 0.518607559245 0.0020203125
8 alpha -0.396301261215 -0.291966577941 1.24299726406 0.25055071875
8 overshoot -0.0346437225699 -0.0110308193057 1.18696492129 0.0643873515625
8 diffusion -2.27490311525 -1.97412748956 0.48237316012 0.544278671875
8 age 0.147731884989 0.168974567001 0.429288900104 1.27762616809
8 X_c 0.680803315784 0.688287452923 0.513100916785 0.0797896079526
8 mass_cc 0.334271120829 0.376288203679 0.473125519478 0.0114209542956
8 Y_surf -0.441610812111 -0.386564448467 1.22688855824 0.0481587008766
8 L 0.794676273603 0.807610867202 0.332823223133 0.436868553447
8 radius 0.680644906565 0.706587299387 0.403031283691 0.0601034360796
8 M 0.502369815677 0.547031831761 0.726022687278 0.0928207148437
8 Y -0.410861484073 -0.195619573651 2.80526620609 0.0324779335938
8 Z 0.389713564714 0.447799564543 0.675178378086 0.00274074609375
8 alpha -0.480402890843 -0.264741943522 1.30987436049 0.246759992187
8 overshoot -0.163764261155 -0.089608254733 0.870705016673 0.043766453125
8 diffusion -0.0366847154829 0.00555824493205 0.834305767149 0.106612914063
8 age 0.568561025144 0.618322565921 0.481524963832 0.612060081277
8 X_c 0.804315036456 0.815981138337 0.513533964549 0.0620667265011
8 mass_cc 0.211445921229 0.249508231275 0.678236063584 0.0152813383834
8 Y_surf -0.289176328092 -0.0912241142968 1.81505733196 0.0431702705767
8 L 0.73264839011 0.734759214664 0.594961572883 0.639403654745
8 radius 0.531127250523 0.574115192773 0.522147872002 0.0639262430154
8 M 0.229677574782 0.31593587519 1.19214018759 0.142142269531
8 Y -0.518430087341 -0.376693013958 0.962536791765 0.0304441015625
8 Z 0.248638395238 0.316532278062 0.741840275569 0.0033223046875
8 alpha -0.748993863681 -0.646013870376 2.58767754099 0.263604796875
8 overshoot -0.117786936233 -0.0676245056186 0.801414158116 0.0405201640625
8 diffusion -0.0247211889219 0.0134661301075 1.14463672334 0.0311451914063
8 age 0.576059086906 0.629994832114 0.685657582247 0.991361002965
8 X_c 0.799625565776 0.804490142342 0.478097235863 0.0614060204967
8 mass_cc 0.166857525349 0.261377934578 0.453991006917 0.00961515054974
8 Y_surf -0.146140416789 -0.110527569073 1.22045653707 0.0404933392562
8 L 0.12556890312 0.261372399308 0.726443696508 0.499729872893
8 radius 0.738996705943 0.747404579156 0.536187797758 0.0681177621632
8 M 0.494919653801 0.560693097859 0.750061732426 0.0903231640625
8 Y -0.332968750025 -0.230136306434 1.32234350527 0.0300965351563
8 Z -0.010801025876 0.143207135997 0.606393028784 0.00213102734375
8 alpha -0.685918972996 -0.616878619639 1.51695995431 0.264875851562
8 overshoot -0.105468576123 0.00693631156806 1.38175968498 0.0385696523437
8 diffusion -0.0485863455343 -0.00116093105218 0.472560849982 0.02584
8 age 0.679939197146 0.692987440854 0.53536089892 0.551965163165
8 X_c 0.79108187837 0.791782872746 0.558679242398 0.0611738830783
8 mass_cc 0.223977260748 0.337390833352 0.549919686799 0.0103484025127
8 Y_surf -0.0725677851555 -0.0547159686848 1.16042097865 0.0428893249436
8 L 0.329538680435 0.409765375993 0.741120568921 0.585686990243
8 radius 0.728149357173 0.742195151527 0.362335271927 0.0446384828521
8 M 0.75815058792 0.77852151675 0.43750582288 0.0737995898437
8 Y -0.365396582784 -0.364318684633 1.30237942095 0.0295780234375
8 Z 0.120508448172 0.252976690361 0.647751086294 0.001740703125
8 alpha -0.882442577145 -0.52846351937 1.05696206298 0.284309996094
8 overshoot -0.0451824513835 -0.0400814646345 1.18494257562 0.0742660390625
8 diffusion -0.0354931977359 0.00764043046515 0.871241043926 0.0712776445312
8 age 0.714767091607 0.71534486047 0.414202114904 0.570540176417
8 X_c 0.749342041518 0.749607920645 0.540022654061 0.070223081079
8 mass_cc 0.333704996748 0.347014599698 0.540161036549 0.0145890097083
8 Y_surf -0.0928625801045 -0.0504294405095 0.893020682163 0.0424134043195
8 L 0.725722057466 0.733698211792 0.464197564846 0.535134591063
8 radius 0.836594466898 0.839547158364 0.323472641671 0.0508166541268
8 M 0.687624282221 0.691393968864 0.669019673314 0.0958889414063
8 Y -0.437381972474 -0.427648133265 1.09287618107 0.0306124296875
8 Z 0.21481684508 0.294498965992 0.791497021619 0.003522703125
8 alpha -0.183605245089 -0.170998823182 2.06437917534 0.253889445313
8 overshoot -0.391143313509 -0.315945936474 0.533655782952 0.101791011719
8 diffusion 0.0444328158397 0.0444512679971 0.709328488477 2.17365083594
8 age 0.689854139909 0.691817476302 0.413494427253 0.573552873578
8 X_c 0.717651031001 0.718027123514 0.538544102482 0.0781750760077
8 mass_cc 0.394372487066 0.417345673037 0.447836926351 0.0168601002673
8 Y_surf -0.228087349462 -0.146737699573 0.935058598285 0.0643563233541
8 L 0.706581556183 0.706988057429 0.436342146294 0.69821892599
8 radius 0.836441175231 0.852114495866 0.40053703679 0.0658485780123
8 M 0.626238046597 0.639613375559 0.669568136119 0.08444653125
8 Y -0.453948048363 -0.37717264824 1.73163352881 0.0325976992188
8 Z 0.393996359874 0.409567647038 0.620882872554 0.00389606640625
8 alpha -0.640766083812 -0.158206496703 1.40900280125 0.260464109375
8 overshoot -1.37673810492 -1.23974895002 1.00597644169 0.05476728125
8 diffusion -0.0526594728374 6.21795055546e-05 0.998440332796 0.013245
8 age 0.557724848825 0.603051823912 0.453105779124 0.518042527773
8 X_c 0.783648940442 0.784001788021 0.543336367657 0.0658168045716
8 mass_cc 0.253656465782 0.319412747701 0.428965465996 0.00920811434691
8 Y_surf -0.208946701773 -0.177530950578 1.17302675711 0.0499831900138
8 L 0.819684845721 0.823572094604 0.387614303526 0.408762415076
8 radius 0.694992875917 0.715300072559 0.432549880395 0.0534588468578
8 M 0.274982806483 0.353032057787 1.11122876239 0.111954375
8 Y -0.472289381308 -0.345670179971 1.16915028564 0.0315810117187
8 Z 0.462468240136 0.466531368107 0.529107327315 0.0050469765625
8 alpha -0.119652957505 -0.0976615356076 3.99645978049 0.248437949219
8 overshoot -0.159907686262 0.00260287447053 1.33673698785 0.0232277734375
8 diffusion -0.0498988005514 0.00145130445861 0.74939219974 0.0293271914063
8 age 0.41078989404 0.529481818166 0.577659713736 1.11790933313
8 X_c 0.592370791463 0.592371451264 0.711705483832 0.0891400061356
8 mass_cc -0.175916961849 0.163958456184 0.503386007407 0.00715755633751
8 Y_surf -0.140401397273 -0.140235159222 1.34401947398 0.0492208138397
8 L 0.831029291906 0.836988677137 0.465412081166 0.50530626054
8 radius 0.198114537126 0.339727108235 0.902874614166 0.0887451296962
8 M 0.363036766224 0.371853479631 1.20430575583 0.146962953125
8 Y -0.227968076663 -0.226817508086 0.878532119932 0.02894740625
8 Z 0.601168506383 0.602833458392 0.757511864792 0.0053720234375
8 alpha -0.998438272644 -0.127653892593 1.88412904216 0.294643039063
8 overshoot -0.198056867667 0.00938799609906 1.34800588938 0.0148202226563
8 diffusion 0.00201418395697 0.024304746097 0.668210134118 0.200988777344
8 age 0.461520906535 0.468203106873 0.611005833915 0.809974663604
8 X_c 0.620264433386 0.620362867193 0.655926765209 0.0860611779619
8 mass_cc 0.0167389245137 0.120513420993 0.563848817706 0.0122416783228
8 Y_surf -0.0578169329591 -0.0558507954585 0.75591331982 0.0415157244032
8 L 0.783515606079 0.785608569145 0.473619894961 1.05189340473
8 radius 0.468714579896 0.470070392734 1.02813063774 0.111982988627
16 M 0.769625857048 0.769694788066 0.564478279336 0.07665134375
16 Y -0.496878858947 -0.171437848031 1.59686626991 0.0317367539063
16 Z 0.644586524059 0.674261271405 0.505318397581 0.00373569921875
16 alpha -0.595509208266 -0.337903147917 1.3739262381 0.269367246094
16 overshoot -0.271872637334 -0.171761917809 1.44513058716 0.028994171875
16 diffusion 0.0513672560734 0.0513743733383 0.576617357921 0.668135382812
16 age 0.772183919581 0.773817315589 0.418509056783 0.494283769085
16 X_c 0.752658914332 0.756729851737 0.568786730365 0.0658334739497
16 mass_cc 0.457575736201 0.457761135947 0.465101542575 0.0116629518831
16 Y_surf 0.0409169141434 0.0526407762248 0.814968878245 0.0441388314845
16 L 0.930645069375 0.931287773072 0.339228890233 0.283641776897
16 radius 0.856561268252 0.85663307463 0.378422102382 0.044693709448
16 M 0.715885630715 0.748953052079 0.685247980843 0.0742246132813
16 Y -0.274943011136 -0.217020807455 1.306644174 0.03074678125
16 Z 0.357176573968 0.417718364344 0.494624948583 0.0021215625
16 alpha -0.368572643617 -0.361251196822 1.09529727941 0.24980634375
16 overshoot -1.35895701661 -1.03843182253 0.711613329529 0.1088306875
16 diffusion -0.0515634611027 -5.78851099908e-05 0.553666558536 0.0245274140625
16 age 0.661561242712 0.708335060886 0.546973440776 0.657898476594
16 X_c 0.801778631778 0.802851790329 0.64681233657 0.0653797557417
16 mass_cc -0.0730418845868 -0.0108543856697 0.775141699043 0.0245123682058
16 Y_surf -0.14416374534 -0.0620232823933 1.45205140615 0.0426376621975
16 L 0.774395980414 0.785439025005 0.437669406035 0.288488864451
16 radius 0.758700302389 0.770634955676 0.469107525189 0.0478115927689
16 M 0.757019240041 0.757122945538 0.554580195271 0.0759378164062
16 Y -0.387767435126 -0.387178027495 1.13851338905 0.031233625
16 Z 0.768521016984 0.788398400512 0.445204887904 0.002074921875
16 alpha -0.304061497318 -0.227246744506 1.15774416301 0.247511066406
16 overshoot -0.186163798895 -0.159919546759 0.683626585139 0.0862112460937
16 diffusion 0.0672044862528 0.0740193770045 0.375255936881 0.368591753906
16 age 0.754723196872 0.757828278169 0.494634115936 0.668598728366
16 X_c 0.791727983463 0.79526328552 0.503706288733 0.0630863998296
16 mass_cc 0.22690360612 0.231733758061 0.659271175573 0.0176652734557
16 Y_surf -0.000681284771737 0.003744702438 0.862303555692 0.0422599085394
16 L 0.841205464363 0.844783157724 0.424350514539 0.295960540355
16 radius 0.800594381912 0.803784285408 0.474756582992 0.0528896288441
16 M 0.561603567513 0.592183414204 0.679617914066 0.0814966015625
16 Y -0.223601498875 -0.173025176828 0.976171797371 0.028527140625
16 Z 0.615752697017 0.64484145984 0.351863846692 0.0018490703125
16 alpha -0.369735193733 -0.280132184998 1.02243322121 0.241722773437
16 overshoot -1.80700192927 -1.02051645838 0.807520056021 0.176056550781
16 diffusion -0.0420180315622 0.00319878845056 0.511924957962 0.0728920390625
16 age 0.290517017555 0.429486616423 0.592505814002 0.891407845645
16 X_c 0.768605963815 0.770955330974 0.553171139066 0.0673380316537
16 mass_cc 0.151770027705 0.199754076346 0.615182580601 0.0207102278021
16 Y_surf -0.0115092398063 0.0136054627876 0.859859332609 0.0400904453799
16 L 0.901191092391 0.903775008776 0.391288513838 0.332992068316
16 radius 0.652288428069 0.678069630724 0.548661359104 0.055078770529
16 M 0.621256012926 0.668168968379 0.820464160482 0.0880189414062
16 Y -0.424499287551 -0.25551919999 1.52431297582 0.03069953125
16 Z 0.441235002589 0.488548542175 0.563792316925 0.00203032421875
16 alpha -0.336898620322 -0.244600248502 1.44439578646 0.255464933594
16 overshoot -1.12825999079 -0.71919028671 0.735832772809 0.140955164062
16 diffusion -0.0618242415932 -0.0595331244125 0.488566212186 0.349711347656
16 age 0.690005417212 0.711645689511 0.427783421697 0.679980569348
16 X_c 0.713159342062 0.715434120121 0.592366053791 0.0738333622604
16 mass_cc -0.234423432321 -0.0807731946466 0.953359383498 0.0280459227797
16 Y_surf 0.196664049473 0.278476200363 0.951965106898 0.0380907183161
16 L 0.792791719383 0.802269517323 0.358516991304 0.289160585341
16 radius 0.774771707811 0.779567855497 0.50366722484 0.0575747616653
16 M 0.497131288126 0.574636163793 0.847441465484 0.079154734375
16 Y -0.373261968862 -0.345397715166 1.39664072185 0.0303650195313
16 Z 0.452485016944 0.463983769824 0.529927620511 0.00132190625
16 alpha -0.333634443447 -0.139030471878 1.37987198794 0.252349808594
16 overshoot -0.633354695166 -0.629434557599 0.73384960899 0.046855765625
16 diffusion -0.00500200047637 0.0278968855341 0.38825549853 0.105354320313
16 age 0.432156833748 0.530922469903 0.477723413384 0.603601103432
16 X_c 0.78021116483 0.794778077149 0.548983416446 0.0613014608858
16 mass_cc 0.313875343676 0.40049077598 0.458525261051 0.00939694317244
16 Y_surf -0.0653932529289 -0.0529091233201 1.03722541788 0.0481495931899
16 L 0.840220465597 0.850583996374 0.321918431916 0.262578438559
16 radius 0.614566829788 0.661599347939 0.617075248315 0.052239869891
16 M 0.631525915859 0.668726603565 0.8095572271 0.075601171875
16 Y -0.378445786739 -0.192814986025 2.00367658786 0.0292230507813
16 Z -0.0677257060777 0.146664694069 0.711635617187 0.00157303125
16 alpha -0.315000600937 -0.274014336823 0.995901145492 0.247122441406
16 overshoot -0.703406563641 -0.581725322752 0.842177397679 0.0978988789063
16 diffusion -0.0530596592259 -3.20295121956e-05 0.699649272472 0.00900934375
16 age 0.643170452453 0.659672271279 0.546529129781 0.550359816021
16 X_c 0.79816593363 0.803417722027 0.537578277797 0.0616286260023
16 mass_cc 0.367605304565 0.389542036886 0.46594760328 0.0122652249543
16 Y_surf -0.175049811805 -0.174004466081 1.4503323788 0.0449615470108
16 L 0.909267504766 0.911066369312 0.353175678351 0.332843606085
16 radius 0.759193180167 0.784263116131 0.49636891603 0.0462264113189
16 M 0.763951861616 0.764194459524 0.560804766454 0.0820663867187
16 Y -0.192789897705 -0.190579660753 1.29767564454 0.02806603125
16 Z 0.722478875325 0.731263761205 0.532133518814 0.00414373046875
16 alpha -0.283384301043 -0.283354964578 1.03354805747 0.253330339844
16 overshoot -0.0716735253033 -0.0582532599199 0.940898512569 0.0640176171875
16 diffusion 0.094311674279 0.0965662368594 0.628334988591 1.61502055078
16 age 0.781312480298 0.781663096128 0.381505556018 0.533292554853
16 X_c 0.751569995792 0.75171897166 0.555914333099 0.0681438554039
16 mass_cc 0.296602966139 0.311036314765 0.633991739653 0.0152651677665
16 Y_surf -0.0893319623265 0.0256640761664 1.05688194089 0.0604396515971
16 L 0.880582351807 0.884307786313 0.344373034347 0.290708855825
16 radius 0.808731212696 0.808975653965 0.440339896313 0.0575603303601
16 M 0.784907986402 0.785343499886 0.700101639996 0.0730221328125
16 Y -0.347642954904 -0.292334505121 1.12609634639 0.0307122382812
16 Z 0.506707236665 0.548144284376 0.495475578512 0.00155950390625
16 alpha -0.343155075263 -0.280429931943 1.63648620449 0.251335328125
16 overshoot -0.143904508059 -0.132194780331 0.736321040511 0.059476078125
16 diffusion -0.0305588605529 0.0117620343883 0.508868585847 0.13885434375
16 age 0.699001226581 0.702968152684 0.496389879773 0.409668202777
16 X_c 0.746446511579 0.764074202544 0.615374185719 0.0650009661687
16 mass_cc 0.444040128952 0.445070860367 0.448782596276 0.0119851023989
16 Y_surf -0.00677802237671 0.0513672601049 0.939446040813 0.0433147065907
16 L 0.838283043284 0.838574498814 0.55556789869 0.406622544212
16 radius 0.858606517225 0.858620821312 0.439961880256 0.0457071187759
16 M 0.792759475392 0.793237791856 0.475155961218 0.0704601601563
16 Y -0.392592537545 -0.35637068256 1.05937918519 0.0300386523438
16 Z 0.749428245161 0.751711051157 0.355168126388 0.0017725390625
16 alpha -0.396641159132 -0.291036190212 0.995718594008 0.24903609375
16 overshoot -0.249570592106 -0.1807175757 0.805498811299 0.108435933594
16 diffusion -0.627053329734 -0.609291977953 0.287853469613 0.267406316406
16 age 0.784155282089 0.785318390347 0.415097572945 0.567961505499
16 X_c 0.778517657281 0.78394699149 0.55323006692 0.0673530095203
16 mass_cc 0.199805137961 0.218194293226 0.705871914419 0.0220689361213
16 Y_surf 0.334644140884 0.336868477282 0.760164588562 0.0394484225382
16 L 0.836701612629 0.84098961152 0.37409831805 0.320152015564
16 radius 0.85860392756 0.858773912283 0.342363002288 0.0461632989986
32 M 0.83974625787 0.843121899616 0.553981689569 0.0590414882812
32 Y -0.340613812879 -0.291321676786 1.29538971669 0.0308346523438
32 Z 0.79560194553 0.798346312588 0.407557720952 0.0015471328125
32 alpha -0.242257813065 -0.194818919568 1.34458705996 0.250108453125
32 overshoot -0.0968138986657 -0.0882493713295 0.862602947655 0.0606493554687
32 diffusion 0.0135180875082 0.0490853324138 0.4038414246 0.0381674179688
32 age 0.835423924206 0.836020015358 0.414403630541 0.363819291007
32 X_c 0.83314632482 0.836810271485 0.527344118038 0.0524037498398
32 mass_cc 0.387167742033 0.392082820587 0.453291186615 0.00940615550245
32 Y_surf 0.16550394029 0.253748582886 0.951428379572 0.038594518959
32 L 0.926597123176 0.927602991612 0.324215942448 0.192634265003
32 radius 0.886463796555 0.888713285232 0.375322108716 0.0349023775198
32 M 0.780949915881 0.781319053824 0.735931606495 0.0747195820313
32 Y -0.363869756388 -0.226329928903 1.20594592015 0.029812671875
32 Z 0.766536014224 0.773176455561 0.532636892534 0.0018402265625
32 alpha -0.117465307216 -0.113106045818 1.11133440113 0.236072789062
32 overshoot -0.126473476596 0.00354944990525 0.676312785013 0.0239553945313
32 diffusion -0.863044757048 -0.818400753232 0.339476360697 0.28874271875
32 age 0.839840101499 0.840508271353 0.336234242163 0.354658129755
32 X_c 0.817992602011 0.82639791892 0.561862654277 0.0544998294604
32 mass_cc 0.503735245481 0.524921834101 0.444780040511 0.0085706125186
32 Y_surf -0.0491534938444 -0.048847030894 1.01953255301 0.0462137912422
32 L 0.572434623357 0.614494190505 0.377697545102 0.207298608413
32 radius 0.92246760353 0.927913784705 0.515084604843 0.0458886246565
32 M 0.837813733809 0.840680415916 0.567715447159 0.06237125
32 Y -0.187492613701 -0.182562982053 1.14050684717 0.0296955546875
32 Z 0.753348751203 0.758228565734 0.430549787291 0.00158885546875
32 alpha -0.312583131284 -0.30839603414 1.03577616074 0.243546738281
32 overshoot -0.0845160044298 -0.0827057010733 0.583966943349 0.0671440351563
32 diffusion 0.0464547732833 0.0634743289014 0.385346131402 0.408129988281
32 age 0.774991475382 0.792195640478 0.396139142646 0.426988167509
32 X_c 0.819564453216 0.822238182639 0.52172400246 0.0560785971687
32 mass_cc 0.417818883896 0.418050942043 0.459493574996 0.0109942489028
32 Y_surf 0.116729956314 0.160114927609 0.926767413379 0.0380828428682
32 L 0.955357438811 0.955415403108 0.268883750853 0.191734215921
32 radius 0.908924016372 0.909657152453 0.35415200667 0.0374425013791
32 M 0.789626735662 0.801747259644 0.660040358935 0.065730828125
32 Y -0.207186667741 -0.157556407604 1.07199934923 0.028676515625
32 Z 0.679942603973 0.700363878607 0.45079573799 0.001389609375
32 alpha -0.42695247166 -0.240145202409 1.19159849157 0.257128308594
32 overshoot -0.273632077945 -0.184876853533 0.627843684366 0.0976291835938
32 diffusion -0.0510622583941 -0.0324922400178 0.342287218151 0.594827378906
32 age 0.768726271332 0.778419624444 0.468222930637 0.589521283669
32 X_c 0.831094992749 0.834236797157 0.510616479267 0.0524603985331
32 mass_cc 0.336140884667 0.336294947121 0.583778061355 0.0171447920529
32 Y_surf 0.123931335343 0.12420393688 0.789108792566 0.0428741895407
32 L 0.871936662112 0.879857935547 0.385871608096 0.189896190982
32 radius 0.884194492303 0.891726934699 0.448734149249 0.0379548274983
32 M 0.778091074441 0.778120072198 0.591608192836 0.0767708984375
32 Y -0.519130386364 -0.3816260832 1.32606106616 0.0309862695312
32 Z 0.824338612839 0.8250642381 0.427914144534 0.0017691796875
32 alpha -0.255036396872 -0.213337389903 1.20456165837 0.2402565
32 overshoot -0.0507463529092 -0.0436026828181 0.687716939961 0.0690894414063
32 diffusion -0.0105457265492 0.0169487675482 0.310705850052 0.468012667969
32 age 0.714393253023 0.724937319152 0.381505213725 0.359284913099
32 X_c 0.803247213378 0.80636460277 0.503374556168 0.0563533695726
32 mass_cc 0.523504682519 0.523634119115 0.584657944349 0.0131835029279
32 Y_surf 0.171175958243 0.179302732628 0.622112129337 0.0414312014987
32 L 0.892167899661 0.896352360893 0.408683589502 0.301002003788
32 radius 0.821924598681 0.822569945202 0.419849816635 0.0480577744078
32 M 0.819747551542 0.8199166317 0.638931487025 0.0662435859375
32 Y -0.249495171452 -0.24947629148 1.32296203183 0.030698109375
32 Z 0.825006945753 0.826609093663 0.440564030314 0.00209321484375
32 alpha -0.514102445924 -0.268401970073 1.03655182578 0.249056019531
32 overshoot -0.314310338734 -0.187583614114 0.814576094617 0.115552574219
32 diffusion -0.0460046939786 -0.000221903403305 0.547632222314 0.0510259609375
32 age 0.81255796772 0.817574438269 0.462471779021 0.450939079112
32 X_c 0.843952068974 0.84421877274 0.561975199509 0.0546086124045
32 mass_cc 0.351081510634 0.353591283372 0.583555725487 0.0164399655789
32 Y_surf -0.00606536581695 0.0604715522377 1.12205561818 0.0405310634989
32 L 0.931018208725 0.932097578881 0.402399931602 0.235557481032
32 radius 0.877996181898 0.880279037305 0.41596512256 0.0373744874561
32 M 0.77776056467 0.784509083221 0.654103874858 0.0660559882812
32 Y -0.262100407136 -0.252431785443 1.01030166049 0.0291623671875
32 Z 0.854708970785 0.855085047496 0.362665162782 0.00178663671875
32 alpha -0.260379450169 -0.218063785856 1.17775483767 0.247951664062
32 overshoot -0.0778807129975 -0.0622839093131 0.741789835294 0.0845892851562
32 diffusion 0.00171571366165 0.0198367399432 0.309986234665 0.663674515625
32 age 0.814271522007 0.822841337945 0.410339078897 0.510731857467
32 X_c 0.837157097928 0.837505042405 0.50170958611 0.0542139505055
32 mass_cc 0.380614979995 0.382276925363 0.565160924778 0.0150952252089
32 Y_surf 0.0668483455869 0.112229880113 0.76964125411 0.0510989973062
32 L 0.869796360021 0.87722875883 0.33184150433 0.227562625766
32 radius 0.860505108846 0.865716631296 0.379099035508 0.041713784136
32 M 0.798658338121 0.813974746751 0.605755590331 0.063124609375
32 Y -0.292084163552 -0.285196209587 1.00566155777 0.0302860507812
32 Z 0.806741512467 0.807782716093 0.357600397018 0.00155347265625
32 alpha -0.243050059422 -0.18523311171 1.03110131393 0.246035863281
32 overshoot 0.0569040190544 0.0574778735637 0.631964758257 0.0635121484375
32 diffusion -0.0251704015228 0.0126440109105 0.45769473329 0.108478386719
32 age 0.800662345312 0.817960374106 0.460081885877 0.416215203534
32 X_c 0.860817308033 0.863554407242 0.554355040893 0.0507836633094
32 mass_cc 0.404797615301 0.433177725621 0.530042014676 0.0122676241208
32 Y_surf 0.104159641692 0.104171688045 0.859005141915 0.0465172816344
32 L 0.881540404957 0.889484231917 0.381554030709 0.208344071995
32 radius 0.881178497014 0.889380453372 0.385593705812 0.0358445446331
32 M 0.741349736001 0.741584132102 0.670580134461 0.0787235742188
32 Y -0.318276044841 -0.305808409303 1.11991924612 0.0302933789063
32 Z 0.763037540272 0.769709690817 0.436419751138 0.0015185859375
32 alpha -0.305559281165 -0.304033406199 1.16809288794 0.247177863281
32 overshoot 0.0759876836261 0.0778428552529 0.592791952712 0.0596100742187
32 diffusion -0.696645041798 -0.471067869897 0.429516388591 1.55793007422
32 age 0.677091414087 0.679389964935 0.524138748154 0.552999527243
32 X_c 0.812372366192 0.817160267238 0.513215889943 0.0553018747838
32 mass_cc 0.294553273135 0.303900730806 0.646330884842 0.0160925565658
32 Y_surf 0.0367043007668 0.043007430967 0.890430788151 0.042982988506
32 L 0.875010094746 0.880285047347 0.482246394045 0.332096488
32 radius 0.80543588822 0.805708033492 0.497900555537 0.0511287991702
32 M 0.754318003449 0.762550494638 0.652180095278 0.06905478125
32 Y -0.194635470574 -0.194615404999 0.873440659074 0.0274474765625
32 Z 0.660936872317 0.669710265243 0.512838368019 0.00141785546875
32 alpha -0.161772164181 -0.156969142561 1.16103255724 0.240417730469
32 overshoot -0.83431635004 -0.416939034491 0.693394956882 0.130196519531
32 diffusion 0.108123136661 0.10972490001 0.369179094218 0.222034710938
32 age 0.695214645241 0.714817441316 0.434627674095 0.536659110081
32 X_c 0.832209467665 0.83314408709 0.506675553434 0.0595400987981
32 mass_cc 0.180652498656 0.318654452587 0.662161844329 0.02118793419
32 Y_surf 0.203828174652 0.20383602756 0.658531060406 0.0410089090624
32 L 0.952955614614 0.952974912156 0.33630250651 0.242695439237
32 radius 0.852608392642 0.852665571442 0.45143555853 0.0500297823283
64 M 0.877055968222 0.878126194927 0.593160937267 0.05686671875
64 Y -0.178518547437 -0.178031226202 0.992822132315 0.0286275898438
64 Z 0.910507211129 0.910655408275 0.370671828313 0.00100482421875
64 alpha -0.228397557447 -0.203339243357 1.12291893811 0.241666957031
64 overshoot -0.0831621964647 0.00877361528622 0.676895957945 0.103349179687
64 diffusion 0.105558456309 0.105845992264 0.349444136187 0.254053929687
64 age 0.837538188453 0.837990678865 0.392804522493 0.346588222598
64 X_c 0.884954420113 0.884973902742 0.508365527789 0.0470973241613
64 mass_cc 0.565923906791 0.570894186785 0.530030820226 0.0139715176152
64 Y_surf 0.277623250445 0.280987612691 0.725839221435 0.0385981373329
64 L 0.965397507727 0.965572349761 0.285289656871 0.140560492672
64 radius 0.904066920295 0.905922933229 0.393268758414 0.0323993220161
64 M 0.843010542382 0.844930449249 0.604645783518 0.0596189648437
64 Y -0.287819503859 -0.269305936948 0.970843255062 0.0288578828125
64 Z 0.874665101974 0.87567761541 0.407964323499 0.00083055078125
64 alpha -0.112172436772 -0.108270787324 1.02022017718 0.236180425781
64 overshoot -0.0564521571473 -0.012838639816 0.658012566197 0.0457161054687
64 diffusion 0.124168283577 0.136999223154 0.352143290682 0.714968054687
64 age 0.811907534408 0.81267983304 0.399585793566 0.35636916584
64 X_c 0.861896025445 0.861969321574 0.49577240995 0.050474390933
64 mass_cc 0.545505221413 0.569814386816 0.486771625286 0.00947740143628
64 Y_surf 0.360245691908 0.370381246614 0.791264048615 0.0412974020428
64 L 0.814713965372 0.826827098792 0.337450002507 0.175111421413
64 radius 0.911010195679 0.911647865398 0.392048478347 0.0347466663211
64 M 0.871680622218 0.871681234752 0.61268816433 0.0590668828125
64 Y -0.125071504127 -0.124982234387 1.00045730053 0.0288454257812
64 Z 0.838971036436 0.841088984373 0.374467005781 0.00094020703125
64 alpha -0.201955453248 -0.192912496151 1.19379496085 0.245427851562
64 overshoot -0.0190302529004 0.0147827823961 0.619323280718 0.0476982265625
64 diffusion 0.0242459337106 0.0911705778932 0.381682865578 1.26092928906
64 age 0.778683705177 0.783319313928 0.372919620043 0.312067516386
64 X_c 0.887417279073 0.888537915819 0.456735043898 0.0456823844528
64 mass_cc 0.604985276024 0.616841368205 0.425809702427 0.00821634331761
64 Y_surf 0.250560018463 0.27052699345 0.696135419696 0.0446211281359
64 L 0.94136241858 0.942784212782 0.319309667759 0.176768079524
64 radius 0.94269432265 0.943473245812 0.396056046519 0.0349126256804
64 M 0.865063422621 0.865498975546 0.615390534932 0.05869721875
64 Y -0.16760295903 -0.154191681062 1.08933879326 0.0279208671875
64 Z 0.89473813126 0.895715918797 0.387756897618 0.001144796875
64 alpha -0.127252936896 -0.124502446984 0.907879680856 0.23142696875
64 overshoot -0.0335791561403 -0.0315008776157 0.559491881808 0.0581755195312
64 diffusion 0.257442963767 0.257719251187 0.28509883625 0.384615132813
64 age 0.844964209911 0.846705575437 0.366810576748 0.297292985791
64 X_c 0.857118176603 0.857498811399 0.536712494038 0.049140442934
64 mass_cc 0.545998764291 0.5499401857 0.433189239075 0.0101321032629
64 Y_surf 0.309544471355 0.316137459458 0.81830252498 0.0382133685875
64 L 0.955677943976 0.955683754223 0.330728953076 0.173965984075
64 radius 0.928433878512 0.928577716751 0.410968424329 0.0346813486226
64 M 0.866837797752 0.873612704761 0.59274750424 0.0582088046875
64 Y -0.221001766181 -0.150810575301 1.22841871742 0.0293229257813
64 Z 0.898686092243 0.898810034081 0.37104213952 0.00079318359375
64 alpha -0.129947546505 -0.124555138848 0.979932651126 0.233363015625
64 overshoot 0.0981080387242 0.10741727131 0.618098519511 0.057808609375
64 diffusion -0.125203617748 -0.103476108312 0.414807542595 0.520761867187
64 age 0.739101652742 0.742265260165 0.364177457726 0.326871615648
64 X_c 0.853450669916 0.856176181502 0.509263944263 0.0512033879777
64 mass_cc 0.584980156707 0.586719339824 0.504961371508 0.0127075029757
64 Y_surf 0.0916331820845 0.143598659613 0.761319243091 0.0424110645194
64 L 0.936120825249 0.936179530624 0.341268604034 0.184718365132
64 radius 0.921382785228 0.923336022343 0.398645141688 0.0359263577734
64 M 0.867233568977 0.86899254652 0.616269541624 0.0557664414062
64 Y -0.211044171947 -0.196858566088 1.0803296929 0.0295823671875
64 Z 0.897072708598 0.900478804601 0.410186384389 0.00118678515625
64 alpha -0.261870019859 -0.245426182694 1.12369126702 0.246207328125
64 overshoot -0.112112786528 -0.104504831916 0.732724934982 0.054081765625
64 diffusion -0.340502750939 -0.212004486577 0.357300932402 0.854531667969
64 age 0.846012663127 0.846678888235 0.352072023333 0.294241764181
64 X_c 0.874321966983 0.876091575261 0.523167082658 0.04670180124
64 mass_cc 0.542650922065 0.558932362221 0.4891400001 0.00925485009052
64 Y_surf 0.243072063491 0.243369461245 0.730332625142 0.0428526263382
64 L 0.919578797719 0.923053049609 0.349596203673 0.155991128459
64 radius 0.925976172063 0.926589269888 0.394007938449 0.0308853216396
64 M 0.840654388319 0.847796720879 0.652586499618 0.0589552851562
64 Y -0.175056841727 -0.173660047435 1.00219472787 0.028711671875
64 Z 0.827486094493 0.828562390143 0.371540263735 0.0009630078125
64 alpha -0.150603671432 -0.134546665777 1.06534520305 0.234791023438
64 overshoot -0.0145354547665 0.000127997800814 0.592842185759 0.049854125
64 diffusion 0.22226497987 0.222771619723 0.34421828109 0.410840613281
64 age 0.854857218932 0.856649917293 0.425073084919 0.343659263412
64 X_c 0.852508200852 0.857773327431 0.523310471821 0.0477706745376
64 mass_cc 0.549706344247 0.581822913016 0.397155237639 0.00836930994171
64 Y_surf 0.333601736464 0.34865717094 0.712600453378 0.0382490136588
64 L 0.956312891531 0.958074642524 0.359197915478 0.164597911485
64 radius 0.900585754554 0.903683550416 0.398825445427 0.031954784
64 M 0.882592328764 0.88340876109 0.625232273399 0.0562637851562
64 Y -0.247463319216 -0.20981800051 1.00602711391 0.028122484375
64 Z 0.914139451917 0.915545898167 0.344566083502 0.0008092421875
64 alpha -0.230709286197 -0.228445970423 1.09816625446 0.238706964844
64 overshoot 0.0202189787372 0.0581246725608 0.662245106066 0.043591015625
64 diffusion 0.182201535875 0.182209357148 0.318914559642 0.287404910156
64 age 0.855987146073 0.856027406695 0.363956899009 0.289029850079
64 X_c 0.876252925085 0.876281047462 0.543685957307 0.0457779358932
64 mass_cc 0.519831463263 0.533116799896 0.462802370546 0.00950083946168
64 Y_surf 0.248962159629 0.249147897974 0.898237105756 0.0411474863188
64 L 0.953457567348 0.954041368606 0.340088836054 0.158366670835
64 radius 0.899772461163 0.900246754339 0.407541301554 0.0331608030675
64 M 0.857692846848 0.869168494694 0.618910629928 0.058969625
64 Y -0.272484873801 -0.22883057855 1.07557589327 0.0286430820312
64 Z 0.871221781366 0.872650133935 0.3152271283 0.00090712890625
64 alpha -0.282037143684 -0.176621528299 1.27590666209 0.251177078125
64 overshoot 0.025437569234 0.0570758514749 0.558494202023 0.08709765625
64 diffusion 0.17818093027 0.181276019917 0.300574534309 0.104541835937
64 age 0.846608415597 0.848492823677 0.386062899946 0.314980871584
64 X_c 0.863196821107 0.864655259835 0.549427983194 0.0501893175369
64 mass_cc 0.59394298354 0.593991504786 0.446753070126 0.0111072204929
64 Y_surf 0.234333123118 0.323404252285 0.912448686715 0.0368219567771
64 L 0.95294018546 0.954662429682 0.29624694861 0.149038149662
64 radius 0.910856249101 0.91352209312 0.390817205429 0.0339925595322
64 M 0.885463918284 0.887328975918 0.585690409867 0.0527425078125
64 Y -0.0617063654613 -0.0608994317385 1.00017982255 0.0269550390625
64 Z 0.873040422968 0.873167524104 0.329254773542 0.00088542578125
64 alpha -0.224025473993 -0.120887302344 1.15168455938 0.241921957031
64 overshoot 0.149847143229 0.171724898023 0.497301906111 0.042154640625
64 diffusion 0.266387400676 0.266522150098 0.334251049432 0.235388722656
64 age 0.869624064106 0.871398821138 0.347803640993 0.293837131905
64 X_c 0.886057062975 0.886219217898 0.504688044582 0.0440834803517
64 mass_cc 0.580101479416 0.580802251809 0.428745595848 0.00976579727167
64 Y_surf 0.270340450073 0.270513304852 0.715030060812 0.0397856757905
64 L 0.954715670653 0.955326656447 0.283138226465 0.13190890202
64 radius 0.919520058129 0.921032451122 0.373082086849 0.0291881953825
128 M 0.894178679148 0.895975519621 0.63878212376 0.051895921875
128 Y -0.116758708693 -0.116535423797 1.04391741166 0.0282641796875
128 Z 0.922825928758 0.922825975075 0.317073692106 0.00075565625
128 alpha -0.0816573510916 -0.0793122648892 0.964057287833 0.227873457031
128 overshoot 0.164635851267 0.164988379848 0.538006242899 0.0651831796875
128 diffusion 0.283530326824 0.288927239229 0.339059968336 0.249267632812
128 age 0.887664828316 0.888272272037 0.358314266211 0.245837283327
128 X_c 0.902160157483 0.90217605454 0.537538550259 0.0423643249178
128 mass_cc 0.671799126777 0.671817504302 0.400278052774 0.00901462820643
128 Y_surf 0.354019512302 0.357367181406 0.795196863097 0.0374971808828
128 L 0.969162139601 0.969831035902 0.308017032594 0.123605443783
128 radius 0.95022417201 0.95102205801 0.404768405309 0.0268124178406
128 M 0.89609402018 0.896546312939 0.659482941997 0.0510547929687
128 Y -0.127040499171 -0.125228234615 1.02503320352 0.0280785
128 Z 0.868800385745 0.869232252147 0.392412702112 0.00086053125
128 alpha -0.103202168808 -0.0987623293014 1.08951607006 0.239727082031
128 overshoot 0.128482430632 0.144207047261 0.541009631603 0.0700290429687
128 diffusion 0.125885962251 0.127960417915 0.40584124233 0.153753378906
128 age 0.835699664876 0.836829212751 0.394602318076 0.267839822008
128 X_c 0.908768380745 0.908903149306 0.500068533012 0.0407285311884
128 mass_cc 0.664498120533 0.665661633629 0.409842162605 0.00928616276478
128 Y_surf 0.261829471133 0.265687134588 0.762077687792 0.0371141096011
128 L 0.972778769134 0.972918016219 0.324520505455 0.11630164096
128 radius 0.931132348283 0.931949182138 0.431872218527 0.0273395219967
128 M 0.900084182815 0.903031588618 0.665748607519 0.0503867773438
128 Y -0.154703597584 -0.122632185583 1.10232997788 0.028377515625
128 Z 0.889460300313 0.889880298222 0.326195081387 0.0007752265625
128 alpha -0.101922287689 -0.093706255367 0.954708940996 0.233264222656
128 overshoot 0.144110302664 0.144977101353 0.587959044304 0.066886578125
128 diffusion 0.232235990872 0.241618628196 0.315163256949 0.163685765625
128 age 0.889079577564 0.892829532813 0.347110042388 0.229664483635
128 X_c 0.909484261698 0.912611851591 0.510969433615 0.0402243183772
128 mass_cc 0.699552545472 0.70222918466 0.368238612873 0.00700132796957
128 Y_surf 0.203886728632 0.279534710779 0.885783498834 0.0365932054294
128 L 0.976841431959 0.97696370244 0.285093813304 0.11054662567
128 radius 0.963556394778 0.964453437596 0.375219740667 0.0246323811678
128 M 0.900820384027 0.900868070915 0.621970721825 0.050142171875
128 Y -0.10066850797 -0.0994315632845 1.03274999744 0.0280195117187
128 Z 0.902491109642 0.902500283559 0.346166539454 0.0008265703125
128 alpha -0.0819146916593 -0.0722034467577 0.987060820926 0.223946621094
128 overshoot 0.112109572593 0.120793428077 0.624192024119 0.0568450234375
128 diffusion 0.204448328436 0.210184850139 0.332754880116 0.205088414062
128 age 0.876853477037 0.876929522716 0.376897461256 0.245373196661
128 X_c 0.906872515242 0.908625457522 0.538278822171 0.040754462685
128 mass_cc 0.68114203997 0.690371364238 0.400251558352 0.00727582118016
128 Y_surf 0.289264561024 0.292752431822 0.82959721357 0.0376562759337
128 L 0.971983244364 0.972283359514 0.308968186903 0.124197920156
128 radius 0.948924667996 0.949323100665 0.401238954393 0.0254830520537
128 M 0.88497182864 0.885794857821 0.650489414387 0.053483203125
128 Y -0.0728670673409 -0.0686140221535 0.917778334409 0.0275400234375
128 Z 0.873973803606 0.874018869682 0.383100928604 0.0009269296875
128 alpha -0.130904340381 -0.0832157156315 1.04628812044 0.234560101562
128 overshoot -0.144511038418 -0.14420988792 0.572325282836 0.0565551796875
128 diffusion 0.199774865626 0.200177961346 0.313798818607 0.284449046875
128 age 0.862813508233 0.863583456024 0.421617118504 0.270088177503
128 X_c 0.901415905233 0.901915378634 0.520201121395 0.0415522771991
128 mass_cc 0.645791883771 0.653626641396 0.360010305189 0.00676423059199
128 Y_surf 0.325344521949 0.33664771102 0.747106058982 0.0360321787737
128 L 0.973105804984 0.973446764939 0.331206319073 0.143092198392
128 radius 0.960486072523 0.960909944677 0.386686654746 0.0260973441725
128 M 0.902738687227 0.902857507387 0.593628316106 0.0504411875
128 Y -0.148243173275 -0.147760073838 0.989501442531 0.0284401289063
128 Z 0.898467383506 0.898479201762 0.348294624546 0.00068360546875
128 alpha -0.11215212174 -0.0921621423842 0.904897613189 0.230000101563
128 overshoot 0.147146977457 0.152156472063 0.554807384095 0.06535825
128 diffusion 0.300749152101 0.30163130453 0.392822009658 0.251148074219
128 age 0.867742371231 0.86908794257 0.355370660745 0.248664444031
128 X_c 0.898655980818 0.898823689604 0.526414709774 0.0429226121732
128 mass_cc 0.67834044386 0.682090066441 0.417099803594 0.00958349894943
128 Y_surf 0.352902702998 0.35360237881 0.727005882138 0.0385659873736
128 L 0.979720635103 0.979746060045 0.316781012464 0.122797034835
128 radius 0.929494024939 0.929903272975 0.404631981204 0.0280466704004
128 M 0.889856320589 0.891501536572 0.658162611136 0.052593921875
128 Y -0.108342508179 -0.099050119675 1.03700341922 0.0277771679688
128 Z 0.874107944962 0.876101291414 0.367854598422 0.00076428125
128 alpha -0.170696445529 -0.163676841576 1.03251939994 0.234506039062
128 overshoot 0.0850888318935 0.10847172002 0.504329869476 0.049222296875
128 diffusion 0.183473831964 0.216152883859 0.358878207161 0.546435921875
128 age 0.872084748501 0.87274778204 0.346528770099 0.223812819948
128 X_c 0.904747723104 0.905184598081 0.519664773458 0.0411062929497
128 mass_cc 0.685985232791 0.687404965882 0.413343339433 0.00781279477318
128 Y_surf 0.397278488782 0.398331730161 0.695992768091 0.0356490696012
128 L 0.975683383853 0.975854691263 0.299946598708 0.117274918279
128 radius 0.939542595307 0.940331598382 0.407575030532 0.0269791405592
128 M 0.900654497426 0.900899797245 0.612640070886 0.052297671875
128 Y -0.156019477254 -0.154558038631 0.969383116074 0.0281940429688
128 Z 0.870212096656 0.872350970779 0.326213965417 0.00075892578125
128 alpha -0.0383837208886 -0.0383753204846 0.897855138538 0.222083367187
128 overshoot 0.148444767329 0.154256175616 0.526503945357 0.0553803945313
128 diffusion 0.293285823488 0.294290771481 0.308566314124 0.263833613281
128 age 0.863283098668 0.865121044569 0.376711049434 0.27790852762
128 X_c 0.896547890462 0.897954139954 0.508058060759 0.0425670853369
128 mass_cc 0.648703772807 0.660518726476 0.35412780787 0.0077341545669
128 Y_surf 0.358345272022 0.365082728186 0.848741908776 0.0382951076492
128 L 0.968718509226 0.969004783991 0.309970144023 0.128637573728
128 radius 0.952182140016 0.952604621345 0.396686395795 0.0282347693207
128 M 0.907794885198 0.907812973568 0.591125939789 0.049786875
128 Y -0.0978118514508 -0.0974880718856 0.979935532441 0.0277946367187
128 Z 0.902412922783 0.902495811453 0.343967392208 0.000838234375
128 alpha -0.0992141525095 -0.0951525912985 0.935469005706 0.225021050781
128 overshoot 0.159803344754 0.160467640493 0.523464870053 0.0614865585938
128 diffusion 0.240703039263 0.241567344309 0.314895226752 0.234110335937
128 age 0.899976177131 0.901259009087 0.340886938976 0.238844210166
128 X_c 0.903172185386 0.903197786903 0.512708389987 0.041307994816
128 mass_cc 0.656348597675 0.656418217561 0.413827602713 0.00917638675512
128 Y_surf 0.328648118938 0.334023901189 0.772700151201 0.0364410261055
128 L 0.971398105575 0.971645177397 0.311705121574 0.121984811548
128 radius 0.965762838784 0.96578044823 0.395298357172 0.026214152758
128 M 0.899333236674 0.899388109273 0.647578710348 0.0538394179688
128 Y -0.187312138804 -0.157751784757 0.937691005143 0.02756165625
128 Z 0.886500706892 0.887995775843 0.369970648682 0.0007610078125
128 alpha -0.186925510705 -0.182269913261 0.950897053118 0.236687671875
128 overshoot 0.0150712851395 0.0175886810002 0.653335858337 0.0629730703125
128 diffusion -0.119161257144 -0.113782654061 0.358220115822 0.272325804687
128 age 0.818026924539 0.818204501729 0.361648037453 0.242603060241
128 X_c 0.902487088149 0.90265017957 0.504716895861 0.0412998882881
128 mass_cc 0.688393313496 0.690419706051 0.376899792688 0.00730595134837
128 Y_surf 0.31714458486 0.331893396403 0.746001816616 0.0409368437592
128 L 0.96977479588 0.970025511269 0.314589073414 0.120729750782
128 radius 0.950618797689 0.950633852436 0.38429527653 0.0271703976887
256 M 0.916158139111 0.916164921064 0.694921641833 0.0488230976562
256 Y -0.060808101609 -0.0561022600279 1.06091473991 0.0277776015625
256 Z 0.925699728194 0.925724931638 0.3385288584 0.0005888359375
256 alpha -0.0548278410525 -0.0511997812852 0.951404158431 0.223533878906
256 overshoot 0.235386169423 0.235486229807 0.515487561908 0.05525246875
256 diffusion 0.332700947366 0.332863018444 0.345248684726 0.23008084375
256 age 0.878542999277 0.878558252808 0.373341910927 0.19854424531
256 X_c 0.920899752835 0.92089976868 0.540667337221 0.0384696114826
256 mass_cc 0.743181973048 0.743207180116 0.347161653702 0.00671919885003
256 Y_surf 0.468601480226 0.468604648735 0.774249220641 0.036383442835
256 L 0.986128463722 0.986167780167 0.334249589657 0.106199271479
256 radius 0.956184366846 0.95634775409 0.431359818133 0.0233997380394
256 M 0.906002676201 0.906279361833 0.693431654971 0.049523234375
256 Y -0.0495094806765 -0.0492513848427 0.948568646017 0.0274597226562
256 Z 0.932232674063 0.93234076188 0.350493519435 0.000567078125
256 alpha -0.0446618606584 -0.0432421367409 0.95043903781 0.219396824219
256 overshoot 0.180839001142 0.184254366537 0.484935203538 0.0570922773437
256 diffusion 0.31095975446 0.313723683742 0.364616416491 0.202997027344
256 age 0.886755216562 0.886886248619 0.375269163609 0.213505598099
256 X_c 0.918623676928 0.918749995747 0.526513284759 0.0383629015358
256 mass_cc 0.731938827364 0.732505666135 0.341165909525 0.00679450526718
256 Y_surf 0.432808167056 0.43913475898 0.716088145195 0.0345478451345
256 L 0.989557032968 0.989572609213 0.326449553681 0.102496687308
256 radius 0.966567485312 0.966699242344 0.434101223268 0.0236542463025
256 M 0.916017125013 0.916090914285 0.628444425193 0.047238515625
256 Y -0.0214321249744 -0.0183622968459 0.902172136945 0.0264035351562
256 Z 0.928428206486 0.928487455712 0.335790419712 0.00055608984375
256 alpha -0.0419372949734 -0.041718200104 0.996442626585 0.224658320312
256 overshoot 0.276947353514 0.280071566899 0.50595956981 0.05181540625
256 diffusion 0.140001207307 0.162159851074 0.324401849717 0.295138164062
256 age 0.892693140709 0.892775455206 0.338217651433 0.186837841729
256 X_c 0.925635434957 0.925658808847 0.50026734878 0.0362536952322
256 mass_cc 0.764636175162 0.764982278911 0.336200233579 0.00615935317108
256 Y_surf 0.499392683872 0.499869409041 0.654895627591 0.0342591221352
256 L 0.98437139553 0.984372591083 0.308897613254 0.0975745538872
256 radius 0.969407231732 0.969411976394 0.40145286827 0.0235027580457
256 M 0.91918010134 0.919203510327 0.65734456225 0.0471422773438
256 Y -0.0723436176365 -0.0558319569451 0.970216166325 0.0269020585937
256 Z 0.924955020669 0.925433588473 0.325888803035 0.0005712265625
256 alpha -0.0198437001206 -0.0196902289826 0.962949195014 0.220650867187
256 overshoot 0.169797515448 0.178405520271 0.560408414537 0.0685167734375
256 diffusion 0.364410871565 0.364469174326 0.317525485979 0.203803878906
256 age 0.916020155069 0.916336686287 0.335351704411 0.187674664349
256 X_c 0.919781238114 0.920120643965 0.53326538055 0.03821335866
256 mass_cc 0.743659943914 0.743674302006 0.362643085685 0.00709808133425
256 Y_surf 0.461671450475 0.464103656982 0.744931676706 0.0341405976489
256 L 0.986932985546 0.986977144946 0.316461315316 0.102191825973
256 radius 0.972095439176 0.972139255115 0.413508625514 0.0225360566836
256 M 0.915686891863 0.915712970983 0.668232006235 0.0485975429688
256 Y -0.0233798999698 -0.0199541861667 0.942381099895 0.0271859296875
256 Z 0.930920440736 0.930953103585 0.336605293983 0.000516328125
256 alpha -0.0188765707408 -0.0155404960434 0.886696403958 0.214353722656
256 overshoot 0.213712959541 0.213722889029 0.496541124356 0.056912796875
256 diffusion 0.0861790857004 0.122180823019 0.323106177233 0.231934105469
256 age 0.894236288221 0.894714395813 0.338976056273 0.194145444297
256 X_c 0.919907498547 0.919908378254 0.526155148469 0.03835060797
256 mass_cc 0.737568565984 0.737927798774 0.351072522075 0.006702102139
256 Y_surf 0.462921268942 0.46322078201 0.677800752791 0.0335320996243
256 L 0.987034411492 0.987072842422 0.318055526631 0.101200939375
256 radius 0.96687510931 0.966904505801 0.421962378501 0.0241909393228
256 M 0.918711561324 0.918743768011 0.647387942245 0.0469352265625
256 Y -0.0454416716021 -0.0371086686863 0.970760119698 0.0267233320313
256 Z 0.914913687129 0.916408759825 0.332790431425 0.00049006640625
256 alpha -0.0217524359931 -0.0131405132874 0.90937242487 0.217779851562
256 overshoot 0.169815854978 0.171872436331 0.54805225557 0.0529287773438
256 diffusion 0.327819769372 0.329312710736 0.339136575533 0.267279976563
256 age 0.897575182554 0.898036934502 0.345291025907 0.192121929613
256 X_c 0.92181266122 0.921943994294 0.516676166455 0.0374258159394
256 mass_cc 0.740549931704 0.741034837272 0.34572795026 0.00638244221827
256 Y_surf 0.407395930901 0.407716624624 0.749827904236 0.0361582398108
256 L 0.981709568191 0.981757841102 0.318369973203 0.107388134817
256 radius 0.965297159549 0.965303145293 0.396568379762 0.0235287069189
256 M 0.910784055699 0.910828257048 0.698641168403 0.0488167304688
256 Y -0.0562234216541 -0.0458496708633 1.04621711328 0.0277184648438
256 Z 0.916389453163 0.916390354267 0.347832551282 0.00062234765625
256 alpha 0.000951114469018 0.00412438417356 0.946011338945 0.213031433594
256 overshoot 0.205716706949 0.206253980866 0.548325425065 0.0597649492187
256 diffusion 0.284942208617 0.289836091224 0.348431525212 0.207076789063
256 age 0.899549902405 0.900471623439 0.384951475003 0.219136549222
256 X_c 0.919535510746 0.919754255386 0.533504229909 0.0379334115551
256 mass_cc 0.728393408697 0.730840182623 0.368946345486 0.00701012063561
256 Y_surf 0.438292278747 0.438299516668 0.758244490344 0.0353569066926
256 L 0.984120636994 0.984352709935 0.345008361128 0.109575221785
256 radius 0.958403988624 0.958585653645 0.42852627242 0.0229630952561
256 M 0.915579674763 0.916054601836 0.649830079325 0.048108859375
256 Y -0.0564187485489 -0.0379603277423 0.98321832109 0.0271898164063
256 Z 0.951458020554 0.951553707183 0.340029129156 0.0005578671875
256 alpha 0.0205789018903 0.0299522522006 0.935603972971 0.217108050781
256 overshoot 0.204323735326 0.220724150791 0.553558336119 0.048185984375
256 diffusion 0.251470204155 0.253608214426 0.356287830505 0.165009054688
256 age 0.883015428687 0.883096433982 0.362560911854 0.199991405533
256 X_c 0.915919991666 0.9159200007 0.539657757836 0.0384722319133
256 mass_cc 0.738367515851 0.740632159948 0.350809497834 0.00623582666846
256 Y_surf 0.344452988361 0.348230252854 0.810110397976 0.034666160921
256 L 0.987703996983 0.987741916311 0.330302937751 0.108894276351
256 radius 0.960605646391 0.960663770102 0.409433618185 0.0240037021446
256 M 0.906814907695 0.906860359665 0.661826977777 0.0495726523437
256 Y -0.131013328551 -0.126976674031 0.959411297758 0.0277398867187
256 Z 0.910704736795 0.910878889736 0.351094900404 0.00063940234375
256 alpha 0.00858300192062 0.0086545819536 0.902220251721 0.214529035156
256 overshoot 0.168345533883 0.170292798073 0.575482192205 0.06031471875
256 diffusion 0.272481230654 0.272782924219 0.322139055519 0.263486175781
256 age 0.905992818416 0.906066361401 0.35672746294 0.205180642441
256 X_c 0.906107625255 0.906136450994 0.556178486493 0.0394535442259
256 mass_cc 0.656110104538 0.65708862738 0.389905852547 0.00677258866135
256 Y_surf 0.529440153388 0.529715989881 0.738152960963 0.0354120415856
256 L 0.976256097765 0.976579463622 0.322958626287 0.103221064134
256 radius 0.951154856886 0.951542462501 0.423515200928 0.0246134771531
256 M 0.916103145918 0.916106595919 0.679144142663 0.0484765585938
256 Y -0.0128067763261 -0.0104930370111 0.997493018322 0.0271193320312
256 Z 0.925369788741 0.926174709733 0.341813552407 0.00055854296875
256 alpha 0.00158861892732 0.00895297554982 0.899808069009 0.212280691406
256 overshoot 0.181764175703 0.191403956581 0.537375730043 0.0689152070313
256 diffusion 0.178648840716 0.178866128509 0.388859368539 0.229784679688
256 age 0.876147784627 0.876147822573 0.338710411343 0.205144497494
256 X_c 0.914460596548 0.914720373475 0.528963497729 0.0381829923517
256 mass_cc 0.736508674051 0.736940064135 0.372444230324 0.00756971134659
256 Y_surf 0.447624502557 0.450824671754 0.737661704095 0.0340596774158
256 L 0.984229309667 0.98431864987 0.319273062666 0.0959969483714
256 radius 0.968565161752 0.968573672531 0.417218849947 0.0234968290777
512 M 0.923794493714 0.92397359584 0.678810059427 0.0443609335937
512 Y 0.0457486257119 0.0460052405184 0.946622601261 0.0262251757812
512 Z 0.947643597282 0.94776105116 0.321970291451 0.0004906171875
512 alpha 0.0693524015901 0.0694552609949 0.884489102807 0.203718375
512 overshoot 0.322933629208 0.32521113107 0.473053583906 0.048850046875
512 diffusion 0.409427514489 0.409428060943 0.327214641011 0.169737777344
512 age 0.913046977309 0.913047683163 0.346631228567 0.161724473159
512 X_c 0.933764377399 0.933862947541 0.540683385641 0.0343893852705
512 mass_cc 0.800636443385 0.801111217964 0.315240145301 0.00510690276717
512 Y_surf 0.56837476723 0.571353527701 0.676206886801 0.03157121027
512 L 0.990272801343 0.990359302941 0.349201501497 0.0944095721683
512 radius 0.96203342262 0.962200853342 0.438844673812 0.0209145603416
512 M 0.924319925238 0.924475125562 0.67145897914 0.0447887070313
512 Y 0.0526342253035 0.0530304922957 0.896394429573 0.025783375
512 Z 0.948284958642 0.948345936487 0.332708956923 0.000403859375
512 alpha 0.0810362254429 0.0847113522888 0.863010243771 0.203742667969
512 overshoot 0.250032512033 0.263215740696 0.514666592076 0.0473279921875
512 diffusion 0.29342552242 0.293718595027 0.346551556345 0.186958910156
512 age 0.907197795126 0.907348966636 0.362694515993 0.171143338018
512 X_c 0.93037406424 0.930711845698 0.543702707039 0.0345515382944
512 mass_cc 0.780155434525 0.781960000321 0.333397691691 0.00562716897251
512 Y_surf 0.569801408259 0.57120491035 0.670559903821 0.0312259211569
512 L 0.98834154861 0.988527097821 0.34118986011 0.0928971777271
512 radius 0.958391960691 0.95866382968 0.438109801931 0.0208048375236
512 M 0.930827085232 0.930829773751 0.665845352122 0.0440955078125
512 Y 0.0588954242482 0.0619432536393 0.90682493464 0.0261580351562
512 Z 0.952615531981 0.952632536466 0.353068597383 0.00045142578125
512 alpha 0.0330956644008 0.0350121138562 0.926081819243 0.211689582031
512 overshoot 0.317645720576 0.318085466433 0.52761370852 0.053569359375
512 diffusion 0.32040346296 0.320465040809 0.366625999811 0.178967476563
512 age 0.910665395333 0.910667799988 0.361774238934 0.162987748588
512 X_c 0.93708348386 0.937148875413 0.521853196895 0.0335140442038
512 mass_cc 0.800140620921 0.800550927059 0.336747133347 0.00560988277007
512 Y_surf 0.52663487055 0.527769366457 0.661141573191 0.0313232530954
512 L 0.991155837198 0.991206467851 0.336541973706 0.090418254666
512 radius 0.969194822469 0.969273862657 0.439003122543 0.0207969762105
512 M 0.923122990491 0.923122995999 0.689991357594 0.0456944570313
512 Y 0.0309869743638 0.0370401113693 0.900890141027 0.0258678867188
512 Z 0.953590164889 0.953778026144 0.313457505516 0.000383375
512 alpha 0.0784683348941 0.07847060863 0.869683999743 0.201216621094
512 overshoot 0.301960412987 0.302010117615 0.499431495617 0.0536725078125
512 diffusion 0.376582199174 0.38063056716 0.34685704977 0.156554207031
512 age 0.913137794011 0.913713144843 0.352083840979 0.169712362186
512 X_c 0.931490905946 0.931490963636 0.537463121866 0.0354805926197
512 mass_cc 0.792558000948 0.792786308773 0.319612005831 0.00567935077444
512 Y_surf 0.529282170312 0.535606386091 0.719986571396 0.0317573373376
512 L 0.992827736073 0.992839538459 0.340446842967 0.0918971634229
512 radius 0.97840315827 0.978437034677 0.439885794165 0.0211927506
512 M 0.930846944839 0.930919584623 0.68358119574 0.045370390625
512 Y 0.0609988850893 0.0629357840029 0.981443343652 0.0264819726563
512 Z 0.957131897477 0.957199414993 0.308997179898 0.000422625
512 alpha 0.0470391637569 0.0671969962956 0.862319439286 0.205299597656
512 overshoot 0.290350226312 0.293088470604 0.539042139671 0.0519162265625
512 diffusion 0.485526144438 0.489959315986 0.321427710676 0.189324269531
512 age 0.923003576031 0.923307177443 0.339112184535 0.158636838233
512 X_c 0.937592742333 0.937686871992 0.510533995266 0.0338585083626
512 mass_cc 0.786811495048 0.787221455141 0.324197444851 0.00535626519175
512 Y_surf 0.53086195932 0.53164556697 0.679802620957 0.0313078417195
512 L 0.990779979788 0.990787549099 0.330293575459 0.0916884410604
512 radius 0.973298335395 0.973313968365 0.434703589144 0.0210908282681
512 M 0.926766565931 0.927003243284 0.665031704469 0.0447583945313
512 Y 0.0492202430165 0.0493847469931 0.900392026729 0.0260443984375
512 Z 0.947446428456 0.947905872807 0.336162991585 0.00047227734375
512 alpha 0.0739762662272 0.0749060834047 0.85361443812 0.204629515625
512 overshoot 0.338062423422 0.341549650663 0.513458968199 0.050356515625
512 diffusion 0.417070953736 0.417075039876 0.329342300458 0.186013199219
512 age 0.917360631111 0.917524033584 0.359083786011 0.168909468858
512 X_c 0.94026509471 0.940317631505 0.51019309343 0.0328272213822
512 mass_cc 0.806859366142 0.807508809471 0.322482948685 0.00533599986174
512 Y_surf 0.563266056608 0.564504530358 0.651399045439 0.0318401906299
512 L 0.989918092303 0.989941151248 0.343320602695 0.0946535009805
512 radius 0.967447234816 0.967655162239 0.441803577133 0.0211743199371
512 M 0.928673448328 0.928774916032 0.662737798539 0.0454228671875
512 Y 0.0397829959273 0.0401179220934 0.922966732491 0.0264784375
512 Z 0.95637400944 0.956375954474 0.307047323602 0.00044203125
512 alpha 0.0578817687529 0.0587175903228 0.886651240397 0.2067559375
512 overshoot 0.265622056657 0.27565638658 0.530323081053 0.0490944609375
512 diffusion 0.432535664257 0.432930234015 0.325779802401 0.192845660156
512 age 0.913008271066 0.91302957487 0.369998990158 0.164362319635
512 X_c 0.934587133245 0.934870778936 0.544364129108 0.0343631253753
512 mass_cc 0.780920345478 0.784477082864 0.313957789457 0.00498595369178
512 Y_surf 0.545589581025 0.549402688768 0.679737454144 0.0313823545523
512 L 0.988877430915 0.988918631448 0.326059257019 0.0919455872032
512 radius 0.975251141553 0.975331769482 0.430442412561 0.0210226759775
512 M 0.925579862751 0.92558777596 0.698874028416 0.0463466875
512 Y 0.0671527082353 0.067789749296 0.93766342735 0.026173640625
512 Z 0.954001906617 0.954073627255 0.324961829921 0.00043946875
512 alpha 0.0328190293849 0.0345125379325 0.924732660177 0.210218007813
512 overshoot 0.311887985863 0.316649342696 0.537978262472 0.050194421875
512 diffusion 0.441747457344 0.44206736644 0.29920100123 0.166010695313
512 age 0.926986356926 0.92699349506 0.352225185723 0.170084258812
512 X_c 0.933746436367 0.933890870072 0.539903477797 0.0344769496996
512 mass_cc 0.774379436757 0.77651543742 0.322846267494 0.00523401774171
512 Y_surf 0.595178983497 0.595730126223 0.664895692052 0.0314111141993
512 L 0.986430718787 0.98649615932 0.343059825591 0.0941298654799
512 radius 0.96205954708 0.96222147678 0.453343723165 0.0219149440822
512 M 0.92216260894 0.922653424287 0.684077552975 0.0462107929687
512 Y 0.058554273507 0.0594512566383 0.904209702466 0.02591378125
512 Z 0.957950385941 0.957981204469 0.336368554656 0.00046876953125
512 alpha 0.0651516367992 0.0697732874433 0.879376231985 0.204782234375
512 overshoot 0.299234024455 0.299985396102 0.51769890341 0.0549034023437
512 diffusion 0.390449596505 0.405177291091 0.318195030333 0.202391558594
512 age 0.912375778464 0.912401453263 0.332601562139 0.167582007436
512 X_c 0.927007999262 0.927260083932 0.524173161673 0.0352076748771
512 mass_cc 0.773467254952 0.773763616159 0.338056818271 0.00592095600172
512 Y_surf 0.552750645646 0.55846246119 0.654477263012 0.0305163652849
512 L 0.987893662452 0.988063054543 0.341400332901 0.0923208320673
512 radius 0.962396425901 0.962772896348 0.440471530897 0.0215629694377
512 M 0.928019096556 0.928093678185 0.661770163561 0.0440503203125
512 Y 0.0724603326431 0.0772347117289 0.911949621768 0.0257855078125
512 Z 0.954167391585 0.954167917133 0.320352803567 0.0004717421875
512 alpha 0.072283784534 0.0742999254171 0.937359284905 0.213087277344
512 overshoot 0.300135212643 0.30486757959 0.516372171612 0.05007171875
512 diffusion 0.359000230762 0.35900142966 0.319499288583 0.178673875
512 age 0.916449077144 0.916482804449 0.348803896853 0.162561147115
512 X_c 0.938273117884 0.938318703252 0.518871197019 0.0329880850453
512 mass_cc 0.782985203491 0.784947376752 0.321834207747 0.00513763955385
512 Y_surf 0.545537801323 0.546670631929 0.701062862852 0.0323639681659
512 L 0.988897471772 0.988943490169 0.33588770146 0.0905845617925
512 radius 0.970103116973 0.970157635193 0.424575404928 0.0201924228183
1024 M 0.938128789843 0.938145834049 0.667791602107 0.0409055976562
1024 Y 0.134953517888 0.139810420545 0.87142588966 0.02434028125
1024 Z 0.959138304648 0.959622003908 0.3108524132 0.00037093359375
1024 alpha 0.158150386141 0.159359738648 0.818052461492 0.19167365625
1024 overshoot 0.382217114977 0.382234633496 0.492334917845 0.0484950664062
1024 diffusion 0.451519098235 0.456215220037 0.333183173943 0.147601816406
1024 age 0.930074660948 0.930410057854 0.341222730092 0.136047218109
1024 X_c 0.947603259858 0.947663603773 0.515966058544 0.0303325492282
1024 mass_cc 0.836265846378 0.83641496265 0.29174056465 0.00450043504765
1024 Y_surf 0.616592054647 0.617577825944 0.6820223885 0.0297681253233
1024 L 0.99448824919 0.994496136621 0.343203273407 0.0792369655216
1024 radius 0.978046748642 0.978068075682 0.452486085758 0.0184879618628
1024 M 0.935887491097 0.935887518922 0.691686723221 0.0424527851563
1024 Y 0.134118269813 0.135640880443 0.874610624782 0.0248013867188
1024 Z 0.973027616351 0.973038506017 0.310872075191 0.00035347265625
1024 alpha 0.123953844801 0.125914743257 0.832364496513 0.191207289062
1024 overshoot 0.372120166063 0.372303130942 0.509615653606 0.0526559453125
1024 diffusion 0.464991365131 0.465230001939 0.337804692108 0.16471096875
1024 age 0.936942400339 0.936953531778 0.343939661879 0.138771554435
1024 X_c 0.945693976172 0.945695452789 0.520440737048 0.0312601078235
1024 mass_cc 0.819319403867 0.819363200182 0.306326708573 0.00468423937763
1024 Y_surf 0.616646612469 0.617589761777 0.647504472673 0.0286315121676
1024 L 0.993314356373 0.993343434886 0.350022253041 0.0798712924379
1024 radius 0.976879646958 0.976908287578 0.458831278304 0.0191923084029
1024 M 0.935623946887 0.93568492984 0.713232249349 0.0433241679687
1024 Y 0.115000711856 0.11506766883 0.956981480376 0.0259802539062
1024 Z 0.963956828246 0.963980444541 0.328300565316 0.0003393046875
1024 alpha 0.137205683574 0.137882264151 0.842638518218 0.19779821875
1024 overshoot 0.389587821406 0.390742334331 0.50243786952 0.0495141015625
1024 diffusion 0.463925103902 0.464972515165 0.339223480337 0.159547425781
1024 age 0.92861241558 0.928731170998 0.35012640696 0.140641451451
1024 X_c 0.943850546858 0.943906515718 0.547093866185 0.0319531285812
1024 mass_cc 0.820146077653 0.820696207762 0.31041672469 0.00461151374046
1024 Y_surf 0.628129554189 0.629108001788 0.664064097611 0.0294938372854
1024 L 0.993661584827 0.993722018266 0.358315507479 0.0798239624647
1024 radius 0.982634551674 0.98271275484 0.469783430607 0.019231548737
1024 M 0.936158744774 0.936199952728 0.688143986103 0.0426476875
1024 Y 0.139828978553 0.140179545148 0.864672091902 0.0241852304687
1024 Z 0.954635735742 0.954866522768 0.32044220822 0.0003425390625
1024 alpha 0.13533634232 0.135638341766 0.808646870364 0.1905476875
1024 overshoot 0.35405025759 0.354504175831 0.509703538519 0.0513566875
1024 diffusion 0.496595497466 0.496704393624 0.346527398832 0.178874101562
1024 age 0.924087855456 0.924128368807 0.36154340581 0.144390491697
1024 X_c 0.9428683498 0.94287777911 0.53297009453 0.0314745414219
1024 mass_cc 0.818608709103 0.818924604628 0.311154375229 0.00475915966538
1024 Y_surf 0.632025054433 0.63202939024 0.630368900839 0.028530105564
1024 L 0.991535244915 0.991565225012 0.356841400586 0.0809742279106
1024 radius 0.972985579414 0.973055427534 0.471218836271 0.0195060279486
1024 M 0.937305687862 0.937477458753 0.655716048453 0.0402676523437
1024 Y 0.149604540004 0.152115918043 0.830870013677 0.0238869765625
1024 Z 0.972461618706 0.972553477895 0.310147482518 0.00034359375
1024 alpha 0.144688277984 0.144694070864 0.839898290073 0.19513190625
1024 overshoot 0.324332824853 0.340665554044 0.520729958773 0.0450934179688
1024 diffusion 0.516828862949 0.518860071656 0.316375079411 0.155393148438
1024 age 0.927071505804 0.927401918929 0.344964061677 0.137285713294
1024 X_c 0.943433736467 0.943591580821 0.529383777901 0.0311120314112
1024 mass_cc 0.796083371793 0.801647442525 0.309542232399 0.0044382051567
1024 Y_surf 0.627955141162 0.628966307437 0.635550234841 0.0282738587286
1024 L 0.99172406142 0.991731107128 0.336659698988 0.07933206008
1024 radius 0.973208755151 0.973225384373 0.431910938262 0.0180308063252
1024 M 0.940635887018 0.940638875545 0.665652012861 0.0419879960938
1024 Y 0.151181845463 0.153984302978 0.889126372922 0.02503409375
1024 Z 0.961483533294 0.961511835713 0.320913505974 0.00034627734375
1024 alpha 0.14051994292 0.140542667816 0.811487392035 0.191541710937
1024 overshoot 0.371304473159 0.373597758391 0.49343222085 0.047746390625
1024 diffusion 0.478017821475 0.478415175131 0.330374758269 0.166796082031
1024 age 0.932895104307 0.932960880831 0.356617554043 0.145786358386
1024 X_c 0.946880322799 0.946904580756 0.523633215413 0.0307422493076
1024 mass_cc 0.828731405008 0.829126704873 0.294045697173 0.00455366302953
1024 Y_surf 0.612035664913 0.613201690167 0.647306002726 0.0295405860906
1024 L 0.993602376045 0.993620416865 0.347374309247 0.0769959860561
1024 radius 0.973260243307 0.973296207854 0.452621969307 0.0188394622596
1024 M 0.935973034217 0.9361768845 0.681116501787 0.0418836835937
1024 Y 0.141791316662 0.142545138196 0.881104292978 0.0248078515625
1024 Z 0.967364857814 0.96739048819 0.307998780433 0.00034902734375
1024 alpha 0.147966201055 0.148537489747 0.825176358699 0.194129589844
1024 overshoot 0.376534051443 0.37677788019 0.504137072941 0.0504771484375
1024 diffusion 0.464579754583 0.465901381478 0.331041189982 0.155833898438
1024 age 0.932032367162 0.932163053931 0.352469974163 0.147127884161
1024 X_c 0.948597271124 0.948731090591 0.515354092338 0.0302585795501
1024 mass_cc 0.837606935418 0.837611302026 0.3048761163 0.00479535396274
1024 Y_surf 0.63261207119 0.637929983689 0.652923398781 0.028743047039
1024 L 0.992494780989 0.992539729099 0.350069641747 0.0796900730647
1024 radius 0.978370346786 0.978481209875 0.459802014245 0.0190544612195
1024 M 0.939655312959 0.939677223736 0.66667699065 0.0413200859375
1024 Y 0.141752443786 0.141812162042 0.884926830175 0.0249990390625
1024 Z 0.968139106985 0.968449197898 0.328223029707 0.0003760703125
1024 alpha 0.0856411315564 0.0857750593693 0.81516849947 0.19567578125
1024 overshoot 0.391241864323 0.393118321307 0.49756154633 0.0482495429687
1024 diffusion 0.437810827059 0.438023381684 0.330109979645 0.158293367187
1024 age 0.94128755334 0.941287633916 0.341284203364 0.138972508068
1024 X_c 0.947348027543 0.947413997576 0.520667299684 0.0306195816373
1024 mass_cc 0.824509659868 0.824828961067 0.305742779859 0.00470406540087
1024 Y_surf 0.630140963004 0.631052129669 0.613020974066 0.028767591669
1024 L 0.992913134075 0.992916086983 0.344177335661 0.0789855883469
1024 radius 0.98038473866 0.980386883339 0.451493792321 0.0182063933852
1024 M 0.93454227196 0.934600229779 0.660634957596 0.0408870507812
1024 Y 0.149883379974 0.149974612778 0.836920207324 0.023883015625
1024 Z 0.966753315097 0.966756511899 0.320723097768 0.000333953125
1024 alpha 0.152026980634 0.15202711448 0.809234478532 0.191169179687
1024 overshoot 0.363169207621 0.371214306006 0.503714513412 0.0465413828125
1024 diffusion 0.513821055286 0.514901386525 0.333854301391 0.159523785156
1024 age 0.923913094581 0.924093304702 0.350202450903 0.139044790127
1024 X_c 0.945054165317 0.945274126242 0.521356430216 0.0305349763911
1024 mass_cc 0.815627404474 0.818314403374 0.292810399377 0.00416360410411
1024 Y_surf 0.632015541153 0.632478957619 0.632505130466 0.0286864707995
1024 L 0.993563024781 0.993605065195 0.338407157146 0.0782677466136
1024 radius 0.974429942199 0.974540264728 0.455280622626 0.018630920264
1024 M 0.939654223115 0.940277035853 0.668204856948 0.0419484882812
1024 Y 0.116520195493 0.136428783396 0.863090997766 0.0244695898437
1024 Z 0.970935961381 0.970951525286 0.307257641394 0.00034503125
1024 alpha 0.134653812435 0.134683111121 0.817059811228 0.189997917969
1024 overshoot 0.396562803014 0.39659200765 0.506321347935 0.0515388085937
1024 diffusion 0.42561200081 0.425618878209 0.323933877696 0.11709678125
1024 age 0.928618711954 0.928624518261 0.349240825883 0.138508588066
1024 X_c 0.946347921987 0.946556111114 0.51855211094 0.0311515074263
1024 mass_cc 0.822827104036 0.823451829927 0.309360620223 0.00477401907694
1024 Y_surf 0.62359297985 0.623967763415 0.659450551568 0.0290450990297
1024 L 0.994240269759 0.994240306993 0.348737068039 0.0800527764478
1024 radius 0.985644262843 0.985679330014 0.446969596719 0.018788371445
2048 M 0.94401994646 0.944169267428 0.709218576224 0.040787921875
2048 Y 0.224080635431 0.228789790462 0.865309700161 0.023697140625
2048 Z 0.978110770565 0.97816106306 0.295992358391 0.00025805078125
2048 alpha 0.177285237489 0.177296399298 0.802882190106 0.1892906875
2048 overshoot 0.423978513274 0.424256342444 0.500803842324 0.045768046875
2048 diffusion 0.543839052846 0.544279344804 0.33624038148 0.111390125
2048 age 0.936515909945 0.936664614997 0.339888965334 0.117976699148
2048 X_c 0.954541310886 0.954555437457 0.534343826632 0.0290505372729
2048 mass_cc 0.857276252266 0.857583010182 0.278945326781 0.00394238753751
2048 Y_surf 0.657538421039 0.659171451787 0.630050720482 0.0270444402834
2048 L 0.995618615045 0.99561861507 0.380578653753 0.0767307905939
2048 radius 0.987712352877 0.987714434153 0.493310523012 0.0176983643597
2048 M 0.944816010746 0.945029451151 0.674306989212 0.0387885976562
2048 Y 0.251995990447 0.261854349297 0.81859877862 0.0229913945312
2048 Z 0.972367177809 0.972417471739 0.31930180016 0.0002698046875
2048 alpha 0.183041304851 0.183939854615 0.859838524924 0.194855761719
2048 overshoot 0.384872195941 0.384912736938 0.488590667943 0.045771546875
2048 diffusion 0.491515113822 0.493975763395 0.332287376231 0.108697171875
2048 age 0.942849148925 0.94286029681 0.359359565397 0.123304651105
2048 X_c 0.954635389113 0.954638219526 0.521001720013 0.0280675697546
2048 mass_cc 0.859269266057 0.859695077666 0.271639119863 0.00365548339937
2048 Y_surf 0.659512256815 0.660283182819 0.643650833147 0.0274177850593
2048 L 0.995862423897 0.995863103752 0.367992526564 0.0729805486777
2048 radius 0.986335737377 0.98633576091 0.469024434928 0.0170732567518
2048 M 0.944832470122 0.944850371597 0.662356862569 0.0385570117188
2048 Y 0.233690297103 0.237550243828 0.782333631749 0.0223301171875
2048 Z 0.974597452245 0.974610320345 0.299154344191 0.00027724609375
2048 alpha 0.185449257908 0.185450948708 0.761556473344 0.177757515625
2048 overshoot 0.442360851407 0.442363199929 0.49070449931 0.0454792929688
2048 diffusion 0.51499073524 0.515068318478 0.333542006327 0.109363238281
2048 age 0.932622271888 0.932687553463 0.334156465876 0.114222776506
2048 X_c 0.953868633912 0.953876378239 0.511795265869 0.0279112944732
2048 mass_cc 0.859260620949 0.859633699721 0.283615782559 0.00405074584914
2048 Y_surf 0.673826906407 0.676987545721 0.62158312034 0.0264757739525
2048 L 0.993743790341 0.993757188909 0.357809338517 0.0719915930047
2048 radius 0.972519371113 0.972559043601 0.460457382694 0.0169087954858
2048 M 0.947073221429 0.947162561066 0.666576543762 0.0391758867187
2048 Y 0.231114223771 0.232857009433 0.832685703831 0.0232348125
2048 Z 0.98098889251 0.981047335777 0.305604397324 0.00025110546875
2048 alpha 0.148750693207 0.148818722863 0.780382657987 0.18175703125
2048 overshoot 0.418534914189 0.421023995329 0.490255271207 0.0444318164063
2048 diffusion 0.388119649556 0.400121486653 0.330577194932 0.093239265625
2048 age 0.935439072691 0.93583464015 0.348121919812 0.115662143306
2048 X_c 0.955057758936 0.955062800724 0.517243107839 0.0282819801368
2048 mass_cc 0.854081794601 0.854136543715 0.285789376263 0.00408741591111
2048 Y_surf 0.677695720312 0.679498427839 0.633696937764 0.0263190731203
2048 L 0.994078430188 0.994079158201 0.369855072968 0.0724793330453
2048 radius 0.975648642636 0.975648758585 0.483402467179 0.0173407063976
2048 M 0.943192028108 0.943286062327 0.703129827826 0.0411187851562
2048 Y 0.222272462567 0.226338708157 0.888153643175 0.0245238125
2048 Z 0.976098128972 0.976147067783 0.301469692492 0.000246765625
2048 alpha 0.1885870166 0.188749760263 0.796917873337 0.183860328125
2048 overshoot 0.414972360785 0.417744842725 0.501269121511 0.0457259335937
2048 diffusion 0.487596732639 0.487601193525 0.332651022383 0.109260542969
2048 age 0.941395251381 0.941396765735 0.34919021519 0.118589881423
2048 X_c 0.953297749753 0.953299407174 0.53066319449 0.0288093214506
2048 mass_cc 0.851061166673 0.851737176118 0.278694931633 0.00397800862417
2048 Y_surf 0.672194736732 0.673086516009 0.664247302879 0.0282627648831
2048 L 0.993152244905 0.99315554135 0.364919851672 0.0734163820249
2048 radius 0.970710191623 0.97073617393 0.496096860678 0.0180370274257
2048 M 0.943743212278 0.943799439749 0.691858278516 0.04089196875
2048 Y 0.250425890262 0.253050674452 0.856200553885 0.0234389648438
2048 Z 0.981222745565 0.981286877036 0.298637396637 0.0002635
2048 alpha 0.177278533515 0.177398027371 0.811633791365 0.185974792969
2048 overshoot 0.444792593317 0.444793135722 0.493728355639 0.0457270703125
2048 diffusion 0.53746530794 0.54084919478 0.331317717667 0.112772667969
2048 age 0.948623362018 0.948649539736 0.342650536873 0.115731772048
2048 X_c 0.955275204406 0.955298413468 0.507364812224 0.0273086765477
2048 mass_cc 0.860621838302 0.860641650061 0.277409548612 0.00381698340543
2048 Y_surf 0.655367653688 0.657711572866 0.616886033788 0.0259819840843
2048 L 0.993460309004 0.993480576225 0.375181695438 0.0735652263837
2048 radius 0.974002938167 0.974002990414 0.480725837126 0.017440928049
2048 M 0.944409600616 0.944409838991 0.652862415153 0.03837409375
2048 Y 0.235425623702 0.23707136722 0.81196486875 0.022459
2048 Z 0.974671966923 0.974673526698 0.313460058849 0.0002455078125
2048 alpha 0.154345266016 0.156356836927 0.804901279288 0.187968925781
2048 overshoot 0.428968844658 0.430420746557 0.482099754139 0.045763671875
2048 diffusion 0.465516871409 0.470117834329 0.33796990838 0.0954709882812
2048 age 0.935401041942 0.93550434752 0.349829488986 0.118361264577
2048 X_c 0.953294568311 0.953470363549 0.507365224284 0.0280012643968
2048 mass_cc 0.842994754438 0.844671134393 0.281900225169 0.00392415845054
2048 Y_surf 0.679806373519 0.683016294256 0.620048765128 0.0263635659
2048 L 0.995638788448 0.995651079026 0.358597267502 0.0754085435031
2048 radius 0.984727798062 0.984759451574 0.46509228251 0.0166829403152
2048 M 0.946425460764 0.946573830431 0.660363649452 0.0379255195313
2048 Y 0.259177865266 0.264050492857 0.793297664072 0.0219226289062
2048 Z 0.975511367485 0.975519405139 0.316870900454 0.00026333984375
2048 alpha 0.124214959306 0.124955802006 0.786448222106 0.183302769531
2048 overshoot 0.418557945277 0.419731114726 0.484742017762 0.044422453125
2048 diffusion 0.471988457589 0.474872067894 0.332296689153 0.0990565976562
2048 age 0.935172391345 0.935210884646 0.35088075188 0.116075187745
2048 X_c 0.95613683515 0.956142450117 0.502642199543 0.0270587700838
2048 mass_cc 0.849588467651 0.850344999383 0.279544284845 0.00398791180193
2048 Y_surf 0.642875961284 0.645584366815 0.627796101773 0.026458440152
2048 L 0.994007895956 0.994010776432 0.359056985936 0.0710002981492
2048 radius 0.977210355989 0.9772103561 0.463550694012 0.016648168405
2048 M 0.94340430511 0.943479400295 0.677449757848 0.0388404257812
2048 Y 0.199256688316 0.203695706601 0.839693631705 0.023283328125
2048 Z 0.976741075371 0.976750389757 0.305277065918 0.00025446875
2048 alpha 0.177227483863 0.177682877319 0.759575190129 0.175647828125
2048 overshoot 0.401079125291 0.401079326645 0.496202688885 0.0462470664063
2048 diffusion 0.532985010882 0.532985100028 0.318351220409 0.101266207031
2048 age 0.953539954605 0.953637423723 0.337939697474 0.116240880984
2048 X_c 0.955228457391 0.955268913104 0.515470497876 0.0281902498293
2048 mass_cc 0.857262244161 0.857803248988 0.275117364635 0.00387210364666
2048 Y_surf 0.678298409719 0.679787131253 0.644211169565 0.0273163342257
2048 L 0.996325659161 0.996326650442 0.353426917237 0.0709993260995
2048 radius 0.988001492751 0.988002295976 0.478227189276 0.0171633102998
2048 M 0.94262226631 0.942824241605 0.679357609805 0.0392161328125
2048 Y 0.203801184918 0.213980470799 0.812064407413 0.022635546875
2048 Z 0.978856606124 0.978863571967 0.304718170836 0.0002438984375
2048 alpha 0.14322883229 0.14324037921 0.824493235471 0.190825914063
2048 overshoot 0.416404156352 0.416489921763 0.500141597111 0.04510590625
2048 diffusion 0.514927211991 0.516403821947 0.336286758281 0.0940649804687
2048 age 0.955347985571 0.95534935966 0.338758456924 0.109814104588
2048 X_c 0.955879986288 0.955933548417 0.511673873747 0.027630985719
2048 mass_cc 0.857833176609 0.858013646418 0.291266275079 0.00407198008244
2048 Y_surf 0.685506677231 0.685657036062 0.611823512226 0.0262356050848
2048 L 0.99554949292 0.995554065449 0.372357159347 0.0742356178822
2048 radius 0.986920143506 0.986924473181 0.474130709212 0.0170611308635
