model	mass	radius	log_g	logTeff	logL	age	Y	Z	feh	al	Y_c	Z_c
0001	1.6000E+00	1.4797E+00	4.3015E+00	3.8830E+00	8.2579E-01	1.2547E-02	2.7027E-01	0.016	0.0000	1.6900	0.2727	0.0164	
0002	1.6000E+00	2.8234E+00	3.7403E+00	3.8163E+00	1.1201E+00	1.9700E+00	2.7027E-01	0.016	0.0000	1.6900	0.9836	0.0164	
0003	1.6000E+00	2.8267E+00	3.7392E+00	3.8160E+00	1.1202E+00	1.9704E+00	2.7027E-01	0.016	0.0000	1.6900	0.9836	0.0164	
0004	1.6000E+00	2.8301E+00	3.7382E+00	3.8158E+00	1.1203E+00	1.9708E+00	2.7027E-01	0.016	0.0000	1.6900	0.9836	0.0164	
0005	1.6000E+00	2.8334E+00	3.7372E+00	3.8156E+00	1.1204E+00	1.9712E+00	2.7027E-01	0.016	0.0000	1.6900	0.9836	0.0164	
0006	1.6000E+00	2.8367E+00	3.7362E+00	3.8154E+00	1.1206E+00	1.9716E+00	2.7027E-01	0.016	0.0000	1.6900	0.9836	0.0164	
0007	1.6000E+00	2.8400E+00	3.7352E+00	3.8151E+00	1.1207E+00	1.9720E+00	2.7027E-01	0.016	0.0000	1.6900	0.9836	0.0164	
0008	1.6000E+00	2.8432E+00	3.7342E+00	3.8149E+00	1.1208E+00	1.9724E+00	2.7027E-01	0.016	0.0000	1.6900	0.9836	0.0164	
0009	1.6000E+00	2.8465E+00	3.7332E+00	3.8147E+00	1.1209E+00	1.9728E+00	2.7027E-01	0.016	0.0000	1.6900	0.9836	0.0164	
0010	1.6000E+00	2.8497E+00	3.7322E+00	3.8145E+00	1.1210E+00	1.9732E+00	2.7027E-01	0.016	0.0000	1.6900	0.9836	0.0164	
0011	1.6000E+00	2.8530E+00	3.7312E+00	3.8143E+00	1.1211E+00	1.9736E+00	2.7027E-01	0.016	0.0000	1.6900	0.9836	0.0164	
0012	1.6000E+00	2.8562E+00	3.7302E+00	3.8140E+00	1.1213E+00	1.9740E+00	2.7027E-01	0.016	0.0000	1.6900	0.9836	0.0164	
0013	1.6000E+00	2.8594E+00	3.7293E+00	3.8138E+00	1.1214E+00	1.9744E+00	2.7027E-01	0.016	0.0000	1.6900	0.9836	0.0164	
0014	1.6000E+00	2.8626E+00	3.7283E+00	3.8136E+00	1.1215E+00	1.9748E+00	2.7027E-01	0.016	0.0000	1.6900	0.9836	0.0164	
0015	1.6000E+00	2.8658E+00	3.7273E+00	3.8134E+00	1.1216E+00	1.9752E+00	2.7027E-01	0.016	0.0000	1.6900	0.9836	0.0164	
0016	1.6000E+00	2.8690E+00	3.7264E+00	3.8132E+00	1.1217E+00	1.9756E+00	2.7027E-01	0.016	0.0000	1.6900	0.9836	0.0164	
0017	1.6000E+00	2.8722E+00	3.7254E+00	3.8130E+00	1.1218E+00	1.9760E+00	2.7027E-01	0.016	0.0000	1.6900	0.9836	0.0164	
0018	1.6000E+00	2.8754E+00	3.7244E+00	3.8128E+00	1.1219E+00	1.9764E+00	2.7027E-01	0.016	0.0000	1.6900	0.9836	0.0164	
0019	1.6000E+00	2.8786E+00	3.7235E+00	3.8125E+00	1.1220E+00	1.9768E+00	2.7027E-01	0.016	0.0000	1.6900	0.9836	0.0164	
0020	1.6000E+00	2.8817E+00	3.7225E+00	3.8123E+00	1.1221E+00	1.9772E+00	2.7027E-01	0.016	0.0000	1.6900	0.9836	0.0164	
0021	1.6000E+00	2.8849E+00	3.7216E+00	3.8121E+00	1.1222E+00	1.9776E+00	2.7027E-01	0.016	0.0000	1.6900	0.9836	0.0164	
0022	1.6000E+00	2.8881E+00	3.7206E+00	3.8119E+00	1.1223E+00	1.9780E+00	2.7027E-01	0.016	0.0000	1.6900	0.9836	0.0164	
0023	1.6000E+00	2.8913E+00	3.7196E+00	3.8117E+00	1.1224E+00	1.9784E+00	2.7027E-01	0.016	0.0000	1.6900	0.9836	0.0164	
0024	1.6000E+00	2.8945E+00	3.7187E+00	3.8115E+00	1.1225E+00	1.9788E+00	2.7027E-01	0.016	0.0000	1.6900	0.9836	0.0164	
0025	1.6000E+00	2.8977E+00	3.7177E+00	3.8112E+00	1.1226E+00	1.9792E+00	2.7027E-01	0.016	0.0000	1.6900	0.9836	0.0164	
0026	1.6000E+00	2.9009E+00	3.7168E+00	3.8110E+00	1.1227E+00	1.9796E+00	2.7027E-01	0.016	0.0000	1.6900	0.9836	0.0164	
0027	1.6000E+00	2.9041E+00	3.7158E+00	3.8108E+00	1.1228E+00	1.9800E+00	2.7027E-01	0.016	0.0000	1.6900	0.9836	0.0164	
0028	1.6000E+00	2.9073E+00	3.7148E+00	3.8106E+00	1.1228E+00	1.9804E+00	2.7027E-01	0.016	0.0000	1.6900	0.9836	0.0164	
0029	1.6000E+00	2.9105E+00	3.7139E+00	3.8104E+00	1.1229E+00	1.9808E+00	2.7027E-01	0.016	0.0000	1.6900	0.9836	0.0164	
0030	1.6000E+00	2.9137E+00	3.7129E+00	3.8102E+00	1.1230E+00	1.9812E+00	2.7027E-01	0.016	0.0000	1.6900	0.9836	0.0164	
0031	1.6000E+00	2.9170E+00	3.7119E+00	3.8099E+00	1.1231E+00	1.9816E+00	2.7027E-01	0.016	0.0000	1.6900	0.9836	0.0164	
0032	1.6000E+00	2.9202E+00	3.7110E+00	3.8097E+00	1.1232E+00	1.9820E+00	2.7027E-01	0.016	0.0000	1.6900	0.9836	0.0164	
0033	1.6000E+00	2.9235E+00	3.7100E+00	3.8095E+00	1.1232E+00	1.9824E+00	2.7027E-01	0.016	0.0000	1.6900	0.9836	0.0164	
0034	1.6000E+00	2.9267E+00	3.7091E+00	3.8093E+00	1.1233E+00	1.9828E+00	2.7027E-01	0.016	0.0000	1.6900	0.9836	0.0164	
0035	1.6000E+00	2.9300E+00	3.7081E+00	3.8090E+00	1.1234E+00	1.9832E+00	2.7027E-01	0.016	0.0000	1.6900	0.9836	0.0164	
0036	1.6000E+00	2.9333E+00	3.7071E+00	3.8088E+00	1.1234E+00	1.9836E+00	2.7027E-01	0.016	0.0000	1.6900	0.9836	0.0164	
0037	1.6000E+00	2.9366E+00	3.7061E+00	3.8086E+00	1.1235E+00	1.9840E+00	2.7027E-01	0.016	0.0000	1.6900	0.9836	0.0164	
0038	1.6000E+00	2.9399E+00	3.7052E+00	3.8083E+00	1.1235E+00	1.9844E+00	2.7027E-01	0.016	0.0000	1.6900	0.9836	0.0164	
0039	1.6000E+00	2.9432E+00	3.7042E+00	3.8081E+00	1.1236E+00	1.9848E+00	2.7027E-01	0.016	0.0000	1.6900	0.9836	0.0164	
0040	1.6000E+00	2.9466E+00	3.7032E+00	3.8079E+00	1.1236E+00	1.9852E+00	2.7027E-01	0.016	0.0000	1.6900	0.9836	0.0164	
0041	1.6000E+00	2.9499E+00	3.7022E+00	3.8076E+00	1.1237E+00	1.9856E+00	2.7027E-01	0.016	0.0000	1.6900	0.9836	0.0164	
0042	1.6000E+00	2.9533E+00	3.7012E+00	3.8074E+00	1.1237E+00	1.9860E+00	2.7027E-01	0.016	0.0000	1.6900	0.9836	0.0164	
0043	1.6000E+00	2.9566E+00	3.7002E+00	3.8072E+00	1.1238E+00	1.9864E+00	2.7027E-01	0.016	0.0000	1.6900	0.9836	0.0164	
0044	1.6000E+00	2.9600E+00	3.6992E+00	3.8069E+00	1.1238E+00	1.9868E+00	2.7027E-01	0.016	0.0000	1.6900	0.9836	0.0164	
0045	1.6000E+00	2.9634E+00	3.6982E+00	3.8067E+00	1.1238E+00	1.9872E+00	2.7027E-01	0.016	0.0000	1.6900	0.9836	0.0164	
0046	1.6000E+00	2.9668E+00	3.6972E+00	3.8064E+00	1.1239E+00	1.9876E+00	2.7027E-01	0.016	0.0000	1.6900	0.9836	0.0164	
0047	1.6000E+00	2.9702E+00	3.6962E+00	3.8062E+00	1.1239E+00	1.9880E+00	2.7027E-01	0.016	0.0000	1.6900	0.9836	0.0164	
0048	1.6000E+00	2.9737E+00	3.6952E+00	3.8060E+00	1.1239E+00	1.9884E+00	2.7027E-01	0.016	0.0000	1.6900	0.9836	0.0164	
0049	1.6000E+00	2.9772E+00	3.6942E+00	3.8057E+00	1.1239E+00	1.9888E+00	2.7027E-01	0.016	0.0000	1.6900	0.9836	0.0164	
0050	1.6000E+00	2.9806E+00	3.6932E+00	3.8055E+00	1.1239E+00	1.9892E+00	2.7027E-01	0.016	0.0000	1.6900	0.9836	0.0164	
0051	1.6000E+00	2.9841E+00	3.6922E+00	3.8052E+00	1.1239E+00	1.9896E+00	2.7027E-01	0.016	0.0000	1.6900	0.9836	0.0164	
0052	1.6000E+00	2.9876E+00	3.6912E+00	3.8049E+00	1.1239E+00	1.9900E+00	2.7027E-01	0.016	0.0000	1.6900	0.9836	0.0164	
0053	1.6000E+00	2.9912E+00	3.6901E+00	3.8047E+00	1.1239E+00	1.9904E+00	2.7027E-01	0.016	0.0000	1.6900	0.9836	0.0164	
0054	1.6000E+00	2.9947E+00	3.6891E+00	3.8044E+00	1.1239E+00	1.9908E+00	2.7027E-01	0.016	0.0000	1.6900	0.9836	0.0164	
0055	1.6000E+00	2.9982E+00	3.6881E+00	3.8042E+00	1.1239E+00	1.9912E+00	2.7027E-01	0.016	0.0000	1.6900	0.9836	0.0164	
0056	1.6000E+00	3.0018E+00	3.6870E+00	3.8039E+00	1.1239E+00	1.9916E+00	2.7027E-01	0.016	0.0000	1.6900	0.9836	0.0164	
0057	1.6000E+00	3.0054E+00	3.6860E+00	3.8036E+00	1.1239E+00	1.9920E+00	2.7027E-01	0.016	0.0000	1.6900	0.9836	0.0164	
0058	1.6000E+00	3.0090E+00	3.6850E+00	3.8034E+00	1.1238E+00	1.9924E+00	2.7027E-01	0.016	0.0000	1.6900	0.9836	0.0164	
0059	1.6000E+00	3.0127E+00	3.6839E+00	3.8031E+00	1.1238E+00	1.9928E+00	2.7027E-01	0.016	0.0000	1.6900	0.9836	0.0164	
0060	1.6000E+00	3.0163E+00	3.6829E+00	3.8028E+00	1.1238E+00	1.9932E+00	2.7027E-01	0.016	0.0000	1.6900	0.9836	0.0164	
0061	1.6000E+00	3.0200E+00	3.6818E+00	3.8026E+00	1.1237E+00	1.9936E+00	2.7027E-01	0.016	0.0000	1.6900	0.9836	0.0164	
0062	1.6000E+00	3.0237E+00	3.6808E+00	3.8023E+00	1.1237E+00	1.9940E+00	2.7027E-01	0.016	0.0000	1.6900	0.9836	0.0164	
0063	1.6000E+00	3.0274E+00	3.6797E+00	3.8020E+00	1.1236E+00	1.9944E+00	2.7027E-01	0.016	0.0000	1.6900	0.9836	0.0164	
0064	1.6000E+00	3.0311E+00	3.6786E+00	3.8017E+00	1.1235E+00	1.9948E+00	2.7027E-01	0.016	0.0000	1.6900	0.9836	0.0164	
0065	1.6000E+00	3.0349E+00	3.6775E+00	3.8014E+00	1.1235E+00	1.9952E+00	2.7027E-01	0.016	0.0000	1.6900	0.9836	0.0164	
0066	1.6000E+00	3.0386E+00	3.6765E+00	3.8011E+00	1.1234E+00	1.9956E+00	2.7027E-01	0.016	0.0000	1.6900	0.9836	0.0164	
0067	1.6000E+00	3.0424E+00	3.6754E+00	3.8009E+00	1.1233E+00	1.9960E+00	2.7027E-01	0.016	0.0000	1.6900	0.9836	0.0164	
0068	1.6000E+00	3.0462E+00	3.6743E+00	3.8005E+00	1.1232E+00	1.9964E+00	2.7027E-01	0.016	0.0000	1.6900	0.9836	0.0164	
0069	1.6000E+00	3.0500E+00	3.6732E+00	3.8003E+00	1.1231E+00	1.9968E+00	2.7027E-01	0.016	0.0000	1.6900	0.9836	0.0164	
0070	1.6000E+00	3.0539E+00	3.6721E+00	3.7999E+00	1.1230E+00	1.9972E+00	2.7027E-01	0.016	0.0000	1.6900	0.9836	0.0164	
0071	1.6000E+00	3.0577E+00	3.6710E+00	3.7997E+00	1.1229E+00	1.9976E+00	2.7027E-01	0.016	0.0000	1.6900	0.9836	0.0164	
0072	1.6000E+00	3.0616E+00	3.6699E+00	3.7993E+00	1.1228E+00	1.9980E+00	2.7027E-01	0.016	0.0000	1.6900	0.9836	0.0164	
0073	1.6000E+00	3.0655E+00	3.6688E+00	3.7990E+00	1.1226E+00	1.9984E+00	2.7027E-01	0.016	0.0000	1.6900	0.9836	0.0164	
0074	1.6000E+00	3.0695E+00	3.6677E+00	3.7987E+00	1.1225E+00	1.9988E+00	2.7027E-01	0.016	0.0000	1.6900	0.9836	0.0164	
0075	1.6000E+00	3.0734E+00	3.6666E+00	3.7984E+00	1.1223E+00	1.9992E+00	2.7027E-01	0.016	0.0000	1.6900	0.9836	0.0164	
0076	1.6000E+00	3.0774E+00	3.6655E+00	3.7981E+00	1.1222E+00	1.9996E+00	2.7027E-01	0.016	0.0000	1.6900	0.9836	0.0164	
0077	1.6000E+00	3.0813E+00	3.6643E+00	3.7978E+00	1.1220E+00	2.0000E+00	2.7027E-01	0.016	0.0000	1.6900	0.9836	0.0164	
0078	1.6000E+00	3.0854E+00	3.6632E+00	3.7974E+00	1.1218E+00	2.0004E+00	2.7027E-01	0.016	0.0000	1.6900	0.9836	0.0164	
0079	1.6000E+00	3.0894E+00	3.6621E+00	3.7971E+00	1.1216E+00	2.0008E+00	2.7027E-01	0.016	0.0000	1.6900	0.9836	0.0164	
0080	1.6000E+00	3.0934E+00	3.6609E+00	3.7968E+00	1.1214E+00	2.0012E+00	2.7027E-01	0.016	0.0000	1.6900	0.9836	0.0164	
0081	1.6000E+00	3.0975E+00	3.6598E+00	3.7964E+00	1.1212E+00	2.0016E+00	2.7027E-01	0.016	0.0000	1.6900	0.9836	0.0164	
0082	1.6000E+00	3.1016E+00	3.6587E+00	3.7961E+00	1.1210E+00	2.0020E+00	2.7027E-01	0.016	0.0000	1.6900	0.9836	0.0164	
0083	1.6000E+00	3.1057E+00	3.6575E+00	3.7957E+00	1.1207E+00	2.0024E+00	2.7027E-01	0.016	0.0000	1.6900	0.9836	0.0164	
0084	1.6000E+00	3.1098E+00	3.6564E+00	3.7954E+00	1.1205E+00	2.0028E+00	2.7027E-01	0.016	0.0000	1.6900	0.9836	0.0164	
0085	1.6000E+00	3.1139E+00	3.6552E+00	3.7950E+00	1.1202E+00	2.0032E+00	2.7027E-01	0.016	0.0000	1.6900	0.9836	0.0164	
0086	1.6000E+00	3.1180E+00	3.6541E+00	3.7947E+00	1.1200E+00	2.0036E+00	2.7027E-01	0.016	0.0000	1.6900	0.9836	0.0164	
0087	1.6000E+00	3.1222E+00	3.6529E+00	3.7943E+00	1.1197E+00	2.0040E+00	2.7027E-01	0.016	0.0000	1.6900	0.9836	0.0164	
0088	1.6000E+00	3.1264E+00	3.6517E+00	3.7940E+00	1.1194E+00	2.0044E+00	2.7027E-01	0.016	0.0000	1.6900	0.9836	0.0164	
0089	1.6000E+00	3.1306E+00	3.6506E+00	3.7936E+00	1.1191E+00	2.0048E+00	2.7027E-01	0.016	0.0000	1.6900	0.9836	0.0164	
0090	1.6000E+00	3.1348E+00	3.6494E+00	3.7932E+00	1.1187E+00	2.0052E+00	2.7027E-01	0.016	0.0000	1.6900	0.9836	0.0164	
0091	1.6000E+00	3.1391E+00	3.6482E+00	3.7928E+00	1.1184E+00	2.0056E+00	2.7027E-01	0.016	0.0000	1.6900	0.9836	0.0164	
0092	1.6000E+00	3.1434E+00	3.6470E+00	3.7924E+00	1.1180E+00	2.0060E+00	2.7027E-01	0.016	0.0000	1.6900	0.9836	0.0164	
0093	1.6000E+00	3.1476E+00	3.6459E+00	3.7921E+00	1.1177E+00	2.0064E+00	2.7027E-01	0.016	0.0000	1.6900	0.9836	0.0164	
0094	1.6000E+00	3.1519E+00	3.6447E+00	3.7917E+00	1.1173E+00	2.0068E+00	2.7027E-01	0.016	0.0000	1.6900	0.9836	0.0164	
0095	1.6000E+00	3.1562E+00	3.6435E+00	3.7913E+00	1.1169E+00	2.0072E+00	2.7027E-01	0.016	0.0000	1.6900	0.9836	0.0164	
0096	1.6000E+00	3.1605E+00	3.6423E+00	3.7909E+00	1.1164E+00	2.0076E+00	2.7027E-01	0.016	0.0000	1.6900	0.9836	0.0164	
0097	1.6000E+00	3.1649E+00	3.6411E+00	3.7904E+00	1.1160E+00	2.0080E+00	2.7027E-01	0.016	0.0000	1.6900	0.9836	0.0164	
0098	1.6000E+00	3.1692E+00	3.6399E+00	3.7900E+00	1.1155E+00	2.0084E+00	2.7027E-01	0.016	0.0000	1.6900	0.9836	0.0164	
0099	1.6000E+00	3.1736E+00	3.6387E+00	3.7896E+00	1.1151E+00	2.0088E+00	2.7027E-01	0.016	0.0000	1.6900	0.9836	0.0164	
0100	1.6000E+00	3.1779E+00	3.6375E+00	3.7892E+00	1.1146E+00	2.0092E+00	2.7027E-01	0.016	0.0000	1.6900	0.9836	0.0164	
0101	1.6000E+00	3.1823E+00	3.6363E+00	3.7888E+00	1.1140E+00	2.0096E+00	2.7027E-01	0.016	0.0000	1.6900	0.9836	0.0164	
0102	1.6000E+00	3.1867E+00	3.6351E+00	3.7883E+00	1.1135E+00	2.0100E+00	2.7027E-01	0.016	0.0000	1.6900	0.9836	0.0164	
0103	1.6000E+00	3.1911E+00	3.6339E+00	3.7879E+00	1.1129E+00	2.0104E+00	2.7027E-01	0.016	0.0000	1.6900	0.9836	0.0164	
0104	1.6000E+00	3.1955E+00	3.6327E+00	3.7875E+00	1.1124E+00	2.0108E+00	2.7027E-01	0.016	0.0000	1.6900	0.9836	0.0164	
0105	1.6000E+00	3.1999E+00	3.6316E+00	3.7870E+00	1.1118E+00	2.0112E+00	2.7027E-01	0.016	0.0000	1.6900	0.9836	0.0164	
0106	1.6000E+00	3.2043E+00	3.6304E+00	3.7865E+00	1.1111E+00	2.0116E+00	2.7027E-01	0.016	0.0000	1.6900	0.9836	0.0164	
0107	1.6000E+00	3.2087E+00	3.6292E+00	3.7861E+00	1.1105E+00	2.0120E+00	2.7027E-01	0.016	0.0000	1.6900	0.9836	0.0164	
0108	1.6000E+00	3.2131E+00	3.6280E+00	3.7856E+00	1.1098E+00	2.0124E+00	2.7027E-01	0.016	0.0000	1.6900	0.9836	0.0164	
0109	1.6000E+00	3.2175E+00	3.6268E+00	3.7851E+00	1.1091E+00	2.0128E+00	2.7027E-01	0.016	0.0000	1.6900	0.9836	0.0164	
0110	1.6000E+00	3.2219E+00	3.6256E+00	3.7847E+00	1.1083E+00	2.0132E+00	2.7027E-01	0.016	0.0000	1.6900	0.9836	0.0164	
0111	1.6000E+00	3.2263E+00	3.6244E+00	3.7842E+00	1.1076E+00	2.0136E+00	2.7027E-01	0.016	0.0000	1.6900	0.9836	0.0164	
0112	1.6000E+00	3.2307E+00	3.6232E+00	3.7837E+00	1.1068E+00	2.0140E+00	2.7027E-01	0.016	0.0000	1.6900	0.9836	0.0164	
0113	1.6000E+00	3.2351E+00	3.6220E+00	3.7832E+00	1.1060E+00	2.0144E+00	2.7027E-01	0.016	0.0000	1.6900	0.9836	0.0164	
0114	1.6000E+00	3.2395E+00	3.6209E+00	3.7827E+00	1.1051E+00	2.0148E+00	2.7027E-01	0.016	0.0000	1.6900	0.9836	0.0164	
0115	1.6000E+00	3.2439E+00	3.6197E+00	3.7822E+00	1.1042E+00	2.0152E+00	2.7027E-01	0.016	0.0000	1.6900	0.9836	0.0164	
0116	1.6000E+00	3.2482E+00	3.6185E+00	3.7816E+00	1.1033E+00	2.0156E+00	2.7027E-01	0.016	0.0000	1.6900	0.9836	0.0164	
0117	1.6000E+00	3.2525E+00	3.6174E+00	3.7811E+00	1.1023E+00	2.0160E+00	2.7027E-01	0.016	0.0000	1.6900	0.9836	0.0164	
0118	1.6000E+00	3.2567E+00	3.6163E+00	3.7806E+00	1.1013E+00	2.0164E+00	2.7027E-01	0.016	0.0000	1.6900	0.9836	0.0164	
0119	1.6000E+00	3.2610E+00	3.6151E+00	3.7800E+00	1.1003E+00	2.0168E+00	2.7027E-01	0.016	0.0000	1.6900	0.9836	0.0164	
0120	1.6000E+00	3.2652E+00	3.6140E+00	3.7795E+00	1.0992E+00	2.0172E+00	2.7027E-01	0.016	0.0000	1.6900	0.9836	0.0164	
0121	1.6000E+00	3.2694E+00	3.6129E+00	3.7789E+00	1.0981E+00	2.0176E+00	2.7027E-01	0.016	0.0000	1.6900	0.9836	0.0164	
0122	1.6000E+00	3.2736E+00	3.6118E+00	3.7784E+00	1.0970E+00	2.0180E+00	2.7027E-01	0.016	0.0000	1.6900	0.9836	0.0164	
0123	1.6000E+00	3.2778E+00	3.6107E+00	3.7778E+00	1.0958E+00	2.0184E+00	2.7027E-01	0.016	0.0000	1.6900	0.9836	0.0164	
0124	1.6000E+00	3.2819E+00	3.6096E+00	3.7772E+00	1.0946E+00	2.0188E+00	2.7027E-01	0.016	0.0000	1.6900	0.9836	0.0164	
0125	1.6000E+00	3.2860E+00	3.6085E+00	3.7766E+00	1.0933E+00	2.0192E+00	2.7027E-01	0.016	0.0000	1.6900	0.9836	0.0164	
0126	1.6000E+00	3.2901E+00	3.6074E+00	3.7760E+00	1.0920E+00	2.0196E+00	2.7027E-01	0.016	0.0000	1.6900	0.9836	0.0164	
0127	1.6000E+00	3.2940E+00	3.6064E+00	3.7754E+00	1.0906E+00	2.0200E+00	2.7027E-01	0.016	0.0000	1.6900	0.9836	0.0164	
0128	1.6000E+00	3.2979E+00	3.6053E+00	3.7748E+00	1.0892E+00	2.0204E+00	2.7027E-01	0.016	0.0000	1.6900	0.9836	0.0164	
0129	1.6000E+00	3.3018E+00	3.6043E+00	3.7742E+00	1.0877E+00	2.0208E+00	2.7027E-01	0.016	0.0000	1.6900	0.9836	0.0164	
0130	1.6000E+00	3.3055E+00	3.6033E+00	3.7735E+00	1.0861E+00	2.0212E+00	2.7027E-01	0.016	0.0000	1.6900	0.9836	0.0164	
0131	1.6000E+00	3.3093E+00	3.6023E+00	3.7729E+00	1.0845E+00	2.0216E+00	2.7027E-01	0.016	0.0000	1.6900	0.9836	0.0164	
0132	1.6000E+00	3.3130E+00	3.6014E+00	3.7723E+00	1.0829E+00	2.0220E+00	2.7027E-01	0.016	0.0000	1.6900	0.9836	0.0164	
0133	1.6000E+00	3.3165E+00	3.6004E+00	3.7716E+00	1.0812E+00	2.0224E+00	2.7027E-01	0.016	0.0000	1.6900	0.9836	0.0164	
0134	1.6000E+00	3.3200E+00	3.5995E+00	3.7709E+00	1.0794E+00	2.0228E+00	2.7027E-01	0.016	0.0000	1.6900	0.9836	0.0164	
0135	1.6000E+00	3.3235E+00	3.5986E+00	3.7702E+00	1.0776E+00	2.0232E+00	2.7027E-01	0.016	0.0000	1.6900	0.9836	0.0164	
0136	1.6000E+00	3.3268E+00	3.5978E+00	3.7696E+00	1.0757E+00	2.0236E+00	2.7027E-01	0.016	0.0000	1.6900	0.9836	0.0164	
0137	1.6000E+00	3.3299E+00	3.5970E+00	3.7689E+00	1.0738E+00	2.0240E+00	2.7027E-01	0.016	0.0000	1.6900	0.9836	0.0164	
0138	1.6000E+00	3.3330E+00	3.5962E+00	3.7681E+00	1.0717E+00	2.0244E+00	2.7027E-01	0.016	0.0000	1.6900	0.9836	0.0164	
0139	1.6000E+00	3.3360E+00	3.5954E+00	3.7674E+00	1.0696E+00	2.0248E+00	2.7027E-01	0.016	0.0000	1.6900	0.9836	0.0164	
0140	1.6000E+00	3.3388E+00	3.5946E+00	3.7667E+00	1.0675E+00	2.0252E+00	2.7027E-01	0.016	0.0000	1.6900	0.9836	0.0164	
0141	1.6000E+00	3.3415E+00	3.5939E+00	3.7660E+00	1.0652E+00	2.0256E+00	2.7027E-01	0.016	0.0000	1.6900	0.9836	0.0164	
0142	1.6000E+00	3.3441E+00	3.5933E+00	3.7652E+00	1.0629E+00	2.0260E+00	2.7027E-01	0.016	0.0000	1.6900	0.9836	0.0164	
0143	1.6000E+00	3.3465E+00	3.5926E+00	3.7645E+00	1.0605E+00	2.0264E+00	2.7027E-01	0.016	0.0000	1.6900	0.9836	0.0164	
0144	1.6000E+00	3.3487E+00	3.5921E+00	3.7637E+00	1.0580E+00	2.0268E+00	2.7027E-01	0.016	0.0000	1.6900	0.9836	0.0164	
0145	1.6000E+00	3.3507E+00	3.5915E+00	3.7629E+00	1.0554E+00	2.0272E+00	2.7027E-01	0.016	0.0000	1.6900	0.9836	0.0164	
0146	1.6000E+00	3.3526E+00	3.5911E+00	3.7621E+00	1.0528E+00	2.0276E+00	2.7027E-01	0.016	0.0000	1.6900	0.9836	0.0164	
0147	1.6000E+00	3.3543E+00	3.5906E+00	3.7613E+00	1.0500E+00	2.0280E+00	2.7027E-01	0.016	0.0000	1.6900	0.9836	0.0164	
0148	1.6000E+00	3.3557E+00	3.5902E+00	3.7605E+00	1.0472E+00	2.0284E+00	2.7027E-01	0.016	0.0000	1.6900	0.9836	0.0164	
0149	1.6000E+00	3.3571E+00	3.5899E+00	3.7597E+00	1.0443E+00	2.0288E+00	2.7027E-01	0.016	0.0000	1.6900	0.9836	0.0164	
0150	1.6000E+00	3.3583E+00	3.5896E+00	3.7589E+00	1.0413E+00	2.0292E+00	2.7027E-01	0.016	0.0000	1.6900	0.9836	0.0164	
0151	1.6000E+00	3.3592E+00	3.5893E+00	3.7580E+00	1.0382E+00	2.0296E+00	2.7027E-01	0.016	0.0000	1.6900	0.9836	0.0164	
0152	1.6000E+00	3.3599E+00	3.5892E+00	3.7572E+00	1.0350E+00	2.0300E+00	2.7027E-01	0.016	0.0000	1.6900	0.9836	0.0164	
0153	1.6000E+00	3.3604E+00	3.5890E+00	3.7564E+00	1.0317E+00	2.0304E+00	2.7027E-01	0.016	0.0000	1.6900	0.9836	0.0164	
0154	1.6000E+00	3.3607E+00	3.5890E+00	3.7555E+00	1.0283E+00	2.0308E+00	2.7027E-01	0.016	0.0000	1.6900	0.9836	0.0164	
0155	1.6000E+00	3.3607E+00	3.5889E+00	3.7546E+00	1.0249E+00	2.0312E+00	2.7027E-01	0.016	0.0000	1.6900	0.9836	0.0164	
0156	1.6000E+00	3.3606E+00	3.5890E+00	3.7538E+00	1.0213E+00	2.0316E+00	2.7027E-01	0.016	0.0000	1.6900	0.9836	0.0164	
0157	1.6000E+00	3.3602E+00	3.5891E+00	3.7529E+00	1.0177E+00	2.0320E+00	2.7027E-01	0.016	0.0000	1.6900	0.9836	0.0164	
0158	1.6000E+00	3.3595E+00	3.5893E+00	3.7520E+00	1.0139E+00	2.0324E+00	2.7027E-01	0.016	0.0000	1.6900	0.9836	0.0164	
0159	1.6000E+00	3.3586E+00	3.5895E+00	3.7511E+00	1.0101E+00	2.0328E+00	2.7027E-01	0.016	0.0000	1.6900	0.9836	0.0164	
0160	1.6000E+00	3.3575E+00	3.5898E+00	3.7502E+00	1.0062E+00	2.0332E+00	2.7027E-01	0.016	0.0000	1.6900	0.9836	0.0164	
0161	1.6000E+00	3.3562E+00	3.5901E+00	3.7492E+00	1.0022E+00	2.0336E+00	2.7027E-01	0.016	0.0000	1.6900	0.9836	0.0164	
0162	1.6000E+00	3.3548E+00	3.5905E+00	3.7483E+00	9.9811E-01	2.0340E+00	2.7027E-01	0.016	0.0000	1.6900	0.9836	0.0164	
0163	1.6000E+00	3.3532E+00	3.5909E+00	3.7474E+00	9.9398E-01	2.0344E+00	2.7027E-01	0.016	0.0000	1.6900	0.9836	0.0164	
0164	1.6000E+00	3.3513E+00	3.5914E+00	3.7465E+00	9.8974E-01	2.0348E+00	2.7027E-01	0.016	0.0000	1.6900	0.9836	0.0164	
0165	1.6000E+00	3.3493E+00	3.5919E+00	3.7455E+00	9.8544E-01	2.0352E+00	2.7027E-01	0.016	0.0000	1.6900	0.9836	0.0164	
0166	1.6000E+00	3.3473E+00	3.5924E+00	3.7446E+00	9.8113E-01	2.0356E+00	2.7027E-01	0.016	0.0000	1.6900	0.9836	0.0164	
0167	1.6000E+00	3.3449E+00	3.5930E+00	3.7436E+00	9.7672E-01	2.0360E+00	2.7027E-01	0.016	0.0000	1.6900	0.9836	0.0164	
0168	1.6000E+00	3.3425E+00	3.5937E+00	3.7427E+00	9.7228E-01	2.0364E+00	2.7027E-01	0.016	0.0000	1.6900	0.9836	0.0164	
0169	1.6000E+00	3.3400E+00	3.5943E+00	3.7417E+00	9.6781E-01	2.0368E+00	2.7027E-01	0.016	0.0000	1.6900	0.9836	0.0164	
0170	1.6000E+00	3.3375E+00	3.5950E+00	3.7407E+00	9.6330E-01	2.0372E+00	2.7027E-01	0.016	0.0000	1.6900	0.9836	0.0164	
0171	1.6000E+00	3.3350E+00	3.5956E+00	3.7398E+00	9.5878E-01	2.0376E+00	2.7027E-01	0.016	0.0000	1.6900	0.9836	0.0164	
0172	1.6000E+00	3.3324E+00	3.5963E+00	3.7388E+00	9.5426E-01	2.0380E+00	2.7027E-01	0.016	0.0000	1.6900	0.9836	0.0164	
0173	1.6000E+00	3.3298E+00	3.5970E+00	3.7378E+00	9.4974E-01	2.0384E+00	2.7027E-01	0.016	0.0000	1.6900	0.9836	0.0164	
0174	1.6000E+00	3.3273E+00	3.5976E+00	3.7369E+00	9.4523E-01	2.0388E+00	2.7027E-01	0.016	0.0000	1.6900	0.9836	0.0164	
0175	1.6000E+00	3.3248E+00	3.5983E+00	3.7359E+00	9.4074E-01	2.0392E+00	2.7027E-01	0.016	0.0000	1.6900	0.9836	0.0164	
0176	1.6000E+00	3.3224E+00	3.5989E+00	3.7350E+00	9.3629E-01	2.0396E+00	2.7027E-01	0.016	0.0000	1.6900	0.9836	0.0164	
0177	1.6000E+00	3.3204E+00	3.5994E+00	3.7340E+00	9.3194E-01	2.0400E+00	2.7027E-01	0.016	0.0000	1.6900	0.9836	0.0164	
0178	1.6000E+00	3.3184E+00	3.6000E+00	3.7331E+00	9.2762E-01	2.0404E+00	2.7027E-01	0.016	0.0000	1.6900	0.9836	0.0164	
0179	1.6000E+00	3.3166E+00	3.6004E+00	3.7321E+00	9.2333E-01	2.0408E+00	2.7027E-01	0.016	0.0000	1.6900	0.9836	0.0164	
0180	1.6000E+00	3.3150E+00	3.6009E+00	3.7312E+00	9.1916E-01	2.0412E+00	2.7027E-01	0.016	0.0000	1.6900	0.9836	0.0164	
0181	1.6000E+00	3.3137E+00	3.6012E+00	3.7302E+00	9.1508E-01	2.0416E+00	2.7027E-01	0.016	0.0000	1.6900	0.9836	0.0164	
0182	1.6000E+00	3.3127E+00	3.6015E+00	3.7293E+00	9.1111E-01	2.0420E+00	2.7027E-01	0.016	0.0000	1.6900	0.9836	0.0164	
0183	1.6000E+00	3.3120E+00	3.6016E+00	3.7284E+00	9.0727E-01	2.0424E+00	2.7027E-01	0.016	0.0000	1.6900	0.9836	0.0164	
0184	1.6000E+00	3.3117E+00	3.6017E+00	3.7275E+00	9.0354E-01	2.0428E+00	2.7028E-01	0.016	0.0000	1.6900	0.9836	0.0164	
0185	1.6000E+00	3.3118E+00	3.6017E+00	3.7266E+00	8.9999E-01	2.0432E+00	2.7028E-01	0.016	0.0000	1.6900	0.9836	0.0164	
0186	1.6000E+00	3.3122E+00	3.6016E+00	3.7257E+00	8.9654E-01	2.0436E+00	2.7028E-01	0.016	0.0000	1.6900	0.9836	0.0164	
0187	1.6000E+00	3.3130E+00	3.6014E+00	3.7248E+00	8.9324E-01	2.0440E+00	2.7028E-01	0.016	0.0000	1.6900	0.9836	0.0164	
0188	1.6000E+00	3.3144E+00	3.6010E+00	3.7240E+00	8.9015E-01	2.0444E+00	2.7029E-01	0.016	0.0000	1.6900	0.9836	0.0164	
0189	1.6000E+00	3.3161E+00	3.6006E+00	3.7231E+00	8.8719E-01	2.0448E+00	2.7029E-01	0.016	0.0000	1.6900	0.9836	0.0164	
0190	1.6000E+00	3.3183E+00	3.6000E+00	3.7223E+00	8.8441E-01	2.0452E+00	2.7029E-01	0.016	0.0000	1.6900	0.9836	0.0164	
0191	1.6000E+00	3.3210E+00	3.5993E+00	3.7214E+00	8.8180E-01	2.0456E+00	2.7030E-01	0.016	0.0000	1.6900	0.9836	0.0164	
0192	1.6000E+00	3.3242E+00	3.5984E+00	3.7206E+00	8.7941E-01	2.0460E+00	2.7030E-01	0.016	0.0000	1.6900	0.9836	0.0164	
0193	1.6000E+00	3.3278E+00	3.5975E+00	3.7198E+00	8.7717E-01	2.0464E+00	2.7031E-01	0.016	0.0000	1.6900	0.9836	0.0164	
0194	1.6000E+00	3.3320E+00	3.5964E+00	3.7191E+00	8.7514E-01	2.0468E+00	2.7032E-01	0.016	0.0000	1.6900	0.9836	0.0164	
0195	1.6000E+00	3.3365E+00	3.5952E+00	3.7183E+00	8.7327E-01	2.0472E+00	2.7032E-01	0.016	0.0000	1.6900	0.9836	0.0164	
0196	1.6000E+00	3.3416E+00	3.5939E+00	3.7176E+00	8.7159E-01	2.0476E+00	2.7033E-01	0.016	0.0000	1.6900	0.9836	0.0164	
0197	1.6000E+00	3.3471E+00	3.5925E+00	3.7168E+00	8.7012E-01	2.0480E+00	2.7034E-01	0.016	0.0000	1.6900	0.9836	0.0164	
0198	1.6000E+00	3.3532E+00	3.5909E+00	3.7161E+00	8.6885E-01	2.0484E+00	2.7035E-01	0.016	0.0000	1.6900	0.9836	0.0164	
0199	1.6000E+00	3.3597E+00	3.5892E+00	3.7154E+00	8.6774E-01	2.0488E+00	2.7037E-01	0.016	0.0000	1.6900	0.9836	0.0164	
0200	1.6000E+00	3.3667E+00	3.5874E+00	3.7147E+00	8.6680E-01	2.0492E+00	2.7038E-01	0.016	0.0001	1.6900	0.9836	0.0164	
0201	1.6000E+00	3.3741E+00	3.5855E+00	3.7141E+00	8.6606E-01	2.0496E+00	2.7040E-01	0.016	0.0001	1.6900	0.9836	0.0164	
0202	1.6000E+00	3.3819E+00	3.5835E+00	3.7134E+00	8.6549E-01	2.0500E+00	2.7041E-01	0.016	0.0001	1.6900	0.9836	0.0164	
