2.057272924770602174e+02
2.028219726846426738e+02
1.985099471955244610e+02
1.946713942457167263e+02
1.900662217659992166e+02
1.855929477290911507e+02
1.812942906464536748e+02
1.772472086887645162e+02
1.725315947641609853e+02
1.676530714933261947e+02
1.623945138881159380e+02
1.576949552632850668e+02
1.525363844668014792e+02
1.467382635689918970e+02
1.411866661218558079e+02
1.361797271331199113e+02
1.300520216429650304e+02
1.226753477772403187e+02
1.171931013742575516e+02
1.123325423380336474e+02
1.081075296023787899e+02
1.037899102929994513e+02
9.931050709592317105e+01
9.548602802968169101e+01
9.129470597586832525e+01
8.730045161286199118e+01
8.358048063170139130e+01
8.008086143653423505e+01
7.689852471481012230e+01
7.392933996827318310e+01
7.120402437028289455e+01
6.874813607660450998e+01
6.644484545961954325e+01
6.430447618622295636e+01
6.235583574682839725e+01
6.052604745094257055e+01
5.883357244674056119e+01
5.719218830212851401e+01
5.560344220834694084e+01
5.408222089715473402e+01
5.262194805779908080e+01
5.125508390143725990e+01
4.997504680648155784e+01
4.865576831500220578e+01
4.731851642645045075e+01
4.607422935778298978e+01
4.480461534181397809e+01
4.352688636402195499e+01
4.211679087042510616e+01
4.069180621678306409e+01
3.928639395761035757e+01
3.776737349507462937e+01
1.500367357182483659e+02
1.477890158555659355e+02
1.441169949608480749e+02
1.399028198851612501e+02
1.358961407938091099e+02
1.320497582718196554e+02
1.283627819553838378e+02
1.241383787696978374e+02
1.200926577684274434e+02
1.162197918733886866e+02
1.125124930103657022e+02
2.286222424469722458e+00
2.308199890053460379e+00
2.417204068198079980e+00
2.424798430040459696e+00
2.315252347256953502e+00
2.211722022115980568e+00
1.089707338760438091e+02
2.111962534700851268e+00
2.017445276631493201e+00
1.927639999329287646e+00
1.840994364882338363e+00
1.759102084387498266e+00
1.680743330685977588e+00
1.605241031909506066e+00
1.534048573212571931e+00
1.465908088936223042e+00
1.400178968465651153e+00
1.051661703198236353e+02
1.338057385886593842e+00
1.279157290258633006e+00
1.222081676465941680e+00
1.168369724185369884e+00
1.117367729792687170e+00
1.068591507800453533e+00
1.021469832231498343e+00
9.772165028457434621e-01
9.349187881982190529e-01
8.947867142083110181e-01
1.014337863368501900e+02
8.562362248022599154e-01
8.193560266380190971e-01
7.835809854355619830e-01
7.498729981813306855e-01
7.175509895007264882e-01
6.868662235831466401e-01
6.574702945363043449e-01
6.293606904804261992e-01
6.030827994104202006e-01
5.817664037537209065e-01
9.706245747331261953e+01
5.573811769348286926e-01
9.246936071832001858e+01
8.851415315417148122e+01
8.430582567987559628e+01
8.102684898158061344e+01
7.740343604515099685e+01
7.411882200481281302e+01
7.111414688533376705e+01
6.841858847214541584e+01
6.602082183022460526e+01
6.378572392996420604e+01
6.171137722979693763e+01
5.980415870668630163e+01
5.799562229019218762e+01
5.630062594450443214e+01
5.466630038390540847e+01
5.310452052059183359e+01
5.168492328784661538e+01
5.027784877938810837e+01
4.897314627523510921e+01
4.771118037505582521e+01
4.656958003005105695e+01
4.548702129279494955e+01
4.446002428752694868e+01
4.348773438210893261e+01
4.250631304526483234e+01
4.159844179014800858e+01
4.074082594610432295e+01
3.987775576630536989e+01
3.908989325000730730e+01
3.837905192019432121e+01
3.766753317310622862e+01
3.696078558766704703e+01
3.633691214402454506e+01
3.572375559453055871e+01
3.512276370631700217e+01
3.453537594138060030e+01
3.403016824786651995e+01
3.353007496026863521e+01
3.303398015111213937e+01
3.253312143939366052e+01
3.202441755657309841e+01
3.141696004469193326e+01
3.078846738959257223e+01
3.013281323029952219e+01
2.936820602388648993e+01
2.849198192131034801e+01
2.750483880177728224e+01
2.644021340469663883e+01
2.531965000539326383e+01
2.425625263649837038e+01
2.316379741406031911e+01
2.206017734093008897e+01
2.103257493458711735e+01
2.001177788342065611e+01
1.906739823178624604e+01
1.813373864990929718e+01
1.729364984794257509e+01
1.647439147547995120e+01
1.594385289436368147e+01
1.497408064699969898e+01
1.428077993768374832e+01
1.360493782770581461e+01
1.334288349873093971e+01
1.238721607963105598e+01
1.182121415301693901e+01
1.139835775839489074e+01
1.076768815960163472e+01
1.026245917180421685e+01
9.886936623889779341e+00
9.345119606735705631e+00
8.882134025121406040e+00
8.646571426992004206e+00
8.107914050312253096e+00
7.738260020764005098e+00
7.415368315376928976e+00
7.064412642636425765e+00
6.780340986958240279e+00
6.449064711987021248e+00
6.185881833666496021e+00
5.832719636054963352e+00
5.551408646593534613e+00
5.294113118505420879e+00
5.091582664800741398e+00
4.821061609871057030e+00
4.600393322324590528e+00
4.407131624149312366e+00
4.195019769803548293e+00
4.009251608167994085e+00
3.826349530253283948e+00
3.645315519433387053e+00
3.479445596101157445e+00
3.320205971994488969e+00
3.168066835368999357e+00
3.020926301721446272e+00
2.886760762770166799e+00
2.754170823963353332e+00
2.627159837574954970e+00
2.507917031087022686e+00
2.394543070187260092e+00
1.288932519868266979e+02
1.274254758313660432e+02
1.251556936673465259e+02
1.229133150788583322e+02
1.206752869052802311e+02
1.184436374120102755e+02
1.156755079394447563e+02
1.128140534986685282e+02
1.094301265995415520e+02
1.058536490513088211e+02
1.019490257380113576e+02
9.775737950250322683e+01
9.283241405181068728e+01
2.216528978275137174e+00
8.891605857759748233e+01
2.117049209418037758e+00
2.022180876463370414e+00
2.088337007980665572e+00
2.186522207804032281e+00
2.265706927139858884e+00
2.163634746080056903e+00
2.067234951195803472e+00
1.974282162784192218e+00
1.886585065871784206e+00
1.801918217257658217e+00
8.547745179202307497e+01
1.722006642172078994e+00
1.645601458577363507e+00
1.572010893929080888e+00
1.502591089707312921e+00
1.435463739950266326e+00
1.372000474749949461e+00
1.311648026402990164e+00
1.253156672729158982e+00
1.197974533886753346e+00
1.145455756204337039e+00
8.278370481885134780e+01
1.095134702177071651e+00
1.046543628446007679e+00
1.000918527799334878e+00
9.571893318613353685e-01
9.149072221983033382e-01
8.752613156961779328e-01
8.373794680790285216e-01
8.015136651581066252e-01
7.671441276592504410e-01
7.337879649344151156e-01
8.019918373848463489e+01
7.026344878477142064e-01
6.728864953773243673e-01
6.445225323434341513e-01
6.178633301821879753e-01
5.948771207785169546e-01
7.732692762379478779e+01
7.732694988044002571e+01
7.763544253276258189e+01
7.805186504197277486e+01
7.844583236202933563e+01
7.856394537661168442e+01
7.849180301894621437e+01
7.709068243935443832e+01
7.502737276865950378e+01
7.284916661923971049e+01
7.066141550400472227e+01
6.856878757474177633e+01
6.646643156636298500e+01
6.435282912402593070e+01
6.250484687811982099e+01
6.069674984581249078e+01
5.908047258225705178e+01
5.754391690531331705e+01
5.599640548356400416e+01
5.462315965040168209e+01
5.333411553185477771e+01
5.208745858161191933e+01
5.086533737226675811e+01
4.978360067418173429e+01
4.867394526544848787e+01
4.761959327869255532e+01
4.662438343606267921e+01
4.563428344416512772e+01
4.470735539550744164e+01
4.385183581320390545e+01
4.295277477973385061e+01
4.212693808223062319e+01
4.136240009264479767e+01
4.054734740889502120e+01
3.967979618650232965e+01
3.887508617594193083e+01
3.805045514565868814e+01
3.723790770972054531e+01
3.644644315382468136e+01
3.579149950358432619e+01
3.517566860250220628e+01
3.463961171674456097e+01
3.411265113763555235e+01
3.361953232883436016e+01
3.309532343299329682e+01
3.201875697551230360e+01
3.207751583824002495e+01
3.152615483152766984e+01
3.096506184706952780e+01
3.041699173740167694e+01
2.987046942564314733e+01
2.934437636000984284e+01
2.884238768466898151e+01
2.837417821023064235e+01
2.792438718508427087e+01
2.750696143260621795e+01
2.711369899040812825e+01
2.674308857892681601e+01
2.639414846373493972e+01
2.612129680092175121e+01
2.586542732940778322e+01
2.563155364771773748e+01
2.540929266027075784e+01
2.520619585478421953e+01
2.501542518965914041e+01
2.483286604369326156e+01
2.465195231739651760e+01
2.442787855649410034e+01
2.418477436955667770e+01
2.391532391978878991e+01
2.356018537120759859e+01
2.310772940158534183e+01
2.255029988581644673e+01
2.189150566899232331e+01
2.108345473161339356e+01
2.022750357682965827e+01
1.934764976241461198e+01
1.845345932378219445e+01
1.756631890839107157e+01
1.673883525712453846e+01
1.592471818117175175e+01
1.516907031794757366e+01
1.442649951544260922e+01
1.377155739087485209e+01
1.314176025439738282e+01
1.253202329985099617e+01
1.177491619332933404e+01
1.142964223007798630e+01
1.086427643799017773e+01
1.038211856835457603e+01
9.908573183476127255e+00
9.450576491043838345e+00
9.139184047564793190e+00
8.604026538510149535e+00
8.214931360067479815e+00
7.901239235005593997e+00
7.478947081486617243e+00
7.132738361750880607e+00
6.817889024231254425e+00
6.512685469498901369e+00
6.192232432682504673e+00
5.888597815269907443e+00
5.616939110590061901e+00
5.366823666778762991e+00
5.075880692138324157e+00
4.919428229299697364e+00
4.672078920588908169e+00
4.468675536165600093e+00
4.244006721473739141e+00
4.057064520632600590e+00
3.877987710060225357e+00
3.710000785973505799e+00
3.526435963215230007e+00
3.364146229827070123e+00
3.219174659720170251e+00
3.071158220409298867e+00
2.926317398022996841e+00
2.798232401198737840e+00
2.669125185176309145e+00
2.548566969300812168e+00
2.432403161966397498e+00
2.320522609290781801e+00
1.288930023610569151e+02
1.275793527844985249e+02
1.251620380969749249e+02
1.226065523244566720e+02
1.193660107613318928e+02
1.152849395167556708e+02
1.110572361231545955e+02
1.060532272747280587e+02
1.009719281855637263e+02
9.570556902433391144e+01
9.177244180492719750e+01
8.852139395773382091e+01
8.518878048039131556e+01
8.263986585996350698e+01
8.010658184783463298e+01
2.346429883882311884e+00
2.242348046622006041e+00
2.139274767018791490e+00
2.040551856470005365e+00
7.760531226805818505e+01
1.954598823414746223e+00
1.864037959886758244e+00
1.942922004953699489e+00
2.034266463810503023e+00
2.092106937528785515e+00
1.997929851191638351e+00
1.909151507687800287e+00
1.823528557837985176e+00
1.742816337702945972e+00
1.664819243134006532e+00
7.513646748745384230e+01
1.591333507828817551e+00
1.520319256472673519e+00
1.453396236041289091e+00
1.388621887337355254e+00
1.327463300159797521e+00
1.269308377548819422e+00
1.212951766556334077e+00
1.159944939662682417e+00
1.109087782641378972e+00
1.059916617119436300e+00
7.278371161716282245e+01
1.013514321188742962e+00
9.694344055698373985e-01
9.265050990556147337e-01
8.861689563734704844e-01
8.477694701235533037e-01
8.109861825054068829e-01
7.753435897476995686e-01
7.419800202312005766e-01
7.101406504976741640e-01
6.800333760094566804e-01
7.061915079624415625e+01
6.512117603699514312e-01
6.872984797567913517e+01
6.733874467149551890e+01
6.806937886293955842e+01
6.887093624952848359e+01
6.982034642216990505e+01
7.074009439306638569e+01
7.160618973063371584e+01
7.232308113132080507e+01
7.287031300433896774e+01
7.322858258475008597e+01
7.344070835320900414e+01
7.160433053840714024e+01
6.930395662242946742e+01
6.763173825692840069e+01
6.608929080107834864e+01
6.457560170293426438e+01
6.312003096479953967e+01
6.149672774388739072e+01
5.999073143746004178e+01
5.855118186748096321e+01
5.714849812609488566e+01
5.578213903564196130e+01
5.444123758654852452e+01
5.328421863394086699e+01
5.205668246042436920e+01
5.093970219321104054e+01
4.987022586381192468e+01
4.881885638326831867e+01
4.783473126364998507e+01
4.687746948758386623e+01
4.595870658709043255e+01
4.487742341565495252e+01
4.328068808518030863e+01
4.325041103150228139e+01
4.238961260101165607e+01
4.149089658694347804e+01
4.069899814887971701e+01
3.990325657592858022e+01
3.920380798218319285e+01
3.847665841700435863e+01
3.771984259610169943e+01
3.705070911841943371e+01
3.639879846962006837e+01
3.571441156707070519e+01
3.506330024411851554e+01
3.433723864873719833e+01
3.377623031494560735e+01
3.324445584960852074e+01
3.264532751364371421e+01
3.202472913080822536e+01
3.146160957574397088e+01
3.083784169598531122e+01
3.025995612195142925e+01
2.977587760645165460e+01
2.932171294691072561e+01
2.885596458852130652e+01
2.837947103947639604e+01
2.791125025226880751e+01
2.741392805926385634e+01
2.688252795558265973e+01
2.633774765952139418e+01
2.581086537089588262e+01
2.531705236629983347e+01
2.484471853874272895e+01
2.447252693813175739e+01
2.420549589605784035e+01
2.386204888587108286e+01
2.354245050958312646e+01
2.332306360069027207e+01
2.296678606145590607e+01
2.261452674951502928e+01
2.225676612189910841e+01
2.192147404817171008e+01
2.160963879660967990e+01
2.132806987350681638e+01
2.107902633105688039e+01
2.086130612804787177e+01
2.067069411753061559e+01
2.050467914140584114e+01
2.036135030774475752e+01
2.023933462111142134e+01
2.013835615651744249e+01
2.005212770811732526e+01
1.998074365183833834e+01
1.992328386591192313e+01
1.987418105027459347e+01
1.981699441808654427e+01
1.975087686208272331e+01
1.966376265515437893e+01
1.951874877050026669e+01
1.932654390972651370e+01
1.904838367992262249e+01
1.862960986482147874e+01
1.806549902432082177e+01
1.743035179899409570e+01
1.670423480009683104e+01
1.596501578810547528e+01
1.525426763499120142e+01
1.455209104827453537e+01
1.388217695086819070e+01
1.324285328660073624e+01
1.262557602065129636e+01
1.202953466215650735e+01
1.115716093682966736e+01
1.090336213468559734e+01
1.044481196126355549e+01
1.038216411067667977e+01
9.504834954551464321e+00
9.057720732494313864e+00
8.656113034339041334e+00
8.260314913706372053e+00
7.988444494981299826e+00
7.618240503554665644e+00
7.178627892615404349e+00
6.912965169992438597e+00
6.604773211728567794e+00
6.232761654051036437e+00
6.025482522852423806e+00
5.661972291694913118e+00
5.491511979757231821e+00
5.199593633552091809e+00
4.969056068485484090e+00
4.750484314127954910e+00
4.540226982848291293e+00
4.319991888226890175e+00
4.128285657507392514e+00
3.905497114974260775e+00
3.733545395025724911e+00
3.581500887089722251e+00
3.415722659072172984e+00
3.258906077831238424e+00
3.108596329637225875e+00
2.967641298208251843e+00
2.827095920771258264e+00
2.696131239746995867e+00
2.573497728576441546e+00
2.455390803055761850e+00
1.294694882496177399e+02
1.278946389289827437e+02
1.239408074231043031e+02
1.190430186915805848e+02
1.140478630624004523e+02
1.081727471924498332e+02
1.030906660961743313e+02
9.788539129041079434e+01
9.344670301948779922e+01
8.983710043921132637e+01
8.618415736463865073e+01
8.343577931116249147e+01
8.068253210896439498e+01
7.796087377454446710e+01
7.527560947858489726e+01
7.259505074417751302e+01
2.091318247867371305e+00
1.997247160353811335e+00
1.906262615301307140e+00
1.821159407284584475e+00
1.738131644841052870e+00
1.662154760031990142e+00
1.730307659203582649e+00
1.811319777567709011e+00
7.087966212633808993e+01
1.857197986086750019e+00
1.774092957969398254e+00
1.695614842145622969e+00
1.619853765712431226e+00
1.548521025950201357e+00
1.479388291243376008e+00
1.414440713809545613e+00
1.351493380563265623e+00
1.292306786738396385e+00
1.235618072523729571e+00
6.919031661533593081e+01
1.180928370736397337e+00
1.129463094246629051e+00
1.079468101230965482e+00
1.032383917799471140e+00
9.875607481852318736e-01
9.439145195355674867e-01
9.028770406162858198e-01
8.637741057834413816e-01
8.262505149920550407e-01
7.899023899495338785e-01
6.752357959928494324e+01
7.557006903896573702e-01
7.232347197178888853e-01
6.921276758159085052e-01
6.620051931450744442e-01
6.338644159539423839e-01
6.591437825903945225e+01
6.436848442835602668e+01
6.292202906606787849e+01
6.108067241754987009e+01
5.990632717847932298e+01
6.077209204775800799e+01
6.169844388118650613e+01
6.273318744263924884e+01
6.381163283673831188e+01
6.485638726037537083e+01
6.576161890469366256e+01
6.651401456815403890e+01
6.708887689040064117e+01
6.749631680230194775e+01
6.786637942420959746e+01
6.569117914571918959e+01
6.385972058877023017e+01
6.237164360006478603e+01
6.090682479273878869e+01
5.944825516555491163e+01
5.810987482507997015e+01
5.685872894363158281e+01
5.557843956636085636e+01
5.429721843352302812e+01
5.308224802144344068e+01
5.185868555258944212e+01
5.071188305154612408e+01
4.958282424374827002e+01
4.849450455147805172e+01
4.744461544178248857e+01
4.642238757354885337e+01
4.548283530179686096e+01
4.446731964255708647e+01
4.363343313122216927e+01
4.277998873820248349e+01
4.191725370801361805e+01
4.112544794451799390e+01
4.029658242917313515e+01
3.944404603896202843e+01
3.872025588818437569e+01
3.796022579864015967e+01
3.716300790719899538e+01
3.653878291159639957e+01
3.587755948614222490e+01
3.520378653210853059e+01
3.442359682528650922e+01
3.378264423862544419e+01
3.304745032137619631e+01
3.250913988134773547e+01
3.193918194665042165e+01
3.133967898090430992e+01
3.076632812136507766e+01
3.017195884721244070e+01
2.959284957759874501e+01
2.897317755575631182e+01
2.838669064541210219e+01
2.774794597492202541e+01
2.712972008429107262e+01
2.667030109261328263e+01
2.622986494502226407e+01
2.581187675403643311e+01
2.537872722563976069e+01
2.493188375485327413e+01
2.449939776916790635e+01
2.407823742445082971e+01
2.361820138195293239e+01
2.320321675046815457e+01
2.274342235336484919e+01
2.223785031333977003e+01
2.184675715656600659e+01
2.140748448713783958e+01
2.098240816141276710e+01
2.054306073096500995e+01
2.008671518957271118e+01
1.959432034518990307e+01
1.909280716023684121e+01
1.864504391614565293e+01
1.826795470868620086e+01
1.796654528407748330e+01
1.771183583543598772e+01
1.751752569346478339e+01
1.733635767144342310e+01
1.713949809088690301e+01
1.694334115742290336e+01
1.675023904016216747e+01
1.657881836600909509e+01
1.642153275733498674e+01
1.628899287319991274e+01
1.612480421553604515e+01
1.601098515874526385e+01
1.593330175461636600e+01
1.589242908150278488e+01
1.588103716803901477e+01
1.589113654599477776e+01
1.591283433937771719e+01
1.592796939129304157e+01
1.591707575805567210e+01
1.586167717217272433e+01
1.575218046640360825e+01
1.553041213350367578e+01
1.524708743778813869e+01
1.484979727955851736e+01
1.427803563359978334e+01
1.365464537499114606e+01
1.301837187169665988e+01
1.238983180773916359e+01
1.178362417280207453e+01
1.121108579790187676e+01
1.067581254594986007e+01
1.018769130853589999e+01
9.707062269612148242e+00
9.265465365979949297e+00
8.829594947478803135e+00
8.427859500432516526e+00
8.029239880060615064e+00
7.678622279012798479e+00
7.330385167153393056e+00
6.996049480594964898e+00
6.676662391636301486e+00
6.416878457743887765e+00
6.121992198949948616e+00
5.824945889174063751e+00
5.501108258863681044e+00
5.360875427227223433e+00
5.107077433314668902e+00
4.815707040193403010e+00
4.604775378914075290e+00
4.395426687477222316e+00
4.183786533944592989e+00
4.017541725687771681e+00
3.820697398576708537e+00
3.646288110958770812e+00
3.479935732584963581e+00
3.314693118383943204e+00
3.175049332519816137e+00
3.040076061958208786e+00
2.900653527321015002e+00
2.765991428663042484e+00
2.643994888848634872e+00
2.520747154315363669e+00
2.403749211676472708e+00
2.294364128612416565e+00
2.191210932342100737e+00
1.292811744340944813e+02
1.270235542240292688e+02
1.208416513240156291e+02
1.151130500123458944e+02
1.094982181193545756e+02
1.037947267241166003e+02
9.902096096130225078e+01
9.416344574782462473e+01
9.023984163914468581e+01
8.627399109293631341e+01
8.338136635579962785e+01
8.045161655871424955e+01
7.760550189707413438e+01
7.478304881702001694e+01
7.199593829527795208e+01
7.017013875417025304e+01
6.838969736414432532e+01
1.796112948883034299e+00
1.716784506480521388e+00
1.639948096325009930e+00
1.567604798377920217e+00
1.497933993139504150e+00
1.431221223014000676e+00
1.368441422468715807e+00
1.307652339296159871e+00
6.664089950109944027e+01
1.250288796120637924e+00
1.195804098613672428e+00
1.142942486922239542e+00
1.093286831678354831e+00
1.044987292726671235e+00
9.994899048023376809e-01
9.562241392657309103e-01
9.141233813672974273e-01
8.744107011977689803e-01
8.367311707739071291e-01
6.492411748530703619e+01
7.999437787760923513e-01
7.653777510939959727e-01
7.324823132399725933e-01
7.009178151409972690e-01
6.703022172688067881e-01
6.418235332332871135e-01
6.147664817803464299e-01
5.889306099531801397e-01
5.640142358066848605e-01
5.413005206116011658e-01
6.325774287459452694e+01
6.163575155900660718e+01
6.005820776670726957e+01
5.856902595866440464e+01
5.717469799919686579e+01
5.535564826138043770e+01
5.420310695125506584e+01
5.501025814110727907e+01
5.591158745013100173e+01
5.696203865173564651e+01
5.805311672841875037e+01
5.913103967959168727e+01
6.011473569236203929e+01
6.097284883470843653e+01
6.165670855577671006e+01
6.217129104958248575e+01
6.273475479528049448e+01
6.185746223208644778e+01
6.000994679037683710e+01
5.813300379774251070e+01
5.664456104794633973e+01
5.509941450738237023e+01
5.377759003701688556e+01
5.249618045580097458e+01
5.131990447801114641e+01
5.016109633910680543e+01
4.908613443297014101e+01
4.798009163539328625e+01
4.689704587895801779e+01
4.589873269055175342e+01
4.495611558469051516e+01
4.397890355551244568e+01
4.305397816670542710e+01
4.218904859570524479e+01
4.128041717712091696e+01
4.044245755978246848e+01
3.970097040620896678e+01
3.892089839638510540e+01
3.809515045216503637e+01
3.738846476885458259e+01
3.664651332985276611e+01
3.589158427112915462e+01
3.525127937972216330e+01
3.459800820644177577e+01
3.392172769545963718e+01
3.321935076762353134e+01
3.250958975296235565e+01
3.195601255765283710e+01
3.138397138533468222e+01
3.080568758725269163e+01
3.020719683680202294e+01
2.960195475317405567e+01
2.898153169843829247e+01
2.834685260396051731e+01
2.770120024341827403e+01
2.726066180701836217e+01
2.680413437855482428e+01
2.636279740845725428e+01
2.588600008088397431e+01
2.540994092466718612e+01
2.496352581453154684e+01
2.448453426583202486e+01
2.400781780443189106e+01
2.349523734297299171e+01
2.300976107713456997e+01
2.251105529807152195e+01
2.197254179733837987e+01
2.149177935650602578e+01
2.095011262549637365e+01
2.046174903901908237e+01
1.990021410602763652e+01
1.939116099544735405e+01
1.884124022200526127e+01
1.853685541658821734e+01
1.830727117513907842e+01
1.804646532034701778e+01
1.779275415950111494e+01
1.751778002364466502e+01
1.725201967042517026e+01
1.696152774911225336e+01
1.669849146012410657e+01
1.643341686193637941e+01
1.616582188193073932e+01
1.590529943385330469e+01
1.564869960745506106e+01
1.537321448886583752e+01
1.508213171726506907e+01
1.478228342971636167e+01
1.447758863157485365e+01
1.421647659464729330e+01
1.377197354513816308e+01
1.378017700628978659e+01
1.363053592830539351e+01
1.351105888256639176e+01
1.341327098817730423e+01
1.330902995631450558e+01
1.310863560979965747e+01
1.291523948645293629e+01
1.276238449604355729e+01
1.266100154466170657e+01
1.260308374249001417e+01
1.259542882808186981e+01
1.262725302719813669e+01
1.268282717133634563e+01
1.274267641563155706e+01
1.277666798313972762e+01
1.274236369264981583e+01
1.260882530408449576e+01
1.237545415160903239e+01
1.207349798627682169e+01
1.157747056283799125e+01
1.110443693105273155e+01
1.054549193519766526e+01
1.005710744246961852e+01
9.522696537122380178e+00
9.058173480760073559e+00
8.576786692603013407e+00
8.160247934470087117e+00
7.736351882153705617e+00
7.373675329273923218e+00
7.003192689513788594e+00
6.689158506349380140e+00
6.372159690860690340e+00
6.062279599247840878e+00
5.763508477998039226e+00
5.548034963148417376e+00
5.241185370510572206e+00
4.990351726328283277e+00
4.760947447136126165e+00
4.533901729646745871e+00
4.333874754308046029e+00
4.121802500313969553e+00
3.932193714514101046e+00
3.822696038531068652e+00
3.609408894791428235e+00
3.421177075458224248e+00
3.266150711971430365e+00
3.123796644011779922e+00
2.991651783653197505e+00
2.845806469342989420e+00
2.726240303891178218e+00
2.597483648285174418e+00
2.477346334626300717e+00
2.365337142799803338e+00
2.258327283081881465e+00
2.154331541237773262e+00
2.058586172969057770e+00
1.966180044338426081e+00
1.878808532639816731e+00
1.794544512071084341e+00
1.715345089726855621e+00
1.682459112850080318e+00
1.760436887583456178e+00
1.291716062086065051e+02
1.257270408865755371e+02
1.206789591140378519e+02
1.153393273494950790e+02
1.092266441892795967e+02
1.041062868998648128e+02
9.892880789510600437e+01
9.476069339710174688e+01
9.057796820758991885e+01
8.639828268615892171e+01
8.332571360806150551e+01
8.026060509539860277e+01
7.723897916467976188e+01
7.430077913338936924e+01
7.140417686932866559e+01
6.951883673488630677e+01
6.766691018428097948e+01
6.584524346910284009e+01
6.407599814351017642e+01
6.231468623067251400e+01
6.061954141570115695e+01
5.895756154014310368e+01
5.736857754070548765e+01
5.584193525105254707e+01
2.031904509619005594e+00
1.948298814147658486e+00
1.868037849832841157e+00
1.791280679218743233e+00
1.716750854799059312e+00
1.645149925337773711e+00
1.577830682471578427e+00
5.436173697853902809e+01
5.298178922125210732e+01
5.177310954133742626e+01
5.032090658861758925e+01
5.029097922540670851e+01
5.102878172491760722e+01
5.197908696473616175e+01
5.307234183466001554e+01
5.419021932942972342e+01
5.525477409420170716e+01
5.626387241878853729e+01
5.709994036857572297e+01
5.778428387141449463e+01
5.829883631013301226e+01
5.896234058716417081e+01
5.750656208501278854e+01
5.560523317862605097e+01
5.378834101572488180e+01
5.235630218207860054e+01
5.082788944251845464e+01
4.944290998524157743e+01
4.824289182886857219e+01
4.718220109768498816e+01
4.608007454078281029e+01
4.503400602156638399e+01
4.410422085686806781e+01
4.311333768802644073e+01
4.222483308104478539e+01
4.133032395162678796e+01
4.042765944545467960e+01
3.960530048486898380e+01
3.875942824110278906e+01
3.797717633173612484e+01
3.716087841340608833e+01
3.641639113606963463e+01
3.566635910636906459e+01
3.501052983601832835e+01
3.432530169584772750e+01
3.361266500747962027e+01
3.302385642015816813e+01
3.241119095913376214e+01
3.178789942794075785e+01
3.113894719005225298e+01
3.046837967950235182e+01
2.993785311448734632e+01
2.940061141060390426e+01
2.886448831307942342e+01
2.829976974041226256e+01
2.774552240438464068e+01
2.715523035058810564e+01
2.656092281756648887e+01
2.594214174847617116e+01
2.550895227677358079e+01
2.509517179771846429e+01
2.465509511776338769e+01
2.421066022668360773e+01
2.376704289913109136e+01
2.331409154981245635e+01
2.284749849174430381e+01
2.238140224186907545e+01
2.189946195048331035e+01
2.141775073669326090e+01
2.092146838407407117e+01
2.042149628358158964e+01
1.989428271604847964e+01
1.938307372160607400e+01
1.887190941802404964e+01
1.836602337560549358e+01
1.808851995874809759e+01
1.779141279789524432e+01
1.755082010621003619e+01
1.725862025043043602e+01
1.699893622289019390e+01
1.671035219385964865e+01
1.642601557011012403e+01
1.616692722175615060e+01
1.588684004852642850e+01
1.560367215334634139e+01
1.533510716947709973e+01
1.504477114948682015e+01
1.476558367627812096e+01
1.445700090302307395e+01
1.416706701262617329e+01
1.388581045996265040e+01
1.361834615632023571e+01
1.332410669009484927e+01
1.306563946328586567e+01
1.276791086861917535e+01
1.248536002440755155e+01
1.221333754093114088e+01
1.191064320288525735e+01
1.161540442264152517e+01
1.129617469526078466e+01
1.102643601660779460e+01
1.080056800069828071e+01
1.066401049502793263e+01
1.055167241162410896e+01
1.046548671344130277e+01
1.037806492492940080e+01
1.028692528631425063e+01
1.021072710545627693e+01
1.015118003427273585e+01
1.010784134217202990e+01
1.008428012569321375e+01
1.007874779862355830e+01
1.009183751686581054e+01
1.012182695869443094e+01
1.016145172834176869e+01
1.020349119998747511e+01
1.024442736896950201e+01
1.027209764222231847e+01
1.027676592989913651e+01
1.024187269073385664e+01
1.003162199835833590e+01
9.651824513826797514e+00
9.202753008341312935e+00
8.775104768631916130e+00
8.408672537016441240e+00
7.955678675759644491e+00
7.577525269512756623e+00
7.147543411312996753e+00
6.778569204159176742e+00
6.458351179976203227e+00
6.107730980742943849e+00
5.805440917121997835e+00
5.538956664137298702e+00
5.258570613755465750e+00
5.011547027124637843e+00
4.756944139565390195e+00
4.532897077435211308e+00
4.303760287023484565e+00
4.100623725164822986e+00
3.897551128056131908e+00
3.694969212848337570e+00
3.534590530874547554e+00
3.375287329931610181e+00
3.216775581110104643e+00
3.056762514030695765e+00
2.916305111152004415e+00
2.780236763584163828e+00
2.660058339547924255e+00
2.530704341171857497e+00
2.420840840325747312e+00
2.304334517602159682e+00
2.198800622979885766e+00
2.102426075705541741e+00
2.002212995965399589e+00
1.919204206410994207e+00
1.836413220249303979e+00
2.192420341877286738e+00
2.455264538890291615e+00
2.656959426530767665e+00
2.841924729965126240e+00
3.009523258848064931e+00
3.161993437886153835e+00
3.302841178014011447e+00
3.547413314854839239e+00
3.757853852277288187e+00
3.942656886893374235e+00
4.185654813914826633e+00
4.400683206219629717e+00
4.663011340684987793e+00
4.906710945911218147e+00
5.184095991654027458e+00
5.420532301440504241e+00
5.652895715435411361e+00
5.412562008290963789e+00
5.156548588593230065e+00
5.244191548640526612e+00
5.498014999363835642e+00
5.739536710194545144e+00
6.011140778489253655e+00
6.295986517260338644e+00
6.596252338018985029e+00
6.900443181605484533e+00
7.202440604008547353e+00
7.481080435344965807e+00
7.681709576872606249e+00
7.769515178094423824e+00
7.767429470341553177e+00
7.710688604277616598e+00
7.611382034704354815e+00
7.334134743157717296e+00
7.018852519179081817e+00
6.719435269439255620e+00
6.432878450579186946e+00
6.149918656272212125e+00
5.879450695356089440e+00
5.620006510091407392e+00
5.374292501282884160e+00
5.139317729452426597e+00
4.912327739196969745e+00
4.697440111055087186e+00
4.492505085166350831e+00
4.294104117732887360e+00
4.105443024203681013e+00
3.942497845776036236e+00
3.772356868664812346e+00
3.630576289248205413e+00
3.472769462246343419e+00
3.336333627625136078e+00
3.189661237678658612e+00
3.096468812133985615e+00
2.963356992929086609e+00
2.860342843886086950e+00
2.737940105573171135e+00
2.717311333570206600e+00
2.632692289589838364e+00
2.526798764567238287e+00
2.417816553371869848e+00
2.406497317397580993e+00
2.487104179847675400e+00
2.413514651764622876e+00
2.311025793974284426e+00
2.214784085845238337e+00
2.121680426761460847e+00
