2.030877180406803859e+02
2.006588786388322205e+02
1.973027339895886314e+02
1.943604014545378220e+02
1.915740522521465721e+02
1.883775769149443420e+02
1.850853449564082496e+02
1.816258287975032886e+02
1.778905687925982022e+02
1.740002517120377092e+02
1.698095065995566983e+02
1.652506666713603352e+02
1.613303061742127511e+02
1.570942761263241039e+02
1.523831167739882630e+02
1.469272360843050649e+02
1.419213002839967714e+02
1.359584161737178931e+02
1.288582764810116146e+02
1.536836610171080224e+02
1.514626808571142647e+02
1.469970003512818550e+02
1.429829873578454169e+02
1.383595781607106687e+02
1.340156164404765491e+02
1.298763322221030592e+02
1.253389465585292157e+02
1.205275120243715321e+02
1.154768893764389901e+02
3.569470684809230132e+00
3.445643168773822929e+00
3.289454531649673719e+00
3.140718283506708008e+00
2.998807423445309706e+00
2.863475814922495477e+00
1.106357687570506840e+02
2.734537526664694962e+00
2.611457091259192786e+00
2.494478813078653712e+00
2.382585683691159861e+00
2.275757228360837825e+00
2.173909226203572409e+00
2.076536036850657130e+00
1.983814544119741674e+00
1.895331034754887289e+00
1.811358068026111434e+00
1.061442413357175809e+02
1.730780237936310861e+00
1.653889954108923810e+00
1.580350356336018613e+00
1.510228782544616788e+00
1.443661651365037102e+00
1.379665296513475026e+00
1.318682769164180035e+00
1.260208355486288623e+00
1.204572423601272257e+00
1.151916572448975717e+00
1.014787909626532496e+02
1.101314442965323881e+00
1.052865147780413846e+00
1.006960171638098256e+00
9.631515332054023659e-01
9.217975213729768802e-01
8.811006947183692706e-01
8.440902011017974438e-01
8.075899610658582306e-01
7.728633901175364640e-01
7.395891237511558192e-01
9.648408988356283089e+01
7.077320162751395971e-01
6.776423564994127346e-01
6.486487095872214281e-01
6.212303147689909322e-01
5.957137609149115720e-01
5.754238936433748730e-01
9.238346933503068215e+01
8.814108729771410822e+01
8.446552086411561788e+01
8.074890318982872373e+01
7.731259377971497315e+01
7.412562896596521966e+01
7.119302242002380865e+01
6.849652997524192699e+01
6.604845198520627036e+01
6.382687746115040994e+01
6.180459635471774504e+01
5.995017722730766963e+01
5.828090002182305085e+01
5.676179063187571217e+01
5.535299878685022179e+01
5.406846325775092055e+01
5.285514654127248946e+01
5.178876926950906778e+01
5.082347401073899107e+01
4.988415772522915148e+01
4.899552284132421676e+01
4.822252804717380315e+01
4.742471270675555672e+01
4.667385508120692350e+01
4.598550787992767397e+01
4.527242236835085265e+01
4.461250698287585692e+01
4.393331359443696726e+01
4.321620564922453411e+01
4.245663635261480096e+01
4.176669785686234349e+01
4.094184433077013097e+01
4.006966964278694832e+01
3.917437746094217488e+01
3.824392064116604928e+01
3.717595710207567805e+01
3.597657341382409157e+01
3.466681126333083540e+01
3.326900278814723322e+01
3.182435155611149113e+01
3.044557696003490577e+01
2.903998944038670871e+01
2.763550312168187162e+01
2.633695044805071461e+01
2.509031166140718483e+01
2.387775867529096274e+01
2.274437118415291081e+01
2.168438419853931620e+01
2.061371983857443624e+01
1.980404072894242162e+01
1.876897131629475624e+01
1.787827536686894447e+01
1.707552197514925751e+01
1.629208237019563299e+01
1.554827777230105035e+01
1.545971181893428970e+01
1.415722764682219115e+01
1.345015741430247758e+01
1.331904081204362278e+01
1.234806633678442189e+01
1.190399134881746157e+01
1.121592954734316017e+01
1.069041839381037029e+01
1.026452084245054941e+01
9.706226990728954007e+00
9.264389501018740702e+00
8.813668498361773018e+00
8.460086705830356379e+00
8.036970380905833267e+00
7.657267174984597524e+00
7.289671014851458075e+00
6.955118194537564413e+00
6.640691354024048643e+00
6.333064304980320358e+00
6.055279343124666980e+00
5.765551298305181760e+00
5.512439945298382327e+00
5.247795610694870660e+00
5.008361607229852019e+00
4.780036064405475571e+00
4.560268009630240371e+00
4.349392546877492549e+00
4.151992284456506255e+00
3.960506414678939713e+00
3.783059381480163186e+00
3.613078767472438724e+00
3.446562308982443756e+00
3.288855193602818083e+00
3.254917324816486435e+00
3.408830240472313200e+00
1.174667576122326409e+02
1.158237422922383928e+02
1.124558751795992748e+02
1.092992968201413078e+02
1.056049330806842903e+02
1.019695506071536784e+02
9.771186221971731811e+01
9.303636719553664136e+01
8.835706403816872978e+01
8.443398918535771713e+01
8.110657973335503357e+01
2.983918767108198367e+00
3.124240367608251301e+00
7.856742237731467071e+01
3.262138118330764947e+00
3.114673612199283514e+00
2.974457946957751453e+00
2.840583949809511566e+00
2.713024899798301526e+00
2.591328864039813329e+00
2.475106175958319277e+00
2.364395876325391388e+00
2.258696647990824591e+00
2.158231899184932523e+00
7.656905178455302519e+01
2.061993658728579426e+00
1.970170538577145747e+00
1.882578684043483497e+00
1.798813868387699300e+00
1.719075587284878193e+00
1.642904707503540118e+00
1.570615629064620933e+00
1.501252946903053553e+00
1.435040986215847525e+00
1.371586875527935012e+00
7.438435967001258575e+01
1.311177586329385969e+00
1.253420871709174822e+00
1.198649221488577332e+00
1.146081222128246369e+00
1.095563511553042213e+00
1.047540702636342358e+00
1.001635815240995431e+00
9.582244690852985691e-01
9.164325190765429952e-01
8.763807620317323188e-01
7.223626310436792153e+01
8.383915718697939612e-01
8.021217931122944789e-01
7.679038121928244420e-01
7.349487464054076380e-01
7.035294335020233492e-01
6.735701097955064665e-01
6.449616398677545659e-01
6.179870978889185906e-01
7.034351067865597429e+01
6.784453370952628859e+01
6.722775364522608754e+01
6.691928473270641575e+01
6.654806383944901427e+01
6.595369656445099338e+01
6.537699567070546891e+01
6.378118363645336331e+01
6.229020530299021630e+01
6.104739035471146735e+01
5.974481691555462959e+01
5.835921554349515361e+01
5.685088112403851568e+01
5.534771506435595256e+01
5.375645202838173020e+01
5.242441406864863040e+01
5.100287799715655268e+01
4.962071874551453021e+01
4.832013708966150745e+01
4.710065914211179461e+01
4.595105137093723613e+01
4.488718738463357028e+01
4.388309511006487185e+01
4.298119572732055360e+01
4.211383492895855341e+01
4.131512816205223260e+01
4.059979645403761594e+01
3.992439410848431436e+01
3.929488932901255538e+01
3.869424748757658250e+01
3.814355035594093124e+01
3.764166600384979944e+01
3.719295809665087660e+01
3.675079899856606858e+01
3.636635881918068236e+01
3.599168477943164390e+01
3.567318563539998877e+01
3.536556676346469175e+01
3.511105831951304168e+01
3.486609573008286844e+01
3.462569670879537398e+01
3.438624683529551618e+01
3.414398244458341480e+01
3.388884352468991068e+01
3.361290200516343418e+01
3.330946827622017992e+01
3.296769079151806636e+01
3.258615646893016304e+01
3.215881998779952511e+01
3.162013584810968680e+01
3.103358212510408265e+01
3.032856996735556265e+01
2.951190369685574311e+01
2.858909137236807751e+01
2.749446901111318553e+01
2.636096174411571624e+01
2.520227320031824547e+01
2.404285220459620831e+01
2.288652315365040479e+01
2.180799562664636682e+01
2.080224676035740927e+01
1.981814535673052546e+01
1.888823843138398217e+01
1.802080355521941968e+01
1.716819785260715037e+01
1.631629753984254805e+01
1.561219650942974013e+01
1.470450812048690281e+01
1.419293070415064939e+01
1.355553058474314909e+01
1.301167231156781057e+01
1.254301392867836462e+01
1.180615426934949852e+01
1.134155942714769516e+01
1.067048427918172138e+01
1.022911542902614279e+01
9.751207191856373413e+00
9.299869501217383316e+00
9.038122222896118885e+00
8.471279178044545333e+00
8.074358289978194492e+00
7.728092142392510411e+00
7.361677233693269429e+00
7.046441009912379094e+00
6.693294667640598661e+00
6.397022937804834442e+00
6.084455529322691625e+00
5.803684354631169384e+00
5.553382347030749067e+00
5.294241567902135515e+00
5.060516140038089361e+00
4.815828841033539476e+00
4.607832832565993186e+00
4.383704165433744748e+00
4.191277274884176229e+00
4.000820797891442737e+00
3.821326261822557857e+00
3.642036621799623397e+00
3.477291276089938155e+00
3.320222308639138031e+00
3.169716030286635622e+00
3.025573092112272988e+00
2.889161491181376107e+00
1.092909800294680451e+02
1.081274764314660075e+02
1.053400625235020129e+02
1.017246799431500648e+02
9.737065669818953495e+01
9.262760258762601495e+01
8.841882598298353457e+01
8.488757254893272375e+01
8.188573083294610910e+01
7.899641446584195137e+01
7.600325760624366467e+01
7.382768036141941081e+01
7.159420560835332026e+01
6.942529090750339549e+01
2.896763026401337093e+00
2.767115693666031273e+00
2.641552744772266426e+00
2.746675665490002416e+00
2.875256515869994089e+00
2.876850115651452100e+00
2.747815014339679340e+00
2.624727232568584423e+00
6.714760030530246127e+01
2.507331028461639022e+00
2.395375026567917676e+00
2.288521515296551456e+00
2.186521925225661800e+00
2.089200474272096653e+00
1.996255095937263579e+00
1.907433003596601395e+00
1.822935251362532538e+00
1.742239789711801379e+00
1.665162421580804297e+00
6.567794265982954016e+01
1.592085060862253654e+00
1.519728462945724168e+00
1.454492266992797989e+00
1.390323680818921881e+00
1.329288735946039912e+00
1.270959304955282532e+00
1.215572069925158649e+00
1.162315202420868943e+00
1.111427443418236516e+00
1.062662014842050695e+00
6.426336769846305685e+01
1.016235757656665628e+00
9.718478333512043932e-01
9.298502829043541196e-01
8.893494523579590361e-01
8.504930842629935261e-01
8.135663605758283179e-01
7.782554917023224439e-01
7.449419462742090658e-01
7.128716792868772245e-01
6.285344943136493612e+01
6.142573558842487813e+01
6.002240826091731662e+01
5.869637155221563773e+01
5.739486268576464312e+01
5.612332169180670149e+01
5.495450431360283972e+01
5.347207978001913631e+01
5.311059967977096363e+01
5.358464723873076707e+01
5.419253665151875765e+01
5.488282169242621933e+01
5.558830957655592186e+01
5.623824118320748511e+01
5.680678655579147573e+01
5.725035745559799949e+01
5.759209394700720708e+01
5.776725652131977995e+01
5.789098230343262941e+01
5.583751640498377355e+01
5.454775814568062486e+01
5.327635051627682117e+01
5.214618571554335347e+01
5.117225221318728501e+01
5.013171704048053812e+01
4.907997205720509015e+01
4.806788489520813812e+01
4.705133598889195667e+01
4.609346561431438971e+01
4.515247119130770415e+01
4.425323600856997075e+01
4.337156200543400786e+01
4.251409534097923171e+01
4.173033428342939288e+01
4.096763307684000210e+01
4.016585888210138222e+01
3.938273075087469977e+01
3.854850750931210968e+01
3.779852937188951501e+01
3.702055489548057921e+01
3.632259994979014550e+01
3.572320642189461637e+01
3.515336473546915386e+01
3.462852357554014304e+01
3.415086130054395852e+01
3.370846603404524444e+01
3.323450362121084822e+01
3.277012694230960932e+01
3.228789951394213631e+01
3.179254914362067552e+01
3.136461152087926152e+01
3.094793128134908144e+01
3.054035567346001656e+01
3.015941974446799989e+01
2.979835594783219932e+01
2.946604906069354257e+01
2.916403989164317778e+01
2.888979317347858355e+01
2.863940470077179867e+01
2.845907391205365400e+01
2.829281644657491057e+01
2.814674657833920790e+01
2.801910465770252401e+01
2.791485741410084032e+01
2.783101316346093768e+01
2.776778051198121844e+01
2.772184980687077527e+01
2.768670057537580931e+01
2.765667481278330087e+01
2.762239790092507263e+01
2.757272261024043658e+01
2.750003831518269948e+01
2.739445014028938985e+01
2.724993450470981315e+01
2.701970958293216540e+01
2.673237877660656636e+01
2.633477291244772900e+01
2.582608364048284599e+01
2.520490655206947395e+01
2.442051041945243384e+01
2.356571321991186352e+01
2.259707854265812443e+01
2.165333418769408524e+01
2.068516439031120058e+01
1.974508388245770263e+01
1.884034223894526505e+01
1.797139907766229783e+01
1.714884945411194295e+01
1.634548761618730950e+01
1.558230749686006611e+01
1.477359352131707659e+01
1.417322503008461965e+01
1.350118743988993941e+01
1.286890623892546870e+01
1.228552491391098123e+01
1.174744182516975322e+01
1.121310715858707141e+01
1.068535041875509428e+01
1.027094776713868995e+01
9.750608008732877252e+00
9.303815736606352971e+00
8.916246069901200499e+00
8.604698486808949554e+00
8.118176312252533222e+00
7.727375219911532866e+00
7.393473858081430095e+00
7.034965567262277730e+00
6.696888312669368126e+00
6.362692761204765013e+00
6.094656551757680063e+00
5.816194029544154098e+00
5.572007956041667320e+00
5.290413744498266624e+00
5.049343718780725965e+00
4.816811550268960573e+00
4.619393910322891372e+00
4.393493997753910030e+00
4.200379120938317001e+00
4.016778645146523274e+00
3.828226918839689130e+00
3.653568065421068489e+00
3.488379452752061738e+00
3.328312014225728976e+00
3.181044484560870966e+00
3.031904128599939519e+00
1.097737198937757910e+02
1.083481820064122729e+02
1.028238490279231456e+02
9.811875351295297776e+01
9.398163921690225209e+01
8.976641237515464411e+01
8.641547184713905949e+01
8.306640215896428003e+01
7.976763260714636772e+01
7.727512397272076328e+01
7.484684150555474957e+01
7.236193033803219521e+01
6.997770690777700509e+01
6.750361773528186404e+01
6.589664625412032706e+01
2.429330935659728130e+00
2.320291253967631473e+00
2.301244180592314947e+00
2.408299613837364905e+00
6.434422436087251640e+01
2.496490857760386817e+00
2.385271305591451618e+00
2.279101873959406888e+00
2.177786414847144414e+00
2.080951005083331307e+00
1.988627963211764937e+00
1.900539254912090747e+00
1.816369328641101788e+00
1.736086467295411273e+00
1.659278558635856271e+00
6.277576652299176629e+01
1.586189829587778766e+00
1.516391471740326180e+00
1.449713453685012921e+00
1.386497382773855813e+00
1.325681912038781274e+00
1.267614892400884319e+00
1.211958884197846364e+00
1.159036254664404852e+00
1.108437820440661303e+00
1.060475761955651519e+00
6.120739625943301832e+01
1.014320966643694977e+00
9.702075989803619072e-01
9.278673428674624191e-01
8.875872477098561975e-01
8.490409665672399298e-01
8.125966454964158592e-01
7.774228887890953787e-01
7.436433485642303109e-01
7.115412708283417320e-01
6.808683145208611620e-01
5.965535244902726930e+01
5.810290808370685767e+01
5.663664451073933037e+01
5.516569108548628009e+01
5.363874954476628432e+01
5.224771704915325898e+01
5.090480814759481376e+01
4.958349134629307997e+01
4.838515788299572051e+01
4.735451379585965981e+01
4.606118615460989218e+01
4.598274546308257982e+01
4.649854196092356773e+01
4.719347420500896106e+01
4.802108244672951542e+01
4.853313050340289436e+01
4.888406937187030366e+01
4.934855213368130933e+01
4.973485430128474150e+01
5.014025338321751235e+01
5.080200331272210690e+01
5.133115845881278716e+01
5.176997280352109243e+01
5.203171523513467633e+01
5.205260938743170840e+01
5.053614708931389998e+01
4.961405421291948414e+01
4.808073289362421576e+01
4.701128875215836445e+01
4.592720891275151729e+01
4.500150937339115842e+01
4.408843145785487394e+01
4.318288553447094102e+01
4.237594353021245297e+01
4.151524221964421457e+01
4.075108315234894008e+01
3.991594960655177005e+01
3.912835312594116743e+01
3.840051846335384766e+01
3.757546802930078655e+01
3.689417658183484861e+01
3.622705127223341748e+01
3.550713074365683042e+01
3.493707660044166374e+01
3.426954907534705796e+01
3.362351827366975954e+01
3.303302580012714884e+01
3.237574698448562316e+01
3.181547164110936166e+01
3.129929110192536257e+01
3.079233208135007871e+01
3.023660569357861050e+01
2.969407854159520355e+01
2.926623037828931118e+01
2.881676021693016665e+01
2.837016628815580077e+01
2.791134552995918128e+01
2.741778066653947121e+01
2.689191655688890847e+01
2.631874577617441702e+01
2.577850364240494940e+01
2.525522375451380341e+01
2.478710319843252208e+01
2.439542722245426987e+01
2.406513092545744570e+01
2.379430430575444433e+01
2.352184022303299571e+01
2.324006446170501405e+01
2.296115206196531844e+01
2.267582364098672087e+01
2.241419403875660166e+01
2.217046177941668716e+01
2.196593741794611176e+01
2.179894228192531713e+01
2.167260048242431125e+01
2.157958405136836078e+01
2.152337824709051972e+01
2.150748728431303292e+01
2.152063244214224014e+01
2.154361344749391804e+01
2.158563893190232008e+01
2.164230126090146200e+01
2.170814023851554353e+01
2.177997005264622388e+01
2.184585692027317450e+01
2.189359308855470587e+01
2.191231855489998281e+01
2.188759316461102600e+01
2.180961820144010943e+01
2.167378993132916065e+01
2.136304823451012069e+01
2.094956980311573247e+01
2.046584420606223631e+01
1.977221097076682454e+01
1.906867922522461711e+01
1.823162169286148782e+01
1.746222281562076262e+01
1.663445186719436464e+01
1.579381563391823029e+01
1.506349605789223922e+01
1.434246253313179764e+01
1.363284749708188137e+01
1.298033257008065000e+01
1.238077773014718908e+01
1.177285809384966520e+01
1.123486840811298215e+01
1.069932564771990258e+01
1.022724304717839239e+01
9.767328644128326687e+00
9.582714732982347883e+00
8.914633554422053408e+00
8.494119566016735234e+00
8.390407825292259147e+00
7.731204248479125241e+00
7.437335544070448279e+00
7.040447314741071771e+00
6.685640186921799177e+00
6.537227482015224744e+00
6.135933195551543484e+00
5.887711516283948399e+00
5.581476865328494519e+00
5.335323986108720717e+00
5.127207518661543340e+00
4.851649362370488383e+00
4.628379686538456994e+00
4.422955729859718410e+00
4.222579660225104448e+00
4.040782626876580075e+00
3.870104541372437090e+00
3.680875695222924016e+00
3.513785664082072824e+00
3.359515624959484636e+00
3.196664835134661153e+00
3.053492094696765857e+00
2.916028797112527382e+00
2.785062718053361142e+00
2.660712537043820269e+00
2.540957760915127928e+00
1.091132530469643740e+02
1.070327303932828187e+02
1.028953218471109778e+02
9.907185166230567575e+01
9.506802888350398462e+01
9.142718732908130619e+01
8.774519360036836702e+01
8.407213670370704506e+01
8.058044996158477602e+01
7.783666708754054753e+01
7.532477674591983430e+01
7.275774645235313187e+01
7.018939098058136494e+01
6.767372079076469049e+01
6.516267725924785736e+01
6.354017465726857239e+01
6.194297417813297102e+01
1.740706497182416879e+00
1.663976167880747647e+00
1.590743988827496569e+00
1.520815529600320515e+00
1.453820955870464671e+00
6.033127182590246917e+01
1.390092695024158331e+00
1.329206598491707858e+00
1.271072360398017409e+00
1.215491293149035590e+00
1.162864229471492150e+00
1.112196499231547397e+00
1.063828181267137296e+00
1.017437325685857541e+00
9.733012457170429066e-01
9.310734895680381484e-01
5.873896213366634811e+01
8.911030598939723157e-01
8.525309851910004566e-01
8.155034981064028798e-01
7.803030819079884717e-01
7.465812103800724131e-01
7.147262967079744955e-01
6.839534605015116231e-01
6.545552396645381021e-01
6.266100891236472403e-01
6.000557434499840248e-01
5.717868289008617921e+01
5.748237809268014198e-01
5.511151646325366249e-01
5.293966414194629655e-01
5.563084701048284586e+01
5.410199816447796906e+01
5.261261965834125220e+01
5.113008041786608970e+01
4.967364061000402131e+01
4.826713447368021548e+01
4.696083055593410904e+01
4.562347302915722480e+01
4.438753844915964919e+01
4.324974840707321988e+01
4.229727748353681704e+01
4.136492593092436465e+01
4.164584900656155497e+01
4.224468294204270791e+01
4.302347675629818013e+01
4.346396387232012870e+01
4.387057702770761836e+01
4.430714778769343098e+01
4.473569754969985013e+01
4.514783295512314965e+01
4.553816979124477626e+01
4.590434623590651597e+01
4.654777715898643464e+01
4.705123531720844454e+01
4.743865182755781262e+01
4.771423789084040123e+01
4.783298328501242480e+01
4.641141787343127589e+01
4.565060022682717999e+01
4.478069838141788495e+01
4.330409765751023343e+01
4.224698299122526635e+01
4.114810466107763887e+01
4.016950833040944957e+01
3.931303627604489748e+01
3.849266893708558968e+01
3.776239488192720728e+01
3.701463591999770841e+01
3.628819741707781077e+01
3.555297956275175864e+01
3.488031634532558201e+01
3.415008205563760413e+01
3.349111249887691599e+01
3.282518492467193738e+01
3.226703324820699947e+01
3.164033085267246292e+01
3.111742265058859758e+01
3.054990607672510095e+01
2.992457483081048508e+01
2.948021632883445875e+01
2.897137008084562737e+01
2.844348093623734641e+01
2.791161347357520128e+01
2.731582020914347808e+01
2.691323931909246880e+01
2.646177003177704634e+01
2.596814899242083641e+01
2.552130289532831497e+01
2.500804815895037692e+01
2.450147105538503567e+01
2.401055826663158044e+01
2.360423685606648192e+01
2.330223279794104485e+01
2.293644815547856552e+01
2.256660506874178296e+01
2.219414462315652159e+01
2.178835058460902374e+01
2.141823379386156745e+01
2.103206273817827210e+01
2.062438100327739932e+01
2.019852404839980409e+01
1.972978788708042330e+01
1.924797360959338732e+01
1.879979590740211748e+01
1.840966768427349010e+01
1.812799962079321858e+01
1.787000855126301602e+01
1.772041792753634226e+01
1.753987022436213650e+01
1.736539447012166093e+01
1.718814152799281203e+01
1.703197108259135817e+01
1.690735869853761386e+01
1.681964196272933165e+01
1.677440789920775188e+01
1.677186276084753302e+01
1.680510471869308375e+01
1.688008300800862571e+01
1.698820991431416161e+01
1.712986701625389685e+01
1.727659869717490082e+01
1.739652365345872198e+01
1.743359719457202317e+01
1.733030295296145695e+01
1.705520402654187251e+01
1.662081406818796836e+01
1.607955413728212335e+01
1.549488995058404761e+01
1.491477417637446123e+01
1.410463872294359788e+01
1.338141672506387181e+01
1.273729126958340352e+01
1.216240571880051036e+01
1.149092975062236910e+01
1.090409859539093773e+01
1.039344008804677166e+01
9.831722585562918226e+00
9.347405276034200128e+00
8.919890740667675288e+00
8.465250615757751618e+00
8.063429147738897740e+00
7.651380895208303556e+00
7.286976096204491604e+00
6.913516402668686389e+00
6.583608106762046219e+00
6.258957779458573789e+00
5.970603964030870792e+00
5.686222345715465920e+00
5.411760988692866370e+00
5.150037894109366299e+00
4.917003371260454614e+00
4.686119464425265946e+00
4.465744244104732807e+00
4.254452231137350715e+00
4.056176671970622039e+00
3.862717414888267697e+00
3.688921096882357809e+00
3.525930884599281612e+00
3.365100993741152458e+00
3.213000581592163396e+00
3.069488987682482684e+00
2.931668630950785115e+00
2.800125975376067000e+00
2.675028984718266223e+00
2.555782872721987342e+00
2.442184452581267262e+00
2.333619753261285457e+00
2.229690547237485276e+00
2.130687300269897388e+00
2.077183269101885443e+00
2.173917135809559031e+00
2.275251919936831069e+00
2.381418309147090184e+00
2.492082542102462828e+00
2.608644122375009200e+00
2.729597864910892735e+00
2.617890664608716556e+00
2.501348593019118383e+00
2.390144340795360645e+00
2.283893058192298486e+00
2.182482396548160342e+00
2.085749996748424540e+00
1.993393872579861670e+00
1.905226290318914772e+00
1.821060479938185095e+00
1.075280955852522737e+02
1.045778906167927431e+02
1.007810732200671424e+02
9.744689655822246266e+01
9.331877305345665263e+01
8.932005389217651725e+01
8.549918420508221573e+01
8.172181567207596231e+01
7.898931613200828394e+01
7.625879893865594283e+01
7.358016647255105624e+01
7.090356423207057901e+01
6.835891197456594170e+01
6.579289055558392363e+01
6.326729179842203621e+01
6.156434355134190639e+01
6.001922222646248883e+01
5.841488564316490084e+01
5.678089065347582931e+01
5.524607130753985018e+01
5.371551713476392109e+01
5.220380117290140021e+01
5.066575590242621985e+01
3.573022027757492669e+00
3.543216606346284880e+00
3.387813095784180106e+00
3.238105733508373163e+00
3.107557741999746437e+00
2.985756326932148319e+00
2.882101984825375052e+00
2.751142013382402052e+00
2.865404914527383884e+00
2.793655468827161314e+00
4.924644197541103097e+01
2.672733548609575571e+00
2.555424671962795546e+00
2.444559224659700547e+00
2.339221762442901476e+00
2.245950436322752708e+00
2.209607050838575226e+00
2.114857885209302069e+00
2.024011255972603784e+00
1.936124517369808729e+00
1.853286269815195286e+00
4.782120095782347136e+01
1.773282894642006502e+00
1.696108683481001522e+00
1.623731721845834697e+00
1.553835067187950614e+00
4.643627733703630156e+01
4.503551673975363201e+01
4.375894795134114901e+01
4.250153145678348920e+01
4.131135717787462625e+01
4.020009171688441540e+01
3.922116449123257809e+01
3.815766603414836311e+01
3.828679955323225670e+01
3.881071075364486944e+01
3.951604225258329706e+01
3.990104846323215071e+01
4.031047347998986652e+01
4.072323616774698962e+01
4.113851649689448209e+01
4.154479921003307652e+01
4.193215104449426178e+01
4.228612874839662084e+01
4.264411445224799735e+01
4.324095923733761992e+01
4.371710918922734379e+01
4.407016716212119434e+01
4.442021878061345319e+01
4.450371969133291117e+01
4.349611665768095037e+01
4.271853357564450704e+01
4.187014280824477908e+01
4.108153158911925118e+01
3.975202928365288813e+01
3.877136097365671219e+01
3.769781982693559286e+01
3.692843313571311370e+01
3.615189608172131841e+01
3.539649694454783457e+01
3.466472600911465207e+01
3.401501704036940765e+01
3.323870178987335322e+01
3.268440661493561095e+01
3.204635088597238735e+01
3.141421483725283537e+01
3.076494572434159380e+01
3.021015365925400431e+01
2.962647191192105467e+01
2.898297648889992573e+01
2.851186598940954298e+01
2.798452231574205484e+01
2.742352883899872751e+01
2.694542280803011991e+01
2.646435695219453166e+01
2.597641731891212302e+01
2.545798082413768526e+01
2.504661728832811818e+01
2.460782146243023760e+01
2.420327506235541293e+01
2.377118618113431481e+01
2.330054104923776137e+01
2.282877097653027931e+01
2.232506536499596450e+01
2.202070118068500904e+01
2.165671819129446973e+01
2.130523233823529239e+01
2.095095157933365471e+01
2.058752933172165811e+01
2.023091832285126657e+01
1.985030717687439861e+01
1.946921430179277834e+01
1.908289149724268086e+01
1.867987384620594327e+01
1.825041792781618000e+01
1.783657989576175140e+01
1.743078870050961271e+01
1.698958386958882372e+01
1.676691997412828172e+01
1.655370634061162960e+01
1.634641373889441951e+01
1.611100172418415610e+01
1.588851690311233433e+01
1.564128975377177433e+01
1.540721383448087423e+01
1.514888723537863591e+01
1.488065085335021109e+01
1.463132976246837735e+01
1.440644864370801592e+01
1.421047395602914953e+01
1.407204112311315214e+01
1.394524118843192184e+01
1.386428275846878400e+01
1.378171350858778688e+01
1.369933926336588037e+01
1.354747305077184905e+01
1.342103645456125527e+01
1.332752227395272016e+01
1.329745003774681322e+01
1.333758710463531649e+01
1.343830458124404892e+01
1.350569972656103346e+01
1.358887984003574090e+01
1.367897778435133738e+01
1.376860705785656691e+01
1.385262597518884675e+01
1.391909511923923404e+01
1.395354189204278406e+01
1.394128236656639075e+01
1.386973915981148231e+01
1.373045354097565252e+01
1.352552197823157876e+01
1.326031414004052777e+01
1.261527783784224077e+01
1.192707688674183331e+01
1.129045215893924059e+01
1.073194236341563901e+01
1.024131905845668022e+01
9.805096107461864108e+00
9.231357976557223566e+00
8.735166797788075144e+00
8.299108390237776689e+00
7.912902902678433215e+00
7.458936356768699483e+00
7.063090844776364285e+00
6.713176739987337882e+00
6.404408143036285139e+00
6.061106358463644206e+00
5.759593955509855867e+00
5.489667411457559432e+00
5.202039318138300672e+00
4.941970639367489149e+00
4.720937578469706963e+00
4.480234808047304007e+00
4.270505115826608744e+00
4.079914650520033881e+00
3.912835202496175668e+00
3.734298245721825449e+00
3.529540567235569970e+00
3.368975064559618371e+00
3.196553877136267818e+00
3.050173316546291868e+00
2.903829800708401798e+00
2.771811972532758350e+00
2.641568162434912992e+00
2.518345585627778771e+00
2.396350950999373897e+00
2.293670690898162334e+00
2.194838194642966478e+00
2.093219448976627817e+00
1.998382389415032101e+00
1.909305830145153982e+00
1.821343554237405238e+00
1.737277118402247744e+00
1.661087754396242788e+00
1.587069543895783363e+00
1.516901065353698730e+00
1.450099680479917330e+00
1.386623903394745172e+00
1.393001502190643892e+00
1.457483664092859454e+00
2.574446736585605411e+00
2.989050979911282102e+00
3.501392518365767703e+00
3.957191651347935046e+00
4.365075351785907998e+00
4.729726942269059542e+00
5.055989856467387966e+00
5.349907793401563083e+00
5.614495367352608568e+00
5.854944728079886751e+00
6.273082889967691145e+00
6.626472389962225762e+00
6.929421568876068527e+00
7.315385185631747333e+00
7.640040229738837674e+00
8.006480541743114188e+00
8.385467298424719829e+00
8.798148603802037115e+00
9.163789550751200608e+00
8.722819916051227196e+00
8.440363711239523781e+00
8.848844958133616601e+00
9.204956016513959227e+00
8.946420409420479558e+00
8.556771860817685038e+00
8.178005079533862798e+00
7.813445887667905154e+00
7.464181827595042229e+00
7.130083338522837266e+00
6.808512434735613184e+00
6.505729556571230532e+00
6.213176632895336837e+00
5.934051339760110011e+00
5.669168589607229691e+00
5.415850956657444648e+00
5.174183283208257933e+00
4.941345489541714819e+00
4.721471321478724725e+00
4.512584720892504286e+00
4.312087150592851970e+00
4.123671638626818847e+00
4.043808033467311880e+00
3.864722536744639392e+00
3.694420404225292387e+00
