2.004966565707478594e+02
1.984842712508578586e+02
1.955712074887410381e+02
1.926128328860885972e+02
1.896637568854483220e+02
1.865997838465824827e+02
1.840204537107036060e+02
1.813657721257658295e+02
1.785235621817032268e+02
1.755275208134887635e+02
1.723471526711625472e+02
1.689648207897446355e+02
1.653448089523471367e+02
1.613958541186352704e+02
1.571100093637941200e+02
1.522944654895002259e+02
1.576440554838270884e+02
1.557598808763374336e+02
1.517978598802306749e+02
1.475161248746667866e+02
1.436406170109043785e+02
1.391180771718625806e+02
1.345218247752819991e+02
1.297051018138956522e+02
1.246602623994559025e+02
1.200652961402727925e+02
4.087676410820782813e+00
3.901531387038813747e+00
3.724099841536152145e+00
3.554987755506439306e+00
3.393739003138985133e+00
3.239892598264046075e+00
3.093387715903127333e+00
2.953788851695907436e+00
2.820555270030043360e+00
1.151062625815222304e+02
2.693390800274405361e+00
2.573189850172707960e+00
2.457832536465067719e+00
2.347365720461980221e+00
2.242009085590812578e+00
2.141643577298636636e+00
2.046123469362608915e+00
1.954850736824479629e+00
1.867534433339142597e+00
1.784321052625342352e+00
1.098723210481336139e+02
1.705297802295812515e+00
1.629439411783020653e+00
1.557033411076082841e+00
1.487958401717746959e+00
1.422345631449163372e+00
1.359317799330096665e+00
1.298946258419589439e+00
1.241499040211709870e+00
1.186741362803879651e+00
1.134379996973118532e+00
1.046793064095391514e+02
1.084825642906374288e+00
1.037320706032204054e+00
9.918964999199226806e-01
9.486262324315244410e-01
9.073968173862588804e-01
8.681397684357963218e-01
8.306650267052458902e-01
7.948352830663946156e-01
7.606891084588249807e-01
7.279254617916165460e-01
9.983704638566186418e+01
6.963245822043051536e-01
6.665767078997768547e-01
6.379769072729648549e-01
6.111665313956116119e-01
5.887598526925665876e-01
9.533023968077469590e+01
9.111554819269606753e+01
8.744978564346261862e+01
8.366496175372290622e+01
8.012827575278832626e+01
7.690895563791438860e+01
7.396800462485184369e+01
7.130319631408882231e+01
6.891247326752757374e+01
6.676146128219396303e+01
6.487690948651913914e+01
6.318777993657431580e+01
6.165044120314958320e+01
6.020891710446944955e+01
5.896897541839298640e+01
5.779167279615489150e+01
5.671239719994143513e+01
5.571605067636937036e+01
5.475927496453928711e+01
5.383766671996259845e+01
5.294449545265445778e+01
5.210281282957200233e+01
5.131377374763088994e+01
5.047246710112418100e+01
4.969863910380386329e+01
4.887454438150582092e+01
4.801814750403914189e+01
4.710462447439028466e+01
4.614996087231087074e+01
4.515531895348102154e+01
4.412420357064991094e+01
4.293196703829288197e+01
4.171650341449824140e+01
4.035802667899089613e+01
3.886636396105879498e+01
3.727415536502721949e+01
3.562635459171082175e+01
3.404839640413508306e+01
3.245699600990141676e+01
3.095673365407306932e+01
2.945308023649878137e+01
2.805943265756934224e+01
2.674876581804015530e+01
2.544687656842284085e+01
2.410521382890261322e+01
2.343271281418980578e+01
2.225553852487939466e+01
2.088711427113811681e+01
1.999934892839900868e+01
1.910820313698511441e+01
1.824010262297180063e+01
1.740003711572569856e+01
1.662278599807035917e+01
1.593856449274884390e+01
1.506383038168431732e+01
1.442375343597381310e+01
1.374031932921996813e+01
1.312016462337038369e+01
1.250954665836653845e+01
1.184462318220137433e+01
1.136944748674213201e+01
1.083914605280497945e+01
1.036785403415122886e+01
9.883968260340825651e+00
9.427011670015158273e+00
8.994540367410589710e+00
8.606157334117341406e+00
8.156907514919875979e+00
7.805832435760826193e+00
7.473079290725526569e+00
7.118198910248569433e+00
6.793212581658296223e+00
6.466021578898788036e+00
6.168347497018014103e+00
5.877011396343585048e+00
5.612416181772306167e+00
5.348466087393157764e+00
5.094697216452950705e+00
4.865634311314970262e+00
4.645407331549483487e+00
4.428618680262027318e+00
4.224880769665182889e+00
4.030857637620629319e+00
3.848638513269874828e+00
3.992003305188421614e+00
4.182240794010692930e+00
4.282515841169495019e+00
1.196536592287969683e+02
1.179180130384443714e+02
1.142704367185427401e+02
1.102105624849798176e+02
1.063444235050362749e+02
1.020215718662848587e+02
9.730656345251442474e+01
9.280416521744001557e+01
8.850403487548558701e+01
8.488982320364249290e+01
3.592171397464110516e+00
8.203671922623655632e+01
3.762135358556733866e+00
3.889320251077223123e+00
3.713370663773202018e+00
3.545426146412131274e+00
3.384983945340802602e+00
3.232042582346012161e+00
3.086217047440004801e+00
2.947412166090118024e+00
2.814834545382597586e+00
2.688192288472477820e+00
7.951295062276925307e+01
2.567494124428513214e+00
2.452691508466316339e+00
2.342806665580599912e+00
2.237870629532918709e+00
2.137905095781601705e+00
2.042873167925101097e+00
1.951855114776334998e+00
1.864873100290505903e+00
1.781969417516043874e+00
1.703199353516626768e+00
7.732975183001282460e+01
1.627481918186766130e+00
1.555422289938553471e+00
1.486948487857559176e+00
1.421274893564189679e+00
1.358316537020406223e+00
1.298430618411524184e+00
1.241167386581374377e+00
1.186897466296060744e+00
1.134740876133379484e+00
1.084844690222206642e+00
7.504057363924165713e+01
1.037080695667642383e+00
9.916397948741207946e-01
9.481775220169780249e-01
9.066912511990595780e-01
8.661541224398112693e-01
8.291309754926228237e-01
7.934845640299330594e-01
7.591797768776877842e-01
7.266570165844945528e-01
6.956206157098393517e-01
7.297784003130023223e+01
6.659428507335515279e-01
7.030157498132670923e+01
6.921526954943422538e+01
6.844320943627538156e+01
6.763496166752878480e+01
6.655472442105610753e+01
6.469941444129993613e+01
6.308706766834540502e+01
6.158049122856174762e+01
5.999832498497271871e+01
5.836215307509213801e+01
5.673047869027173107e+01
5.510952843272937685e+01
5.356979034377003046e+01
5.213390923190995352e+01
5.083381344554754833e+01
4.961916381970723933e+01
4.853427252380704715e+01
4.755027037807759882e+01
4.664807944895984804e+01
4.584377656923076927e+01
4.510157057548139647e+01
4.442734767596544287e+01
4.383295714053176795e+01
4.327626765359618588e+01
4.276026307498284496e+01
4.229036785667108234e+01
4.187036368182319279e+01
4.149972047387534957e+01
4.113322584880303623e+01
4.081697947338759036e+01
4.050022998646201700e+01
4.018213700163762780e+01
3.989945051587690017e+01
3.961162703097029691e+01
3.930738072432920660e+01
3.898390610534069367e+01
3.862824720274961265e+01
3.823948762678742241e+01
3.780443267372716321e+01
3.733645488317026917e+01
3.682119266100686872e+01
3.617762400120022903e+01
3.540161912052630555e+01
3.458575638241899242e+01
3.364085912331968586e+01
3.248917505935887817e+01
3.124896319641205267e+01
2.996001130706870796e+01
2.864740742675256158e+01
2.733493349184939092e+01
2.602444479903253693e+01
2.480256569751092499e+01
2.357429357819796323e+01
2.252020662394924244e+01
2.147539076440724415e+01
2.047922948603729409e+01
1.956785947100846457e+01
1.857137450399911671e+01
1.764486035336284075e+01
1.690087238447465978e+01
1.695078323843025103e+01
1.540615346950978548e+01
1.470978688198181139e+01
1.402906301526127741e+01
1.340532955548286864e+01
1.272056848843186927e+01
1.236609027745715572e+01
1.162253823376194717e+01
1.111970031344558407e+01
1.057741135466292093e+01
1.021476204921437336e+01
9.633970847508658508e+00
9.213925540912983436e+00
8.783261459998497500e+00
8.359541528147396150e+00
7.985624825312577002e+00
7.601121905359582875e+00
7.244281478856141376e+00
6.909525190582433751e+00
6.598975312342420629e+00
6.298895839603724234e+00
6.027182506859421807e+00
5.739620344273818731e+00
5.483517488482338109e+00
5.220486150574827455e+00
4.985529143398634844e+00
4.757044203174956465e+00
4.537348825644056838e+00
4.338164016774386234e+00
4.135278149448712526e+00
3.948324128936675503e+00
3.763639780464098639e+00
3.595113718235520395e+00
3.432517440394543762e+00
1.001736461385830239e+02
9.919054880027549359e+01
9.670198894933129452e+01
9.350462555728547898e+01
8.950385324608993187e+01
8.510281925168953876e+01
8.183240989241430441e+01
7.833922365465454618e+01
7.552980103750093122e+01
7.270180968461778548e+01
7.061996792670622369e+01
6.858075303293198033e+01
3.385921538820419574e+00
3.233314976328882651e+00
6.663063797980034053e+01
3.190975565491393606e+00
3.341237584135964056e+00
3.498296658198293940e+00
3.362253382902853360e+00
3.211040425254521491e+00
3.066555342388798344e+00
2.928714275360610575e+00
2.797377999629961476e+00
2.672319874552191443e+00
2.552664490694089405e+00
6.481395865651766997e+01
2.438277966335494096e+00
2.329287369630063331e+00
2.225643570998558918e+00
2.126412053650949208e+00
2.031496825815404694e+00
1.941402824032577135e+00
1.855490268934244291e+00
1.773195005116390943e+00
1.694439791422799768e+00
1.619514515476146110e+00
6.319866263768926729e+01
1.548283160959318838e+00
1.479999234311583978e+00
1.414546886102086676e+00
1.352285559715510566e+00
1.293128057960999611e+00
1.236359483538369108e+00
1.181904283383792720e+00
1.130148333758215440e+00
1.080645354979025807e+00
1.033871888996204635e+00
6.160089044269403757e+01
9.887591419523974468e-01
9.455099964913596944e-01
9.041950324809107098e-01
8.647681491361668416e-01
8.269487659951944014e-01
7.910162303226742075e-01
7.566552522880037879e-01
7.238857964599235695e-01
6.011304993173693134e+01
5.869407292389586672e+01
5.729453190955262443e+01
5.588301991333592156e+01
5.464005785924292979e+01
5.341777910500173476e+01
5.193057627457103820e+01
5.154554039078606564e+01
5.154167399263189253e+01
5.147563074993751542e+01
5.140778579885805755e+01
5.135223229713621862e+01
5.134703352826647915e+01
5.146371537505469718e+01
5.164901144327921401e+01
5.180405878490245186e+01
5.192979545250160811e+01
5.082512354489527695e+01
4.953626190768678583e+01
4.853554647711520431e+01
4.764407665253610702e+01
4.671425881070392450e+01
4.588539645316919291e+01
4.504133307994060686e+01
4.420733885045900990e+01
4.342497335882682563e+01
4.264548508556385542e+01
4.188746982959182930e+01
4.116605578827174128e+01
4.043608480063222288e+01
3.972840290188673151e+01
3.905950381037479957e+01
3.836868741807917615e+01
3.772456718007770604e+01
3.713511699301918156e+01
3.660358801108978355e+01
3.608679521159727699e+01
3.562908641878590998e+01
3.519037245748611298e+01
3.481755368439729637e+01
3.444731562751144338e+01
3.414368310408851670e+01
3.385400466828664889e+01
3.358164234852020513e+01
3.336442460240431274e+01
3.316627675247282525e+01
3.298563152907190954e+01
3.285294950774667910e+01
3.273721033818637949e+01
3.263838884499002546e+01
3.255601814093457591e+01
3.249040638040612805e+01
3.243565412447330942e+01
3.238721797813178682e+01
3.234300605768098080e+01
3.229070272718018231e+01
3.222580247932203434e+01
3.213927686410788453e+01
3.202567302157923734e+01
3.187759303310723524e+01
3.168659208336553945e+01
3.140786462923867717e+01
3.107172401709136622e+01
3.061370095036696171e+01
3.003329262517587139e+01
2.933387898790492443e+01
2.853075811219787994e+01
2.756493300482650355e+01
2.650296567880093335e+01
2.537852753224883529e+01
2.427937999618967524e+01
2.318013077545545642e+01
2.210783784813606090e+01
2.110393796759104745e+01
2.013543183537047554e+01
1.913377743335801995e+01
1.827461559710455319e+01
1.742390059932507285e+01
1.662169296715544675e+01
1.582694719725270893e+01
1.509062377390162979e+01
1.444291239634450008e+01
1.375658357935262011e+01
1.314324510666640933e+01
1.254501002455351966e+01
1.199639351213779825e+01
1.149202694230440791e+01
1.089485190398013792e+01
1.042758773410999140e+01
1.002292371082564593e+01
9.558350475273970304e+00
9.022847398170787514e+00
8.639803200437407682e+00
8.235509736496071653e+00
7.931397081907499924e+00
7.506661789758016567e+00
7.143627553337344338e+00
6.811098668196491346e+00
6.495510272815595343e+00
6.195893660676353498e+00
5.910444144349680684e+00
5.645822619200131065e+00
5.397394503924816789e+00
5.162175833373319200e+00
4.922500801991990471e+00
4.701685521116877098e+00
4.488795785443641329e+00
4.272924613021606532e+00
4.079351893535887896e+00
3.892843598989752518e+00
3.716487279838309288e+00
3.548965851666915583e+00
9.991918146469305384e+01
9.862516222415635525e+01
9.372552591335029604e+01
8.919338376258845358e+01
8.514598960047888454e+01
8.204395315324008209e+01
7.886083436243323774e+01
7.650947696430633016e+01
7.421358711877944359e+01
7.182193614947036053e+01
6.950072505292985170e+01
6.726027083844424226e+01
6.497492235052702370e+01
6.353146676567283890e+01
6.201815471967917404e+01
2.866662088481688020e+00
2.739320462194480221e+00
2.800004868117472956e+00
2.931040054291009778e+00
2.889513406274134777e+00
2.760151046556190035e+00
2.636815341608710561e+00
2.519449759843133130e+00
2.407038170637791019e+00
2.299774506530833929e+00
6.054213426484186300e+01
2.197288468674038153e+00
2.099489023213396255e+00
2.006633747166300719e+00
1.917594640027572517e+00
1.832465930430065448e+00
1.751389113898671246e+00
1.674111488696182093e+00
1.600358400661853642e+00
1.529619367891944970e+00
1.462227544885208896e+00
5.906671295021146761e+01
1.398250995592434931e+00
1.336811058764987070e+00
1.278047848271636866e+00
1.222042751562899987e+00
1.168884300928594078e+00
1.117781081491181716e+00
1.068847680113074183e+00
1.022257240584580451e+00
9.780658219591342739e-01
9.354780017236010714e-01
5.766977854514810531e+01
8.948675093020582727e-01
8.559208208605814105e-01
8.187067027719773238e-01
7.830315462982594399e-01
7.491121698642654314e-01
7.167370987226516776e-01
5.624119042105346011e+01
5.481764067859302969e+01
5.346868255475694554e+01
5.212725109637614906e+01
5.078939511567434550e+01
4.949707106696931902e+01
4.825837223585924107e+01
4.704096140096379486e+01
4.582605597770708528e+01
4.463648559592451903e+01
4.347443857480365637e+01
4.251954112146041354e+01
4.148881216266662619e+01
4.159060318844557713e+01
4.211913579511130479e+01
4.271410931945085565e+01
4.303625217021154725e+01
4.333440552449749816e+01
4.367274036919059199e+01
4.400478502081554666e+01
4.432449086084210421e+01
4.458491216075919539e+01
4.486008536193914864e+01
4.512138281048869004e+01
4.557434995717143522e+01
4.585864245415852025e+01
4.609388380864417201e+01
4.629288865588650026e+01
4.615798252737514673e+01
4.499556638983350609e+01
4.415443546819678033e+01
4.342564434410547847e+01
4.226426794421529820e+01
4.145736294608332884e+01
4.063287597017815500e+01
3.992312940270334565e+01
3.914111432130997059e+01
3.845754093180674005e+01
3.780672135517822596e+01
3.708008666553741506e+01
3.641509088856790299e+01
3.574857955089660777e+01
3.507471312578746847e+01
3.445695647967426822e+01
3.379747114981446288e+01
3.316596021080628987e+01
3.247405635354613906e+01
3.189371081178256517e+01
3.131087595932974565e+01
3.072480834356237622e+01
3.024432975723710015e+01
2.981632619264005513e+01
2.942094718168317513e+01
2.905760209901526991e+01
2.871359135370870419e+01
2.838815092504127335e+01
2.803099333309051744e+01
2.765212702294682146e+01
2.726743973554389555e+01
2.695710214677400529e+01
2.665247217613477915e+01
2.635713328061670424e+01
2.608465842497305687e+01
2.584060959127486967e+01
2.562257721007067346e+01
2.548388156520256231e+01
2.536274175850880752e+01
2.526648292812187790e+01
2.518950119072439975e+01
2.513830233493732891e+01
2.511794759728406845e+01
2.512515927405875615e+01
2.516648663143742226e+01
2.521118601909395807e+01
2.526918830079391043e+01
2.533882115014956327e+01
2.541381272196110430e+01
2.548522874777539471e+01
2.554450755963970821e+01
2.557758163463294920e+01
2.557240274075691389e+01
2.551655901663617243e+01
2.540053462853868993e+01
2.522021459850974523e+01
2.497260279838131325e+01
2.449758711518463627e+01
2.392334687234857071e+01
2.329244836573163369e+01
2.242063167923248912e+01
2.156165329765701344e+01
2.055847695360596461e+01
1.965242104728940831e+01
1.868477756180122995e+01
1.784201821952963130e+01
1.699611178839498038e+01
1.617547237863531961e+01
1.538517054875528345e+01
1.462414418453522558e+01
1.398798484986239465e+01
1.387490384178861191e+01
1.269514276135543795e+01
1.212074952572227993e+01
1.157681435876320464e+01
1.105589505889835422e+01
1.054985150215733825e+01
1.006754979997020882e+01
9.601389283617860926e+00
9.174668128976449566e+00
8.886398114738250698e+00
8.415814411069968415e+00
7.966952982170610653e+00
7.629541997158141520e+00
7.302067886450108958e+00
6.941233737117755709e+00
6.618685995502787023e+00
6.303795961240150625e+00
6.018767977531007674e+00
5.741040881062258627e+00
5.486374765582302082e+00
5.226204418078451042e+00
4.990848879915785297e+00
4.765393280466247994e+00
4.562733099996050257e+00
4.357246472458502495e+00
4.150340037994134867e+00
3.968835577869523235e+00
3.788415098359137367e+00
3.615042289694345268e+00
3.450298282188552168e+00
3.296827925212890253e+00
3.148603185479978972e+00
3.004277551685567094e+00
9.921664772302293045e+01
9.744359150986745988e+01
9.361804279448263344e+01
8.995515266537310595e+01
8.627776216557511191e+01
8.276976902872053188e+01
8.013808548565734213e+01
7.757881376740216695e+01
7.494790706677036951e+01
7.248849661206473627e+01
7.005580574177571407e+01
6.759080896640963942e+01
6.525694142601714987e+01
6.282126332917577827e+01
6.126320670558985171e+01
5.974890194893298911e+01
5.825845767603625802e+01
1.979430372442580133e+00
1.892242890448881054e+00
1.808611825148794372e+00
1.728600747377659896e+00
1.652310617022198169e+00
1.579861413021332206e+00
1.510283300022969843e+00
1.443671948336560762e+00
5.676373388659215635e+01
1.380236252082027049e+00
1.320058264021390926e+00
1.262288867240835222e+00
1.206934499693821161e+00
1.154240725042160909e+00
1.104210658015564173e+00
1.056154070867648231e+00
1.010054647979905518e+00
9.662004437262721179e-01
9.242151283687917163e-01
5.527234813225093291e+01
8.844576749546613215e-01
8.461897403857613353e-01
8.095048670216132836e-01
7.744495113104057360e-01
7.408523393375006094e-01
7.088901066834372156e-01
6.783664430847403670e-01
6.491545944326894135e-01
6.215039150212259278e-01
5.949817444533311850e-01
5.380435079100955420e+01
5.698309876318902178e-01
5.463370915744863998e-01
5.237182613549861543e+01
5.094725703652963489e+01
4.955891820975670470e+01
4.819616653665296724e+01
4.682905148704740128e+01
4.557466532493493361e+01
4.425588779415020468e+01
4.299188527115309455e+01
4.179604134326768161e+01
4.063102738484032272e+01
3.951269207381879056e+01
3.858156014603908801e+01
3.772682428239467356e+01
3.693554128316982599e+01
3.706301660862648362e+01
3.748459286042402283e+01
3.806784936146964071e+01
3.841147611634346504e+01
3.878718368889863655e+01
3.911267394967457989e+01
3.946349883516001000e+01
3.983105548988890376e+01
4.018592962754038211e+01
4.051248601408827454e+01
4.075500550502014363e+01
4.101725506129137955e+01
4.147027451684474642e+01
4.182315697796068577e+01
4.204103623257142885e+01
4.229734689877483333e+01
4.186526136140967935e+01
4.119439329355954271e+01
4.039245055123625860e+01
3.964906229743485966e+01
3.890430729291437473e+01
3.776971147940751194e+01
3.692385772111213527e+01
3.609876456251480192e+01
3.529318455323732451e+01
3.455407342060419040e+01
3.382490257197083139e+01
3.326105189152706032e+01
3.261008948883868896e+01
3.200230177048182156e+01
3.142636227823749095e+01
3.080556113062978341e+01
3.032757782263825064e+01
2.978518669432749988e+01
2.924850829797237850e+01
2.877320183223154970e+01
2.831922169317677529e+01
2.781722317965184388e+01
2.740451325316903208e+01
2.701212440557273808e+01
2.653799779242711665e+01
2.607974609772982433e+01
2.561286168274089547e+01
2.525761504688815506e+01
2.487639564622997668e+01
2.449564880639848496e+01
2.407765727989882265e+01
2.361563110170942181e+01
2.312224529407315288e+01
2.264764502100350896e+01
2.218963560583051375e+01
2.180019121860686937e+01
2.149777031126933480e+01
2.120600274304215560e+01
2.097682056697071928e+01
2.075214448657376920e+01
2.052212933301250430e+01
2.027780174869630159e+01
2.005195394451385482e+01
1.990949912916700271e+01
1.979053197877120951e+01
1.969016969680697571e+01
1.961129386565292521e+01
1.955971496943636367e+01
1.953290706686930278e+01
1.953489376833729807e+01
1.956392632720932667e+01
1.962960925102653675e+01
1.972228422085564148e+01
1.985009280205046878e+01
2.000472402197233635e+01
2.016736871065199566e+01
2.031104712906541465e+01
2.038757143874592259e+01
2.034251648964140102e+01
2.012835212877732616e+01
1.972691237872449221e+01
1.916618742138472342e+01
1.850070402528636748e+01
1.779157245191599301e+01
1.708636547707839526e+01
1.609357299753636283e+01
1.520166149839239900e+01
1.440916792083804765e+01
1.370612636618451852e+01
1.308480063885951949e+01
1.235692509009895623e+01
1.172235387061927803e+01
1.116525197223601573e+01
1.055344624391072728e+01
1.001785158569445144e+01
9.548320113202967363e+00
9.050374486873895563e+00
8.611009597880453725e+00
8.218176701276521001e+00
7.809603103108696764e+00
7.447785460929008394e+00
7.067665570709308120e+00
6.738041017295913981e+00
6.416116182809057378e+00
6.104472021299491402e+00
5.803134578693516232e+00
5.543251109815603428e+00
5.274835619595918068e+00
5.023358919735908756e+00
4.804254924210920485e+00
4.566045339099075839e+00
4.356501634682382829e+00
4.153534438640316573e+00
3.976075712244744764e+00
3.789463074344013638e+00
3.613998701575522166e+00
3.451412218676310761e+00
3.295144287415535889e+00
3.146884934753555019e+00
3.005609535941000221e+00
2.871148731379261410e+00
2.742717749381170300e+00
2.620378692417111743e+00
2.503449407049303854e+00
2.463617959217640152e+00
2.578608139021235868e+00
2.699520574375873228e+00
2.826329491267199234e+00
2.959337326691206638e+00
3.098376827855954918e+00
3.243628379439097653e+00
3.266687560581452932e+00
3.120834017273119709e+00
2.981228064026882230e+00
2.848120247134743543e+00
2.720778297719082861e+00
2.599536145774109741e+00
2.483717150300759346e+00
2.373642958256622748e+00
2.268165848337624357e+00
2.167229956193608587e+00
2.071172940832571641e+00
9.724838462561324093e+01
9.480347367270837822e+01
9.138957915707632651e+01
8.830509855528448782e+01
8.525479800182003487e+01
8.242609131012530099e+01
7.963928491636607987e+01
7.690514609108402055e+01
7.428982406073518518e+01
7.169280904268016741e+01
6.913294853549031416e+01
6.666490624280700672e+01
6.422490325516083942e+01
6.185121373105111076e+01
6.026600761898853165e+01
5.871411772794431982e+01
5.719413449766756941e+01
5.567836354059538451e+01
5.419172296367558062e+01
1.332452247462454942e+00
1.273957847626387307e+00
5.272477204864953393e+01
1.218361222746111139e+00
1.165527498404351547e+00
1.114766571659346006e+00
1.066251215983943901e+00
1.019806352623523260e+00
9.755023918120405702e-01
9.335405772706851790e-01
8.931097923664078619e-01
8.543646756265252939e-01
8.174727348290246054e-01
5.126707348262598885e+01
7.821544685912155126e-01
7.484093610929050122e-01
7.164429209874270121e-01
6.856181446055575890e-01
6.562213889423725854e-01
6.281538495465864846e-01
6.012774304840268202e-01
5.756853624601583341e-01
5.514131827440221789e-01
5.287020510364864867e-01
4.983499182586587040e+01
5.075443165927739919e-01
4.885340781494212914e-01
4.692812392904006091e-01
4.841917123398778244e+01
4.702535545184952070e+01
4.566700816131821483e+01
4.434841632670833889e+01
4.303195050568984215e+01
4.174759824350564941e+01
4.051366531129269077e+01
3.926649399625774350e+01
3.811827933963412818e+01
3.700354159165104306e+01
3.599231576270199895e+01
3.507591342899272746e+01
3.431935090555870005e+01
3.383965938174590349e+01
3.412678861684810983e+01
3.463196510244073067e+01
3.527183888418037583e+01
3.562035145348135501e+01
3.596358393008212317e+01
3.632072700420803812e+01
3.666560768636111334e+01
3.700800528703116044e+01
3.732716564225498246e+01
3.761330152497166068e+01
3.789542419656693539e+01
3.835934356011102153e+01
3.872173236903025639e+01
3.898967416864963553e+01
3.934452993050443581e+01
3.901968568151382755e+01
3.846745602285179189e+01
3.776804973467973525e+01
3.700469708656146395e+01
3.629200607544766655e+01
3.509185007097171649e+01
3.418671940018777633e+01
3.351116812665087252e+01
3.277360525472504804e+01
3.199661896722873777e+01
3.142133963551072995e+01
3.079757537137995627e+01
3.028673966805480333e+01
2.969919111035114412e+01
2.912256106487987495e+01
2.861751160543195383e+01
2.810573104498660868e+01
2.756522122307673328e+01
2.710371705152813604e+01
2.662635729901288428e+01
2.614611217723339109e+01
2.567351209177882509e+01
2.528086900808123261e+01
2.488564802227625350e+01
2.445046677320165074e+01
2.401433536754940690e+01
2.355633475444837188e+01
2.317668729062590316e+01
2.282498344629540554e+01
2.243911845625817492e+01
2.205768681558613409e+01
2.163496545221676115e+01
2.123223170108493463e+01
2.094372986697378636e+01
2.069394373425584632e+01
2.035202134541076191e+01
2.005144091048694932e+01
1.975384295464136741e+01
1.943829028974095863e+01
1.911445636149677085e+01
1.878845611553191830e+01
1.844587870802907403e+01
1.807342502401761664e+01
1.766375508382137127e+01
1.726360396953212373e+01
1.690056407414596151e+01
1.661066916565143714e+01
1.638027845069538202e+01
1.622993709105068305e+01
1.607461813745513624e+01
1.594352144736640220e+01
1.579169638922318697e+01
1.566171270589308762e+01
1.555213440096139799e+01
1.548249281297758806e+01
1.544818958821093702e+01
1.546797906592508554e+01
1.553403280909483009e+01
1.565580379760190155e+01
1.581998396263644047e+01
1.591870132794320547e+01
1.602311491594194948e+01
1.612664931235193322e+01
1.621943318881592333e+01
1.629579970607439776e+01
1.633996546354875434e+01
1.633930852000823464e+01
1.628068585423383396e+01
1.615500429906851920e+01
1.595808255317697011e+01
1.569248796704418325e+01
1.500104192015926685e+01
1.420211256112916054e+01
1.340993791699094828e+01
1.268767766393932739e+01
1.204437560935757823e+01
1.147091145034946891e+01
1.095765067249201863e+01
1.028151997065269008e+01
9.696005916639172995e+00
9.182966055840084962e+00
8.730697815146832852e+00
8.326078132257903164e+00
7.849768636907261232e+00
7.433628169700819299e+00
7.065097771425796758e+00
6.735453150199721684e+00
6.367100936223294205e+00
6.039779947548978178e+00
5.745566008713473671e+00
5.442333469239890142e+00
5.182336948371074392e+00
4.937327487123212677e+00
4.686583927601127186e+00
4.459137588269871166e+00
4.245761170379392269e+00
4.058316902239387680e+00
3.867627150947655856e+00
3.673511876368043882e+00
3.494201560882443935e+00
3.335983638618930769e+00
3.177866490713873837e+00
3.032285061236187573e+00
2.888314768308222202e+00
2.758526271869212732e+00
2.628134396882570556e+00
2.505501502938418668e+00
2.328949795706585668e+00
2.287340894078858433e+00
2.181270569926265779e+00
2.081120922500774739e+00
1.986574195643052931e+00
1.897224841692756625e+00
1.808261418058442205e+00
1.727709909171885272e+00
1.651552837531875761e+00
1.579345323382371769e+00
1.627279283373659791e+00
1.703676143429200929e+00
1.783243083403848184e+00
1.866029261288604468e+00
1.952635694050246284e+00
2.044226806185674761e+00
2.140701792573101780e+00
2.242382539078622727e+00
2.347112061994159671e+00
2.455920420653470160e+00
2.571518091321276955e+00
2.692327360866991981e+00
2.818526507286578831e+00
2.871051213496838006e+00
2.743149174560109760e+00
2.621231986132473768e+00
2.504552433948575629e+00
2.393094009446635084e+00
2.286932096938885550e+00
2.185571831191063463e+00
2.089289879144838213e+00
1.996954303603527103e+00
1.908842811127595906e+00
1.824525160036137628e+00
1.744149183080845322e+00
1.667674457066510740e+00
1.594301105382194716e+00
1.524065143951936152e+00
1.457163614007293440e+00
1.393545847535460069e+00
