2.021625295482011495e+02
2.000759788808445023e+02
1.965854505289937038e+02
1.941195180423916327e+02
1.916423952035454761e+02
1.891427585153501525e+02
1.865465596170145943e+02
1.838186194419070603e+02
1.810168979051045994e+02
1.780645880093182427e+02
1.628037868440578393e+02
1.614166763768753867e+02
1.583214043513943352e+02
1.552454157739929030e+02
1.520812825971016480e+02
1.488177635494629385e+02
1.454578959809579430e+02
1.419415505842396215e+02
1.382718028687333458e+02
1.344701265640293002e+02
1.305398700026455572e+02
1.263882507996800229e+02
1.220479169597758329e+02
1.167586741685468041e+02
1.116895945771894816e+02
1.070647098531303811e+02
1.023706860854597664e+02
9.823512465269614324e+01
9.387298987514451198e+01
8.984546102135928436e+01
8.614504782633751745e+01
8.290051484083987532e+01
8.001082708258500986e+01
7.747348944118922986e+01
7.525607560448730737e+01
7.323352541316859288e+01
1.279480341692195111e+02
1.267819559344752491e+02
1.233920562278332369e+02
1.195513258192793984e+02
1.157931949870897341e+02
1.116819645147724032e+02
1.069729653350377561e+02
1.019687070103277051e+02
9.755208595981578412e+01
9.354671732959191388e+01
5.154138210135409182e+00
4.919212321360131313e+00
4.694972753812238331e+00
4.481415814233690398e+00
4.277804650924394991e+00
4.083607846435301170e+00
3.898281140629923147e+00
3.721722269679694328e+00
9.063390231602180336e+01
3.553344637363717862e+00
3.392652926977966832e+00
3.239136305961299200e+00
3.092819892723650543e+00
2.953566005313939868e+00
2.820594225205181438e+00
2.693686878505152649e+00
2.572613845519342579e+00
2.457151434736465134e+00
2.347062213624846017e+00
8.830465401038468087e+01
2.241974169368323722e+00
2.141510387333223964e+00
2.045861825843768855e+00
1.954816069037708770e+00
1.867762697794120630e+00
1.784663490938677821e+00
1.705461075379222091e+00
1.629835117550834545e+00
1.557676491030375976e+00
1.488953150121978597e+00
8.608739193852952098e+01
1.422758188945047353e+00
1.360219325217564501e+00
1.300316725705795928e+00
1.243143045979201444e+00
1.188252683605445892e+00
1.136461909793223368e+00
1.086861852001972162e+00
1.038751214780936127e+00
9.935658457514082720e-01
9.502580271805478596e-01
8.394164724759181695e+01
9.084961417196205646e-01
8.691695838485306025e-01
8.315132555457216412e-01
7.952861767586214548e-01
7.611828872089955178e-01
7.281334820596729873e-01
8.142210162456206035e+01
7.912150179177892539e+01
7.815973491220090352e+01
7.705918075823683466e+01
7.591491247089849992e+01
7.443926736295230739e+01
7.208342854333275795e+01
7.036084257643283024e+01
6.872804991695967658e+01
6.706531685608989335e+01
6.539082343081535953e+01
6.368156402533801241e+01
6.203058272360578229e+01
6.047241488057277081e+01
5.909434664980236107e+01
5.788112794864975541e+01
5.680326258639630765e+01
5.585228261260369464e+01
5.502837657461467558e+01
5.426266642084694780e+01
5.361565276155985060e+01
5.300496687790588624e+01
5.246661199298791445e+01
5.196360067224262025e+01
5.148909254251439194e+01
5.099977782315185948e+01
5.054273695116426524e+01
5.006277305104357822e+01
4.960791181606575861e+01
4.910960313346117090e+01
4.857558919139260922e+01
4.799275192268024171e+01
4.733863397575488108e+01
4.662480751701916404e+01
4.585596993259847665e+01
4.501960301484210447e+01
4.400564199284183786e+01
4.280315766801587785e+01
4.144482955630051180e+01
3.993382705163283930e+01
3.832992591147522887e+01
3.665057388231959123e+01
3.493792284304345230e+01
3.322300746690289230e+01
3.163954079366762073e+01
3.016751821619918061e+01
2.873816342215717867e+01
2.739161821946973063e+01
2.610545057299216509e+01
2.481725916721491032e+01
2.494734729253017846e+01
2.260139290956735891e+01
2.157470786168127219e+01
2.158324591589918029e+01
1.961303398630402128e+01
1.873905791313078950e+01
1.787849869132102754e+01
1.708743262972510379e+01
1.653712942947873543e+01
1.558236235418466897e+01
1.495208003580760803e+01
1.426912103806094123e+01
1.359569216811329362e+01
1.289922449886252309e+01
1.224804934244768262e+01
1.169042989003877686e+01
1.120050965592851888e+01
1.057425377453895621e+01
1.015510153915191083e+01
9.681595957054687673e+00
9.224050098707511580e+00
8.795956990784343787e+00
8.397022824581179989e+00
8.009674175804384788e+00
7.639536284096002383e+00
7.290138519884895807e+00
6.948401847700057310e+00
6.630482878736216001e+00
6.326570901297846383e+00
6.032814871467188311e+00
5.756189509523120584e+00
5.492691170382502541e+00
5.244615219414557217e+00
5.004645405223456578e+00
4.774709065503731864e+00
4.687501612605100121e+00
4.911380947891786697e+00
5.146208489835211175e+00
1.006874515069461324e+02
9.955610588008121908e+01
9.541970318721975275e+01
9.082301693073259230e+01
8.689548686520701892e+01
8.301110467457968412e+01
7.969670152848492251e+01
7.716774132966118316e+01
7.513370499751975728e+01
7.313798899536928388e+01
4.347336336179838057e+00
4.233578071256274278e+00
4.434851948700290869e+00
7.125636713616003703e+01
4.610468922451751439e+00
4.400853110143224889e+00
4.201358707726119412e+00
4.011102895452987482e+00
3.829611299622753151e+00
3.656339440641619642e+00
3.491208686778374926e+00
3.334004144588360141e+00
3.183819251651848869e+00
3.040421667175145171e+00
6.950030341203435569e+01
2.903803339260190519e+00
2.773820555740114546e+00
2.649350156456185434e+00
2.530580417500234436e+00
2.417147115427388027e+00
2.309284133801676742e+00
2.206175414089990738e+00
2.107704449953598846e+00
2.013730647314793565e+00
1.924053684236999961e+00
6.773806146982728649e+01
1.838438363950831489e+00
1.756796785997087440e+00
1.678904101186759812e+00
1.604589643473984362e+00
1.533687914047277667e+00
1.466025820830959780e+00
1.401442270073373075e+00
1.339426142104883644e+00
1.280989780444097503e+00
1.224936875237290668e+00
6.614902108686597160e+01
1.170820253826625468e+00
1.119566740134211980e+00
1.070352291395003430e+00
1.023519784011316602e+00
9.787844792322313303e-01
9.362515231608513622e-01
8.957626025439043849e-01
8.569138550916031161e-01
8.195382116472454959e-01
6.498084515972381325e+01
6.344719400247642227e+01
6.213189895702014098e+01
6.015967737571546081e+01
5.916322028316727000e+01
5.843339718893449231e+01
5.772658555799988989e+01
5.692138760054569957e+01
5.609939302186580790e+01
5.534045418244463832e+01
5.434352739079655237e+01
5.337563308801292550e+01
5.231028489264016912e+01
5.127018730979569483e+01
5.020349968196341450e+01
4.914014223169247941e+01
4.816088990935853076e+01
4.729742907300720134e+01
4.655369301254954451e+01
4.588086142204723927e+01
4.528999816136447976e+01
4.473988381657528635e+01
4.427411164599674009e+01
4.385636407423162098e+01
4.348837418916474462e+01
4.316920308336837309e+01
4.286949155236101916e+01
4.262273339669606287e+01
4.242028646882410925e+01
4.223951240867732793e+01
4.207915889935159015e+01
4.195255191019692376e+01
4.184514077337208704e+01
4.174072885926384657e+01
4.164816229677602877e+01
4.154442541112388199e+01
4.143809330901552102e+01
4.130727911032127508e+01
4.114328169416106817e+01
4.094509277411765424e+01
4.070498497354805068e+01
4.040880401816662726e+01
4.004857617076764598e+01
3.963774975208992402e+01
3.907790869093487629e+01
3.845738931162141228e+01
3.769111594075823746e+01
3.668183647467361652e+01
3.554922555239943449e+01
3.421032476615673090e+01
3.280313118536844286e+01
3.137094044054838093e+01
2.994869602278471632e+01
2.856431069588697724e+01
2.723087011664481594e+01
2.598414152413090505e+01
2.477322041380197604e+01
2.362543985960717308e+01
2.239882097747226908e+01
2.140458374098160022e+01
2.045951174668586603e+01
1.883376503474529784e+01
1.839854399168738652e+01
1.772802490355350713e+01
1.697045329374862632e+01
1.621114284241303949e+01
1.548097419166048816e+01
1.472853018027008254e+01
1.423160124634686952e+01
1.351850430541101566e+01
1.282527029637456017e+01
1.228594140163500192e+01
1.166872618099230330e+01
1.107255210510488652e+01
1.060662700641907996e+01
1.011366010252890213e+01
9.697795959632895091e+00
9.213778654320037731e+00
8.774920018698646018e+00
8.369923394410713868e+00
7.985442014900499430e+00
7.622995924694556891e+00
7.276910640495827032e+00
6.959866348595639352e+00
6.634027765838261814e+00
6.338062687064871525e+00
6.044602753960242936e+00
5.761515351902117388e+00
5.507769331769288179e+00
5.249565276984137441e+00
5.010416440660374171e+00
4.780153749992618550e+00
4.556000487799927612e+00
8.485647709861794397e+01
8.390725483860806833e+01
7.972532566498058770e+01
7.671766400856644452e+01
7.431558022216761117e+01
7.189127858424117790e+01
6.972161821794574621e+01
6.749267184530283714e+01
6.580875804960092523e+01
6.419137939106964552e+01
6.258207006379010551e+01
3.810390837548038867e+00
3.746115983778501857e+00
3.923045717819214406e+00
6.098948549630815563e+01
3.864779265324473911e+00
3.690407435616558818e+00
3.524372959418177853e+00
3.365768344796942646e+00
3.214211608465681547e+00
3.069899361933863702e+00
2.932120185102963461e+00
2.801112754422004247e+00
2.675760042895194424e+00
2.556039055968556628e+00
5.946940839636398124e+01
2.441925974984641812e+00
2.333278277995849415e+00
2.229368226108034978e+00
2.129977055684683318e+00
2.035255477634509091e+00
1.944922068362377354e+00
1.858528779446662949e+00
1.776075002242773371e+00
1.697407465726255671e+00
1.622310547923488944e+00
5.798075618603656523e+01
1.550299917921333259e+00
1.482248985245986361e+00
1.416579710214822319e+00
1.354219799761347209e+00
1.295379773282433256e+00
1.238018563700765462e+00
1.183763979079766937e+00
1.132170623278721422e+00
1.082718912696934987e+00
1.035546277186417674e+00
5.651372315369093258e+01
9.900073115239660382e-01
9.470441822871152882e-01
9.060807376883741604e-01
8.654374954274351994e-01
8.294303773256747059e-01
5.511646525845112166e+01
5.381478024437692653e+01
5.254713721631581080e+01
5.137207532216019956e+01
5.028406195679966117e+01
4.929648220895509780e+01
4.839489724262940484e+01
4.738793460702632387e+01
4.603257113870738948e+01
4.535675892480979599e+01
4.492930251170874811e+01
4.468389495963165103e+01
4.447479984675915432e+01
4.421036817797552487e+01
4.395164390295936130e+01
4.366904262669143577e+01
4.328044487703075305e+01
4.275789045879446348e+01
4.249977827357700022e+01
4.167902322817433713e+01
4.066191408788919404e+01
3.979921358365503892e+01
3.903439483915119723e+01
3.830723579677360391e+01
3.760005020912396390e+01
3.693474041997070856e+01
3.631601060996680985e+01
3.573862566948491803e+01
3.523711581552025507e+01
3.477411997038857550e+01
3.435854105577629980e+01
3.398649793973355315e+01
3.366490311184966089e+01
3.339644879333435767e+01
3.314172539597239364e+01
3.294457152386215171e+01
3.277101303700619894e+01
3.265271194898171814e+01
3.255651410674382618e+01
3.249025984079030849e+01
3.246299840174608420e+01
3.245723128590447715e+01
3.247683222175888318e+01
3.251948458512688234e+01
3.258454050090198706e+01
3.266585240162152104e+01
3.275320695151988559e+01
3.280408076313941734e+01
3.284492284756873914e+01
3.286631794331204048e+01
3.286033393241829259e+01
3.281795483095550736e+01
3.273096223781442404e+01
3.259504388243863104e+01
3.228090357811824873e+01
3.183558849697612558e+01
3.128209574429648399e+01
3.063466560419523077e+01
2.968229506544358287e+01
2.868750909109561675e+01
2.746756024653457828e+01
2.631953689497158422e+01
2.508398738406598127e+01
2.384389519753697328e+01
2.267028055052092483e+01
2.160576044097877357e+01
2.056225270854175946e+01
1.961005522584483529e+01
1.870038626345547073e+01
1.785546943985315949e+01
1.713346816418899010e+01
1.625271056295762406e+01
1.548076495990467905e+01
1.478028942487837583e+01
1.411437531781696109e+01
1.347741051581946436e+01
1.295857161725118800e+01
1.232250665694727587e+01
1.168258780348758030e+01
1.132577794224529733e+01
1.067964579182085494e+01
1.015177953995984517e+01
9.725114174926668298e+00
9.256501334942257131e+00
8.885465781286420395e+00
8.442200948666361171e+00
8.066167980013064565e+00
7.674292689335174167e+00
7.314733877045562771e+00
6.975484974960703077e+00
6.655388564629220127e+00
6.350887589201001937e+00
6.080889215497253808e+00
5.796923483952877376e+00
5.548897430641630990e+00
5.277141731328599761e+00
5.039196835216876558e+00
4.803207964479479841e+00
4.588303368442120167e+00
4.378968236110310386e+00
4.183648315122833417e+00
3.990126289945789662e+00
8.209493336143354725e+01
8.081669742498468167e+01
7.781730458969678921e+01
7.555149570757915001e+01
7.323600368189633514e+01
7.100282937905811309e+01
6.874771138895890488e+01
6.651417441896603577e+01
6.435417993795188352e+01
6.219604014995100982e+01
6.009965497139488377e+01
5.872962646864487368e+01
5.736987590893392763e+01
5.603865457750679013e+01
2.415850202216375475e+00
2.308320024104596691e+00
2.205978869469020331e+00
2.108026184583708940e+00
2.014398716190199057e+00
1.924969844247758077e+00
5.472976463632821975e+01
1.839720567203452006e+00
1.758540409716182973e+00
1.680792843516366153e+00
1.606605957181033162e+00
1.535765448964263369e+00
1.467998748124069497e+00
1.403248849436692147e+00
1.341857805912103574e+00
1.283011816333057720e+00
1.226394836237496788e+00
5.339131289815779979e+01
1.173274973229640583e+00
1.121628709646627975e+00
1.072673102631018116e+00
1.025967199962595666e+00
9.810807162708410356e-01
9.384159028566657623e-01
8.983482357133005802e-01
8.589185299930031103e-01
8.219720206390532802e-01
7.861631229958534473e-01
5.203024705856147847e+01
7.524290883930171425e-01
7.200723384684150075e-01
6.891586572630334917e-01
6.591891682143771192e-01
6.313786203905342731e-01
6.041220205220845241e-01
5.067319475791192929e+01
4.934529755518062188e+01
4.807208349717436136e+01
4.685448816772346703e+01
4.576368304289615452e+01
4.482880852088376855e+01
4.391316425201338092e+01
4.310747772326601535e+01
4.235912393093054362e+01
4.162460898589163349e+01
4.091628548327942383e+01
4.024327119737685621e+01
3.954457157424652536e+01
3.888005347159036518e+01
3.823667698755785693e+01
3.735893613598759089e+01
3.639231743319083279e+01
3.598965941731156448e+01
3.590536353875027231e+01
3.583656936459911435e+01
3.575131773912534072e+01
3.562237067931781809e+01
3.552141755968501968e+01
3.548103574561099549e+01
3.554146660693082538e+01
3.568107956724258401e+01
3.585812673641036241e+01
3.595854206603799241e+01
3.522809753873991667e+01
3.466714782585111010e+01
3.409105936392403180e+01
3.318748887590144392e+01
3.255196985633822493e+01
3.194831159360754214e+01
3.144159757907053532e+01
3.094509025013556425e+01
3.052385065858337398e+01
3.006215809619713042e+01
2.965389080842993863e+01
2.921170991670019035e+01
2.879387184829789348e+01
2.836260334628400059e+01
2.795490919114068262e+01
2.759008695419914758e+01
2.721951768507002711e+01
2.689937253217295066e+01
2.658089195569493768e+01
2.632049681570672206e+01
2.607241150780319927e+01
2.588416792440379766e+01
2.570946068104794335e+01
2.555519466018260744e+01
2.545503600268733635e+01
2.537344607341922753e+01
2.531485980330527497e+01
2.528663665717026987e+01
2.529379774301462902e+01
2.534371237252734943e+01
2.540825123054826662e+01
2.549525852464457998e+01
2.560680642320006939e+01
2.574202281715643537e+01
2.589669413679924403e+01
2.606178944585233381e+01
2.622117231159005968e+01
2.634741595593460772e+01
2.641165123260389436e+01
2.637360164777962979e+01
2.619358322764689007e+01
2.584558245297737145e+01
2.532041429555282264e+01
2.464075591869365667e+01
2.384553826047073244e+01
2.297690878003326986e+01
2.208834184343960416e+01
2.078614186768966476e+01
1.957923930516511035e+01
1.849067256220976674e+01
1.751516711206361165e+01
1.664854933529905878e+01
1.586643994900840759e+01
1.495112369787760720e+01
1.414878953450521770e+01
1.344050655764516833e+01
1.281703011065194531e+01
1.213021963791437052e+01
1.152978634755148768e+01
1.099161324470980183e+01
1.042107589001468959e+01
9.923035588160287190e+00
9.408404491387955204e+00
8.951236311436481685e+00
8.493654946361134606e+00
8.082734632515288453e+00
7.712873892135922560e+00
7.341193712936719074e+00
7.000409317119506980e+00
6.667916905287514240e+00
6.365434221775529089e+00
6.060401137191196774e+00
5.774761842175950122e+00
5.492326569311217987e+00
5.229806303636626019e+00
5.006272958949751661e+00
4.776646898142694830e+00
4.557550356492595434e+00
4.350448566867523681e+00
4.154024537280236018e+00
3.966571797441465375e+00
3.788183501152879717e+00
3.618011241461154714e+00
3.660062561900724543e+00
3.832595701953054323e+00
4.013115903513660321e+00
4.202171731968151747e+00
4.188613590135846110e+00
3.999782856771596951e+00
3.819691316571753426e+00
3.647901765467059132e+00
3.483927375521555181e+00
3.327505989924195884e+00
3.178327988179935115e+00
3.035743363438665465e+00
2.899781616763516645e+00
2.770081725929282701e+00
2.646628099706144877e+00
2.528481360650257415e+00
7.977967324554734319e+01
7.822528530755150200e+01
7.573360484016268401e+01
7.323277335363323459e+01
7.047684307072208298e+01
6.796887701254581771e+01
6.561026014900839698e+01
6.330743064681318799e+01
6.104073679923925511e+01
5.954465827441691061e+01
5.812793712531895096e+01
5.670687444366566154e+01
5.525070280296999670e+01
5.383704343450527574e+01
5.245852210424906303e+01
5.112361023886578693e+01
4.984074832841644564e+01
4.854472041973990315e+01
1.581109829489436347e+00
1.511765382173751338e+00
1.445288582610294137e+00
1.381846769966281308e+00
1.321235277897013116e+00
1.263331804379328238e+00
1.207805356658043561e+00
1.155002497159996366e+00
4.728681921238783303e+01
1.104827963206992392e+00
1.056321198776332126e+00
1.010869112566531003e+00
9.666590123727523132e-01
9.247332396884464512e-01
8.844655853643793586e-01
8.464945440429872958e-01
8.096003399594803307e-01
7.749330343075585548e-01
7.416151353426825299e-01
4.603655852612165944e+01
7.097846149674575944e-01
6.790478980568173117e-01
6.498833610963898888e-01
6.223992814680529007e-01
5.957215372075305160e-01
5.704632862756018330e-01
5.460233627204265083e-01
5.233363430118692650e-01
5.017413188489067144e-01
4.812783338341922734e-01
4.476776544295781690e+01
4.356521226555669557e+01
4.238249777624911019e+01
4.124054086968651944e+01
4.010519848620724304e+01
3.901145120137454825e+01
3.794197964842408766e+01
3.688025791369638284e+01
3.584403753859845665e+01
3.475051584861563470e+01
3.370587823481157841e+01
3.273651225365755124e+01
3.189948574590067665e+01
3.121484023534218011e+01
3.058639798760518502e+01
2.990361679990912336e+01
2.966505889233123483e+01
2.988798197140611634e+01
3.032707064404642594e+01
3.059470614732116189e+01
3.087350403952457967e+01
3.112270373586211747e+01
3.135085519143754951e+01
3.154446114279131308e+01
3.172952054049806492e+01
3.190870310489212613e+01
3.205377556489204949e+01
3.220220147197490235e+01
3.230885895654677142e+01
3.250091439677440519e+01
3.264173614704864690e+01
3.278392684907601051e+01
3.271434604660593948e+01
3.231269359065393587e+01
3.178959235783381487e+01
3.121550328870169722e+01
3.052008784216176807e+01
2.970029162462677519e+01
2.899048412320761159e+01
2.846963431634218011e+01
2.787200751003616617e+01
2.740620752173092356e+01
2.688683941421758306e+01
2.644561628421559973e+01
2.593954828937215495e+01
2.546434690265851941e+01
2.501602154975130432e+01
2.459248308399484628e+01
2.418604549059249109e+01
2.380499605501792360e+01
2.344580996350671143e+01
2.311592135672601245e+01
2.282054815499940759e+01
2.255684725304484317e+01
2.230767730701566265e+01
2.204831600489592347e+01
2.180087643501945394e+01
2.159313419432205450e+01
2.139151678639423437e+01
2.116786194578946834e+01
2.093828657030215723e+01
2.070548972162946910e+01
2.053439878944831065e+01
2.037047635391284217e+01
2.022069056738212822e+01
2.008987060611127617e+01
1.998244590249811381e+01
1.991146883963271463e+01
1.988590860501902569e+01
1.988167656887961954e+01
1.990244357727166857e+01
1.995182204753013622e+01
2.003161873253015557e+01
2.015193634862513505e+01
2.031002147181960993e+01
2.050832638835909449e+01
2.073130534372526057e+01
2.095628178763402971e+01
2.114025768421590712e+01
2.119802406520532401e+01
2.122045733198795503e+01
2.119826783024541328e+01
2.112313662044990181e+01
2.078325886792469746e+01
2.017989274384819964e+01
1.936020719848347227e+01
1.840843804144243734e+01
1.741709589233999367e+01
1.645986690639967520e+01
1.556801864340755337e+01
1.475345522438249901e+01
1.401424251648354691e+01
1.334548209753235959e+01
1.273894481551105251e+01
1.192794710675994985e+01
1.122912465263726034e+01
1.061227359079766863e+01
1.006707689647554460e+01
9.578837695776682537e+00
9.139185140343217384e+00
8.618735850307340129e+00
8.156873860333341497e+00
7.745049105027768555e+00
7.375308626838611659e+00
6.971303477760187661e+00
6.608647740605776200e+00
6.306482628669940915e+00
5.965147184301369698e+00
5.655046468100175971e+00
5.399973687306332870e+00
5.149527525131961880e+00
4.903498396948800853e+00
4.680085056421062539e+00
4.441038848930588756e+00
4.216200689071756713e+00
4.034383946705617063e+00
3.839542040194270811e+00
3.653782389615411130e+00
3.488335936466331333e+00
3.318651435088109114e+00
3.163860838979165813e+00
3.015377549610496644e+00
2.877947989638807602e+00
2.747562488696265515e+00
2.614264778313670767e+00
2.491424902279322673e+00
2.377550369151522069e+00
2.272351998031579168e+00
2.172435533488004111e+00
2.087109533178915122e+00
2.186346790916763982e+00
2.290591445985715513e+00
2.400001270716984436e+00
2.512025059544528816e+00
2.631731272224415275e+00
2.755655590316501424e+00
2.885412182865303432e+00
3.023807002743774675e+00
3.169120359461973013e+00
3.319177283462651840e+00
3.477412351076413000e+00
3.641315185010929767e+00
3.809514472646250205e+00
3.750576496823464279e+00
3.582855718617917518e+00
3.422216212432378057e+00
3.268694501960285770e+00
3.122719459480409299e+00
2.983132904198832147e+00
2.849837136554650208e+00
2.722736500379983493e+00
2.601697052547595312e+00
2.485829384950931420e+00
2.375150078833415446e+00
2.269725840373311154e+00
2.169367263802856272e+00
2.073277379688070798e+00
1.981419566397047305e+00
1.893776952744394171e+00
1.810074757591989991e+00
1.730243497652537599e+00
1.653992254842209464e+00
