1.991699156208952957e+02
1.974255813524249561e+02
1.942251939467448665e+02
1.918627953283479712e+02
1.895105704052475346e+02
1.871095815161669975e+02
1.845945762109230088e+02
1.819672120498215122e+02
1.791670860002092809e+02
1.762598194501087789e+02
1.731138244573846237e+02
1.698068785385781325e+02
1.663492701170028738e+02
1.604885626014752233e+02
1.590298649749847755e+02
1.557939747772753094e+02
1.520586798211994903e+02
1.482109444980346780e+02
1.441821851687081733e+02
1.400305902147556196e+02
1.357086670755422233e+02
1.311990578752794647e+02
4.474089207984588867e+00
1.264453011011807746e+02
4.269791405693569075e+00
4.075301434476031659e+00
3.889689737428815519e+00
3.712813520458538630e+00
3.544206993217148938e+00
3.383271097466641564e+00
3.229827905098934249e+00
3.083911938291394428e+00
2.944271250893047753e+00
2.811283978800938943e+00
1.213395171949161977e+02
2.684764860672681941e+00
2.563822073621581321e+00
2.448385551492259893e+00
2.338290495681651926e+00
2.233834633305707751e+00
2.133803600144698720e+00
2.038239905610219616e+00
1.947190414218493926e+00
1.860177257499755266e+00
1.777153409813267304e+00
1.167871706171054740e+02
1.698143097971025028e+00
1.622842021810791291e+00
1.550648217981141386e+00
1.482121507851969389e+00
1.416547677642489678e+00
1.353114824073746947e+00
1.293761991796705590e+00
1.236527751141113241e+00
1.181130170575394045e+00
1.129140769996024973e+00
1.113298562991861758e+02
1.079712087771296902e+00
1.032110392860875026e+00
9.870606769621586007e-01
9.437357964817253420e-01
9.029110059706624281e-01
8.634341551573551099e-01
8.260718210769862901e-01
7.910653838182115649e-01
7.565626331438725094e-01
7.242925846063285045e-01
1.061815048404665163e+02
6.933257527749761007e-01
6.637185430842470479e-01
6.351327882660428026e-01
6.080690418405829689e-01
1.015527044360838005e+02
9.684795962847545070e+01
9.291461430643686015e+01
8.885422509543366232e+01
8.509812550417679233e+01
8.170961321144798717e+01
7.868626001996422303e+01
7.594700985321087217e+01
7.351272256131039740e+01
7.139496324302272967e+01
6.950416645948308769e+01
6.782162842820977744e+01
6.628255764589594889e+01
6.485660592063536001e+01
6.355340815373676833e+01
6.232571176285969727e+01
6.119224686216153941e+01
6.014633551028322955e+01
5.911727999618162954e+01
5.812581062284658628e+01
5.717292963338871203e+01
5.626521500717080926e+01
5.530457453568394044e+01
5.428363859090840293e+01
5.332633367800467283e+01
5.230233828321496503e+01
5.123309470869391191e+01
5.011004468746272522e+01
4.880363262882964648e+01
4.744746426856754340e+01
4.590824456264088838e+01
4.419957473322045161e+01
4.250035115796818275e+01
4.070269278891307607e+01
3.883049629836415306e+01
3.705400017212668473e+01
3.525666948527995004e+01
3.357861981295690867e+01
3.201202292198387056e+01
3.038239059106732398e+01
2.894654508362085821e+01
2.759563022797723164e+01
2.625888826649167029e+01
2.486411257281801568e+01
2.380794411228030683e+01
2.273639414628206978e+01
2.169451162629957608e+01
2.072033568206275334e+01
1.976923888675864660e+01
1.888227195867239772e+01
1.802076707507831799e+01
1.720922195557915302e+01
1.655618175621728838e+01
1.561222016760734732e+01
1.489843265080772028e+01
1.424113954853929975e+01
1.355848558467364207e+01
1.297273437090837334e+01
1.241051576949531743e+01
1.176279124913942198e+01
1.121733247068893746e+01
1.074194763504505801e+01
1.022777735565261104e+01
9.718111130932175712e+00
9.268946339784431387e+00
8.836604702262595978e+00
8.430690397107472478e+00
8.058542693997411632e+00
7.677984253153849359e+00
7.312719765086585610e+00
6.979436561768165959e+00
6.652825793676471200e+00
6.348028330911407835e+00
6.053363121940500413e+00
5.774524735385033303e+00
5.510326133680676364e+00
5.258287956484648085e+00
5.017088845920944173e+00
4.791179198387074401e+00
4.572603917129940854e+00
4.712294812079103501e+00
4.937955744712376749e+00
5.149299974177567130e+00
4.913288621763825859e+00
4.688498580141094330e+00
1.243260526396525023e+02
1.228035297575532638e+02
1.187365291314253142e+02
1.149275423628619563e+02
1.106689915723706008e+02
1.060301737160572344e+02
1.016092526702018404e+02
9.686644957154956614e+01
9.228022897350901133e+01
8.883629878060226304e+01
4.550858716343980426e+00
4.454429702185083606e+00
4.252025430468316713e+00
4.058866120262042188e+00
8.596285034635789657e+01
3.874765438946076390e+00
3.699375884523521840e+00
3.531858512680456474e+00
3.372001659967015730e+00
3.219631349446288926e+00
3.074571182100862998e+00
2.935788611394739345e+00
2.803495499830082505e+00
2.677587138135634426e+00
2.557183419093783883e+00
8.366689053451649727e+01
2.442263166015733677e+00
2.332766055959801133e+00
2.228668347159968199e+00
2.128961057274676882e+00
2.033783972536186369e+00
1.943005093929395022e+00
1.856873436254794951e+00
1.774226205602082107e+00
1.695359632656871840e+00
1.620119056061662066e+00
8.143898944176306998e+01
1.548129284332687927e+00
1.479564651978860557e+00
1.414328034260289746e+00
1.351928266540919799e+00
1.292290686141231992e+00
1.235395869861335871e+00
1.180895361562929402e+00
1.128868407161686349e+00
1.079192442495561233e+00
1.031977038760327758e+00
7.937484853532342299e+01
9.864325321687154036e-01
9.431406509135907834e-01
9.021644049693294809e-01
8.627892892236022071e-01
8.252855341737764805e-01
7.889753613244945285e-01
7.551095179220455034e-01
7.226066343633756883e-01
6.895025741240405903e-01
7.688228008687123349e+01
7.464352290119730071e+01
7.339848492473647923e+01
7.243149844229185419e+01
7.139737461512412153e+01
7.004166828589121963e+01
6.782064350390470509e+01
6.622734887825143346e+01
6.466372545238439784e+01
6.303961460500229208e+01
6.139102957637823010e+01
5.974463972033915127e+01
5.812082380473460574e+01
5.660783723617029040e+01
5.524383926394514788e+01
5.404002613603824301e+01
5.296227023123444866e+01
5.199351686284036589e+01
5.115703789760995335e+01
5.037660737767119201e+01
4.966670033933202433e+01
4.903281986557111338e+01
4.847450043123495789e+01
4.795931444240528663e+01
4.748866194403518648e+01
4.705255529735739373e+01
4.666798265467865292e+01
4.627376576564756050e+01
4.591310690654282922e+01
4.554918904257203849e+01
4.515681232086901531e+01
4.481124941683516738e+01
4.443176369022513938e+01
4.402598729669766442e+01
4.358765521312684399e+01
4.311686901322521948e+01
4.259821292562275374e+01
4.193999505818887741e+01
4.122123668843661193e+01
4.046735405542938935e+01
3.955302207400811909e+01
3.849916762916385693e+01
3.730629221546907814e+01
3.600127906102372322e+01
3.449578432284234708e+01
3.295328279536482086e+01
3.139639663132086511e+01
2.994813955518854698e+01
2.849178418531588619e+01
2.715947319226926737e+01
2.588013798071644089e+01
2.467362777364961346e+01
2.350850335444323491e+01
2.243478714558810694e+01
2.135533731760033405e+01
1.999659721375481425e+01
1.944433096425865060e+01
1.854628488360209460e+01
1.769476684951129997e+01
1.690836098195487125e+01
1.617476970543136616e+01
1.541459950924789801e+01
1.469014628059721517e+01
1.414439458975864028e+01
1.339124086301093186e+01
1.277255276569998976e+01
1.219449928360729452e+01
1.167732728614051041e+01
1.104970451071246096e+01
1.062073923347595539e+01
1.006622473933208894e+01
9.583685035805560304e+00
9.161287097474756891e+00
8.769022029302592003e+00
8.323967363732728941e+00
7.939897005573393507e+00
7.573573989151763719e+00
7.240668061288454638e+00
6.902609604991774894e+00
6.595831981458776916e+00
6.273655760320088426e+00
5.989588156640953009e+00
5.714289980913139111e+00
5.449443775670673951e+00
5.199579507603636408e+00
4.966850683341238692e+00
4.745210866133789729e+00
4.522747330753897010e+00
4.316684041884286671e+00
4.119187905131808769e+00
4.146709504748832487e+00
4.344202432074358633e+00
9.845031062729610483e+01
9.734131544704814587e+01
9.386054959602145686e+01
8.983364498622374583e+01
8.579442455670235290e+01
8.179808896384487582e+01
7.836787496286504506e+01
7.550620137887379713e+01
7.378262717345006649e+01
7.112101039292126359e+01
6.902534953199089784e+01
3.880366333784553312e+00
3.714745209736974640e+00
3.827722420621883614e+00
4.008885815949018827e+00
4.018075605336878908e+00
3.836340695323349426e+00
6.701595976679455191e+01
3.663087046368863398e+00
3.497647204534171994e+00
3.340127364540849797e+00
3.189594001395261724e+00
3.045948786510435546e+00
2.908985038950341551e+00
2.778482582146425184e+00
2.653772441531126347e+00
2.534608693132897717e+00
2.421355414986913424e+00
6.516545187066508049e+01
2.313049810005217477e+00
2.209481388704959581e+00
2.110848997333680366e+00
2.017085135520278794e+00
1.927316120530611521e+00
1.841439022588625019e+00
1.759605661200751348e+00
1.681845613180793508e+00
1.607405310276939003e+00
1.536252572708506126e+00
6.376238935358180981e+01
1.468385789348755077e+00
1.403627525343020155e+00
1.341651847502093986e+00
1.282659773939534897e+00
1.226498106293511636e+00
1.172638181758426823e+00
1.121203232491603918e+00
1.072098112385784008e+00
1.025168258961598911e+00
9.800196831549149445e-01
6.254794777332946154e+01
9.371295135797237386e-01
8.962107708370056214e-01
8.570751432675075554e-01
8.185186611078131280e-01
7.833616747850614681e-01
6.130171246540322727e+01
6.008650835691908298e+01
5.900095090064288428e+01
5.764271552486846417e+01
5.593600442657904637e+01
5.481126746867404620e+01
5.431319856201069740e+01
5.382247538119062824e+01
5.348769392568288339e+01
5.295112364611954092e+01
5.242582224798132273e+01
5.186438973387144813e+01
5.072262120853049083e+01
4.964907576870978545e+01
4.861574160095518238e+01
4.761748585851994875e+01
4.656792986774436116e+01
4.557950051203257402e+01
4.465535254890738770e+01
4.380770381580325790e+01
4.303583390117108820e+01
4.234349677342409279e+01
4.171891588843845255e+01
4.117574383319546882e+01
4.067751363094497918e+01
4.021780684700276964e+01
3.980617450899140408e+01
3.944243098870806818e+01
3.908876311315332686e+01
3.878615117185147199e+01
3.853401003689582893e+01
3.829750340405117015e+01
3.808035621234814982e+01
3.791174826878972937e+01
3.776140185839818031e+01
3.763001454770165566e+01
3.753558376061084090e+01
3.745042470695722159e+01
3.737780324162510226e+01
3.731313560422008635e+01
3.724882934092481435e+01
3.718227345871374467e+01
3.710005207988546516e+01
3.700819573949939922e+01
3.689251705142373083e+01
3.674399261361964619e+01
3.656577760604671568e+01
3.630741752144339785e+01
3.598630188529633500e+01
3.561109400770762079e+01
3.510984416870603297e+01
3.447339046632418302e+01
3.369790036101925779e+01
3.279891747509142874e+01
3.170611746906833162e+01
3.054818815441259261e+01
2.931564668687537534e+01
2.801806646832284997e+01
2.673366757760780033e+01
2.549452760690603270e+01
2.431743202754386601e+01
2.318352021010065300e+01
2.212312404472235627e+01
2.093927132820912007e+01
2.006447541112751054e+01
1.909115084826211728e+01
1.796826091394196112e+01
1.763725160045761697e+01
1.658472644852626487e+01
1.588253177356103230e+01
1.515287158683809565e+01
1.446257454800796260e+01
1.382352357390259101e+01
1.318733099572819611e+01
1.258384746909750795e+01
1.198853014014338747e+01
1.149263496066345702e+01
1.092200697516977570e+01
1.048054378362884442e+01
9.962831875837240503e+00
9.517437858867966227e+00
9.065503709212157091e+00
8.615092986156549060e+00
8.255621055537210040e+00
7.879304020915498974e+00
7.480769499251106680e+00
7.137055672529031725e+00
6.808673778407537291e+00
6.495617425292346425e+00
6.218755505795518168e+00
5.936217409210818197e+00
5.667568979560250853e+00
5.412847873000261600e+00
5.160395293269401940e+00
4.924910967130072592e+00
4.691074999007375901e+00
4.478816132181207443e+00
4.272933901610798557e+00
4.076768862699710283e+00
9.081984066921609156e+01
8.976627329280269407e+01
8.523485919410448730e+01
8.174751702768612915e+01
7.892753347265973218e+01
7.612366965389763607e+01
7.403424296366297597e+01
7.172486339879364436e+01
6.960027505215080623e+01
6.745516527680462104e+01
6.534565353431315771e+01
6.318021434025509819e+01
6.101170790490486695e+01
3.269789683257850577e+00
3.338930702059237365e+00
3.495814273803952155e+00
3.405476062934297055e+00
3.252336053982721964e+00
3.106542160485838977e+00
2.966994771896765748e+00
2.834116145079358162e+00
5.956091024871390260e+01
2.707569807555580521e+00
2.586476346321029851e+00
2.470816259010270688e+00
2.360552494456036765e+00
2.255676489580833888e+00
2.155011022455791458e+00
2.059100250743922444e+00
1.967878866262899651e+00
1.880529903485156362e+00
1.796964775775412582e+00
5.814760856857161286e+01
1.717324014407657806e+00
1.641608003941370075e+00
1.569097472976848096e+00
1.499784261996882639e+00
1.433573567718716246e+00
1.370511664355121839e+00
1.310260352149211105e+00
1.252734070843213310e+00
1.197801611827969737e+00
1.145337007002015017e+00
5.678597812235842213e+01
1.095215594348130539e+00
1.047659182031353664e+00
1.001925238732622736e+00
9.582206690621291045e-01
9.164563821867931503e-01
8.764108028666324213e-01
8.382962935545557048e-01
8.018664306629463834e-01
7.673060816394869921e-01
5.547714716611390884e+01
5.429164929325674649e+01
5.316300777209325901e+01
5.220353074723969655e+01
5.124891193581063931e+01
5.032370326920541004e+01
4.948139729156016386e+01
4.875192594354992082e+01
4.789258389328604437e+01
4.712191980260638502e+01
4.630171329437440164e+01
4.518967409494818810e+01
4.416865059123710324e+01
4.294894795728273351e+01
4.224604463332841675e+01
4.215412650257579230e+01
4.209907456393176517e+01
4.199337667951054698e+01
4.189539563950409473e+01
4.178389104829791734e+01
4.176103378238430253e+01
4.183903202960050294e+01
4.198276417708800068e+01
4.222133672236238056e+01
4.164948086091138180e+01
4.107403578724532167e+01
4.045147328076892279e+01
3.939341544946911711e+01
3.866657282306258736e+01
3.801901129665666446e+01
3.741221450555283923e+01
3.678529372019129084e+01
3.622132839606523191e+01
3.564606253848658923e+01
3.504116941084089376e+01
3.448631918797127582e+01
3.389869469177432393e+01
3.333272971366984905e+01
3.280408033299649162e+01
3.231484653238968008e+01
3.187246068861880488e+01
3.141798071701019879e+01
3.102928775232854619e+01
3.069697198076528721e+01
3.037725290274002887e+01
3.012228755936189728e+01
2.988529445955371600e+01
2.965352325958718183e+01
2.948891740084395963e+01
2.933530210958659623e+01
2.920724469621198693e+01
2.910898822912508166e+01
2.905463963024990193e+01
2.902126321300715617e+01
2.901752241748170391e+01
2.904163543546704318e+01
2.909416223953786940e+01
2.917393174962997193e+01
2.923728116664642940e+01
2.930606236691443911e+01
2.937267292948428832e+01
2.942979433592499205e+01
2.946904186175332185e+01
2.947841434954816009e+01
2.944474608292838624e+01
2.936550957322754485e+01
2.922507465702258145e+01
2.902456423414117737e+01
2.861090543743009107e+01
2.807041797221644330e+01
2.743560060096386977e+01
2.674105442939512756e+01
2.578053990799627826e+01
2.483086792789525177e+01
2.371411818087183221e+01
2.250792521168291671e+01
2.144875525833909080e+01
2.038928798162170253e+01
1.937997654921935720e+01
1.843989477871983240e+01
1.758906458305373377e+01
1.674069472379166967e+01
1.595908808379969201e+01
1.522436891054773866e+01
1.466505819195747584e+01
1.385341598745539571e+01
1.325815611405605843e+01
1.265340387766129382e+01
1.207996503405774291e+01
1.158487793037529023e+01
1.099444887511928393e+01
1.049226369698718919e+01
9.949533562480404214e+00
9.565353961052414533e+00
9.186710703151616642e+00
8.703833783785691836e+00
8.319259550906020095e+00
7.973681300415756290e+00
7.575306125523751710e+00
7.197351405648286793e+00
6.903668562455177238e+00
6.559545002636547828e+00
6.259987484149923453e+00
5.973421320873760543e+00
5.703843596455545395e+00
5.468250754381239531e+00
5.225310142866428365e+00
4.970128536530229901e+00
4.749313223505920334e+00
4.522716433164248429e+00
4.322507575421285608e+00
4.118377327503547569e+00
3.933823735786606601e+00
3.758512670111340714e+00
3.588325039109024228e+00
3.417494727995319170e+00
8.962477651327469630e+01
8.815835658818998866e+01
8.485745045766385886e+01
8.140056655520226059e+01
7.891191675092814251e+01
7.647232776449037317e+01
7.398470132322465531e+01
7.159751503733600941e+01
6.924043002392619428e+01
6.691413998383204387e+01
6.458916495798867174e+01
6.225751939895176434e+01
6.085313736022794728e+01
5.940032267895443141e+01
5.794130585107333076e+01
5.651674095680667165e+01
2.222920432948077174e+00
2.124589475570733299e+00
2.030088312787591498e+00
1.940148591088288299e+00
1.854460714791912102e+00
1.772376085903186516e+00
1.693839786432285388e+00
1.619052941840259718e+00
5.510149045032606807e+01
1.547944320281775754e+00
1.479772237436995708e+00
1.414612963406518320e+00
1.352343381197959715e+00
1.292990399318305839e+00
1.236320926053244396e+00
1.182223655372200533e+00
1.130532350780488970e+00
1.081531322434551301e+00
1.034378110672775852e+00
5.372876812023288551e+01
9.893254344150009816e-01
9.463916233540077272e-01
9.052688593507514092e-01
8.657779238304442737e-01
8.281301810473874481e-01
7.922458237952062499e-01
7.580799327919796049e-01
7.251494446875538236e-01
6.940459671108865081e-01
6.638731371193187236e-01
5.235779781504205488e+01
6.353975276165084729e-01
6.081233725480473806e-01
5.823783047175603578e-01
5.102713319472091058e+01
4.971680244379187741e+01
4.842876326222878447e+01
4.714984573571845772e+01
4.588029496888527348e+01
4.472558785699003181e+01
4.350579045124056421e+01
4.235446132836384692e+01
4.116906802498717610e+01
4.003038403470947060e+01
3.890177681635869789e+01
3.779716867178902362e+01
3.679452975185837715e+01
3.593408455789209199e+01
3.523311123688348800e+01
3.445035777316270043e+01
3.434242394755492711e+01
3.468275646252758548e+01
3.523275889367074853e+01
3.556297100729339888e+01
3.583854693764016019e+01
3.611570996996268690e+01
3.635700563731487023e+01
3.660214895808795177e+01
3.682806034406690543e+01
3.705231084458112178e+01
3.723960118869500491e+01
3.738503012930043212e+01
3.770287791638376973e+01
3.788267071970283695e+01
3.808612124066714699e+01
3.816204191626799513e+01
3.732919202961998195e+01
3.669503693441331649e+01
3.598560328681162446e+01
3.536665799311491298e+01
3.439279305444454593e+01
3.370248878741371357e+01
3.296983075075554837e+01
3.244104320996324731e+01
3.188435243043726430e+01
3.133613239918288684e+01
3.076959810072313672e+01
3.025870607008784674e+01
2.967563756529707319e+01
2.908928763492448510e+01
2.850567878055781179e+01
2.793649080757464276e+01
2.745865764909158102e+01
2.698884246641822315e+01
2.648679218574413241e+01
2.602130939839777923e+01
2.587025635986397276e+01
2.559585027465492857e+01
2.533121122655471424e+01
2.505228875314795900e+01
2.475267918396771805e+01
2.445049602941849187e+01
2.419780660086365032e+01
2.393853210680514110e+01
2.368062034409926753e+01
2.342639685498832591e+01
2.319382515939664557e+01
2.303219727221471658e+01
2.289321695301548232e+01
2.277694923128121474e+01
2.268272607508552596e+01
2.262005130210188852e+01
2.259803996259976699e+01
2.259625344900431898e+01
2.261512865972066422e+01
2.265604768135129987e+01
2.272884917760407220e+01
2.283299743237517632e+01
2.296430969089434626e+01
2.311950431941083295e+01
2.328912881457341300e+01
2.345302450033652875e+01
2.357764055467736952e+01
2.361911365086665526e+01
2.352768512827841363e+01
2.326735593491051546e+01
2.281759647223535836e+01
2.220157406844209902e+01
2.146667107741734171e+01
2.066699970182131452e+01
1.985368820107528975e+01
1.868206793981221381e+01
1.761257686318369409e+01
1.665212768362085427e+01
1.579384265404599752e+01
1.502913712782072153e+01
1.434352099256485324e+01
1.353780715580610483e+01
1.283666155834748146e+01
1.221893532108861002e+01
1.155394912367635207e+01
1.097216139684395664e+01
1.045366088773524460e+01
9.902927433224247622e+00
9.417118355576754141e+00
8.974053165914577690e+00
8.525975849814876995e+00
8.131483900670826159e+00
7.716541598809713243e+00
7.431153192985541445e+00
6.978515431924881440e+00
6.643153951929164691e+00
6.305400540594811254e+00
6.037766875312286174e+00
5.743743592482127625e+00
5.468028706994521038e+00
5.216633743467639306e+00
4.970347411207302279e+00
4.744545331790366305e+00
4.507921577562947313e+00
4.318468886220007796e+00
4.119088390298241364e+00
3.932388304796366363e+00
3.754143831126891317e+00
3.583708329497537814e+00
3.421936672351495012e+00
3.268208890323545113e+00
3.121505091612576610e+00
2.981662744062295367e+00
3.036541112493039041e+00
3.179115844268734836e+00
3.329143413366741910e+00
3.485959147719334794e+00
3.650668735520643970e+00
3.822386968604346791e+00
3.849064307770061255e+00
3.675951048092126694e+00
3.510814655095725101e+00
3.353308146348840779e+00
3.202758929900438201e+00
3.059416137261283364e+00
2.922514220288933373e+00
2.791646045997561387e+00
2.666951977759788317e+00
2.548219919892070529e+00
2.434711698019370374e+00
2.326296902786228138e+00
8.780238735348964951e+01
8.592523090815575415e+01
8.288555748121598299e+01
8.001723663692409616e+01
7.730054634859257590e+01
7.468527782115869229e+01
7.203070048646102919e+01
6.944712796823007750e+01
6.700568178833371746e+01
6.463277456259207554e+01
6.228292608408886366e+01
5.998918182810893285e+01
5.844753915106029751e+01
5.697917994453213453e+01
5.553664784256186948e+01
5.410357486828223728e+01
5.265956468684286307e+01
5.128391618727583534e+01
4.993707322055409747e+01
1.518552858695972230e+00
1.451821543273939197e+00
1.387889014679551281e+00
1.327101676317508083e+00
1.268962181653332744e+00
1.213777685819488639e+00
1.160864709350170498e+00
1.110173620304244047e+00
4.852061577515748070e+01
1.061754222341932286e+00
1.015510133316823493e+00
9.713529491697840967e-01
9.291600859229277587e-01
8.888640945838242047e-01
8.505171115529496229e-01
8.137477582563352740e-01
7.786219212457916594e-01
7.445995292917291231e-01
7.130208613586906941e-01
4.717386584131785554e+01
6.819698017126107903e-01
6.526444953851169295e-01
6.246911403519572747e-01
5.977075990942437578e-01
5.724822058749039488e-01
5.482734113265982367e-01
5.248162566725329548e-01
5.033780334335202777e-01
4.834087433842085280e-01
4.588762243044141087e+01
4.458770256262427978e+01
4.335624618751586468e+01
4.206714378996159809e+01
4.082551503939897231e+01
3.968531830086544687e+01
3.851104537570994779e+01
3.736170133901973145e+01
3.626993257916660696e+01
3.521534784528646611e+01
3.421741809898465192e+01
3.329313508927526044e+01
3.241369732253681235e+01
3.169737276951383009e+01
3.101319964894970127e+01
3.105726893163803481e+01
3.137975070334891825e+01
3.186697864122568191e+01
3.210706760589219044e+01
3.239467697436096216e+01
3.267325421609748304e+01
3.293836603397376450e+01
3.321678709030368992e+01
3.351011032109094145e+01
3.374028337084301654e+01
3.398433224991907053e+01
3.420263991108636503e+01
3.439378836689919439e+01
3.468273403293676438e+01
3.490010092865645674e+01
3.513438050887279473e+01
3.531812104823490017e+01
3.458588940124325006e+01
3.392973342772626921e+01
3.323376551532446399e+01
3.261112364140696940e+01
3.155294917974206115e+01
3.076662686203153640e+01
3.014895200144848175e+01
2.948411430334449435e+01
2.897212813137836207e+01
2.839382248586591118e+01
2.793526482812889000e+01
2.741981262966768540e+01
2.697238724243052843e+01
2.654177664236309653e+01
2.609129180608758247e+01
2.560552310732327541e+01
2.525201952597382160e+01
2.485340387697402420e+01
2.443133231152094709e+01
2.407700317730487782e+01
2.372448927090331239e+01
2.338386665364122408e+01
2.300409210627407219e+01
2.261670577608669674e+01
2.222099289337486994e+01
2.189923426444569188e+01
2.154492858423348167e+01
2.117491698110354648e+01
2.079799327818516730e+01
2.041872037030798026e+01
2.007679437761517960e+01
1.976634627811398559e+01
1.950457351979839160e+01
1.928317562270700236e+01
1.909174764671145752e+01
1.890699014628789243e+01
1.873130268824780487e+01
1.853154976194466741e+01
1.834529409648931164e+01
1.821675742026036815e+01
1.810443569051806278e+01
1.800861229162910249e+01
1.792866514417972823e+01
1.787209036302810716e+01
1.783800446927039474e+01
1.783717191023342252e+01
1.787533411547471829e+01
1.794678241856651013e+01
1.806011773659101038e+01
1.821458747515380239e+01
1.841536086761624347e+01
1.852576112586847401e+01
1.863795907135160945e+01
1.874776054825887073e+01
1.884704423896442904e+01
1.892613618916332996e+01
1.897488830410904725e+01
1.898140656436788731e+01
1.893396207250331642e+01
1.882512673972097872e+01
1.864666301236981383e+01
1.839838725779139850e+01
1.771559469173024226e+01
1.686436029823255467e+01
1.595492192416239341e+01
1.507636720935625618e+01
1.426857010055741881e+01
1.353635228894753695e+01
1.287815336581069126e+01
1.228195662879804040e+01
1.149394125021008506e+01
1.080824810472721609e+01
1.020716172709471614e+01
9.675323540200407635e+00
9.202143842316186095e+00
8.777932621710286654e+00
8.274235324217988463e+00
7.832713548119842883e+00
7.439400073844500305e+00
7.089020386128495055e+00
6.695806029095191292e+00
6.370403941997874853e+00
6.067001693703626408e+00
5.743077290018691272e+00
5.463936852864738292e+00
5.198219928341303309e+00
4.947122236331969347e+00
4.702316919781379667e+00
4.487769646704104609e+00
4.263673895179389106e+00
4.058518390688843347e+00
3.874765273138776056e+00
3.686399662783452325e+00
3.536606994971784879e+00
3.342113433814453582e+00
3.186846766198427883e+00
3.035617228759163400e+00
2.897347546671328988e+00
2.764888579048263573e+00
2.639676566187612039e+00
2.519938367385746059e+00
2.401548613890395423e+00
2.288007969789763951e+00
2.181643476655434899e+00
2.083705487974622184e+00
1.988792968357444346e+00
1.902341401022100253e+00
1.847863557390503564e+00
1.936132651360531032e+00
2.026133977589233748e+00
2.122557941931650038e+00
2.222048969379377681e+00
2.329017054664638930e+00
2.439690783215574754e+00
2.556116156943877282e+00
2.680654652624836487e+00
2.805514828426685092e+00
2.940018059107411652e+00
3.081682338524106335e+00
3.227405887157082987e+00
3.379790016736012426e+00
3.436568011433827952e+00
3.282627889586240855e+00
3.136087069563701757e+00
2.996021009880851516e+00
2.862353549758505089e+00
2.734389098459308443e+00
2.612555403623749495e+00
2.496705353253878101e+00
2.385749917978702506e+00
2.279664113212276799e+00
2.178621919371202864e+00
2.082387861651850969e+00
1.990120819632580140e+00
1.902132558281355745e+00
1.818421319299591055e+00
1.738204696676866057e+00
1.661344311605157831e+00
1.588145094748018460e+00
