num_points variable r2 ev sigma diff
4 M 0.916869618272 0.916884242454 0.589291733599 0.04833659375
4 Y 0.0716713658988 0.0721223902646 0.80996871671 0.0259785195313
4 Z 0.923186013143 0.923842379527 0.38066023545 0.00064022265625
4 alpha 0.103078405729 0.104169622071 0.779927420755 0.212425347656
4 overshoot 0.269126086507 0.272215531095 0.488367267125 0.0540882421875
4 diffusion 0.483781326319 0.487626989174 0.271616255987 1.26937950781
4 age 0.945940037246 0.945995337726 0.370086857045 0.200273387229
4 X_c 0.91036519204 0.910642779514 0.510924329992 0.0398222560686
4 mass_cc 0.624634139838 0.625636408056 0.448139953185 0.0100740998702
4 Y_surf 0.811760786084 0.811785096759 0.443840791224 0.0279225094877
4 L 0.988488215056 0.988497597711 0.275312127838 0.129598277559
4 radius 0.978361607193 0.978442587195 0.396168511138 0.0220519662622
4 M 0.920642592356 0.920667436174 0.5792074379 0.04823228125
4 Y 0.0670802864782 0.0675667078009 0.829625674186 0.0264365117188
4 Z 0.926202717846 0.926845063682 0.380687601314 0.000669921875
4 alpha 0.100874230686 0.10087424925 0.773484130113 0.210202976562
4 overshoot 0.305456722849 0.305769336047 0.491361574827 0.0560422617187
4 diffusion 0.460642458457 0.465295485219 0.277616231699 1.22217184375
4 age 0.937286870097 0.937625618594 0.3591263987 0.199363642145
4 X_c 0.908240933721 0.908347824796 0.527834312192 0.0410426335912
4 mass_cc 0.618109285175 0.618215696429 0.447358360855 0.0102408518537
4 Y_surf 0.813925417116 0.81406187669 0.446480135961 0.0276657444568
4 L 0.990089756251 0.990096728418 0.26757622595 0.123576762158
4 radius 0.980411774268 0.980499924595 0.385745500952 0.0218752409582
4 M 0.91538486013 0.915452814176 0.606443806751 0.0496079335937
4 Y 0.0784990227902 0.0794163962731 0.805091595239 0.02579121875
4 Z 0.9151332895 0.915551474773 0.392142166374 0.0006014140625
4 alpha 0.0879487790113 0.0880289377253 0.783344739611 0.214268875
4 overshoot 0.301203334377 0.303575512606 0.488827406238 0.0529964257813
4 diffusion 0.447263112388 0.447914621901 0.272364274185 1.22124210156
4 age 0.931572372901 0.931895336223 0.369787694355 0.198787325457
4 X_c 0.908598054679 0.909168120376 0.526098715751 0.0414449408748
4 mass_cc 0.629134174655 0.630442894086 0.44966607336 0.0102649980878
4 Y_surf 0.800369168582 0.800459990062 0.462645133725 0.0292949331437
4 L 0.988765872907 0.988779315349 0.284263668226 0.134470603455
4 radius 0.979249736317 0.979351977185 0.407135975921 0.0224332976239
4 M 0.920594268008 0.920603765777 0.576461021198 0.0470129296875
4 Y 0.0856598960732 0.0858042853714 0.80206770934 0.0257546953125
4 Z 0.920206613673 0.921249835994 0.387710276299 0.000631421875
4 alpha 0.0834460057715 0.0884200368497 0.819259043552 0.22245040625
4 overshoot 0.29022396902 0.291234752908 0.490936183295 0.0538878710937
4 diffusion 0.43303073716 0.437098547834 0.27288285444 1.23842377734
4 age 0.937841657902 0.93795679354 0.378018840178 0.199099163713
4 X_c 0.910536602861 0.910585559832 0.515235226728 0.0401500975688
4 mass_cc 0.642823736495 0.643093495592 0.445701497227 0.0100974712495
4 Y_surf 0.805630223848 0.805763835482 0.447630278143 0.0285681949778
4 L 0.988963424912 0.988965502323 0.279140572177 0.131761739956
4 radius 0.981026464118 0.981158111267 0.39124766539 0.0214238168425
4 M 0.919403339188 0.919513183365 0.586040906603 0.048066671875
4 Y 0.0892805730442 0.0906862834571 0.776945193036 0.0250322460938
4 Z 0.922439715999 0.922958157765 0.381961253803 0.00067579296875
4 alpha 0.102073938225 0.102722731496 0.785907021921 0.213498
4 overshoot 0.304816190423 0.306520071371 0.493248488383 0.0542803320312
4 diffusion 0.471889737263 0.475350466325 0.275611387231 1.21618760938
4 age 0.932084440852 0.932204928387 0.373978149278 0.20599344064
4 X_c 0.912668740714 0.912808224759 0.503997558976 0.0393571029689
4 mass_cc 0.64535437701 0.645557955274 0.441081486495 0.00994196884403
4 Y_surf 0.817196602019 0.81789205749 0.43648246686 0.0269082703678
4 L 0.988910359343 0.988934235514 0.272947656903 0.125013417467
4 radius 0.980731727015 0.980862648243 0.391665159465 0.021859049807
4 M 0.91414929203 0.914267578924 0.592722389291 0.0489014335937
4 Y 0.0786444354296 0.0800797012638 0.818882895153 0.0259167460937
4 Z 0.923303686459 0.923811783561 0.3892617834 0.00062744140625
4 alpha 0.0967770227851 0.0977286583621 0.782590071356 0.211735011719
4 overshoot 0.31193047284 0.311963726241 0.497176658969 0.0546293203125
4 diffusion 0.475042611041 0.477775805277 0.265454284111 1.24575291016
4 age 0.933278633432 0.933301007362 0.36757486592 0.198496567904
4 X_c 0.907354142641 0.907771451669 0.528184461393 0.0412599932121
4 mass_cc 0.622597084191 0.623151410777 0.457538309273 0.0103383187465
4 Y_surf 0.801234851981 0.801461728234 0.457474117629 0.0292481655161
4 L 0.989678370594 0.989693242882 0.275000681623 0.128238595629
4 radius 0.977494243375 0.977624376016 0.399280109823 0.0222048604583
4 M 0.92038737672 0.92053372017 0.592074600827 0.0479503398438
4 Y 0.0947434113053 0.0949542086374 0.814426355652 0.0259649375
4 Z 0.925172945787 0.925984008636 0.389473238934 0.0005481953125
4 alpha 0.0923365666893 0.0924496924393 0.826940020933 0.22332025
4 overshoot 0.312329624104 0.312817599079 0.493557638976 0.052851515625
4 diffusion 0.458966138273 0.461584714379 0.273928922079 1.17229725781
4 age 0.928203868068 0.928301604598 0.374002595316 0.194666093643
4 X_c 0.907878617214 0.908012223548 0.528252368247 0.0409490669323
4 mass_cc 0.62108845022 0.621884152837 0.443217596867 0.0100101367472
4 Y_surf 0.821824297171 0.822171084802 0.439110691456 0.0273965962511
4 L 0.988783892738 0.988838529018 0.279523865133 0.134615970769
4 radius 0.981191915336 0.981470344524 0.398701099444 0.0219728675861
4 M 0.919143595097 0.919145195096 0.581064735448 0.0478190898438
4 Y 0.0818522421707 0.0818523217566 0.804114702609 0.025746046875
4 Z 0.924349061101 0.925103620669 0.390846104709 0.0006566875
4 alpha 0.117856998576 0.118337494584 0.779826398364 0.2110089375
4 overshoot 0.30575811071 0.306926344048 0.480051659993 0.0526042539062
4 diffusion 0.459471046526 0.463450326801 0.280160154116 1.26468599219
4 age 0.935529142667 0.935555649296 0.370291349468 0.202802768107
4 X_c 0.907008194204 0.907158306051 0.526032482058 0.0412442372598
4 mass_cc 0.626031771285 0.626941170952 0.447210822847 0.0101044439963
4 Y_surf 0.812509960563 0.812905300222 0.444017732202 0.0277511871614
4 L 0.989310922873 0.989320354027 0.270865140911 0.124393944831
4 radius 0.980115591712 0.980190568387 0.393755145415 0.0223041344283
4 M 0.918851474889 0.918873790712 0.57897148332 0.0475737734375
4 Y 0.0813964666787 0.0814095706846 0.790039101086 0.0254230976563
4 Z 0.921945560426 0.922877103344 0.391756683898 0.0006413203125
4 alpha 0.103415188819 0.1045385903 0.79351967072 0.215919929688
4 overshoot 0.318140191479 0.320028100385 0.481623657452 0.0517584414063
4 diffusion 0.48406504879 0.485555900101 0.274931929302 1.22939355469
4 age 0.933354804347 0.933436502163 0.375322442103 0.195607471645
4 X_c 0.911270270279 0.911471413796 0.520407848487 0.0402381734954
4 mass_cc 0.640967880356 0.641937375657 0.444736582264 0.010021312586
4 Y_surf 0.813522363236 0.81391677015 0.446038441557 0.0278768094085
4 L 0.989931861169 0.989947275692 0.278001891 0.13238315381
4 radius 0.97877712529 0.978843862006 0.396773465518 0.021891796014
4 M 0.918040834522 0.918378638763 0.582429041622 0.0480091171875
4 Y 0.06080532388 0.0660514926 0.827414972348 0.0263554492188
4 Z 0.919594135412 0.920077090888 0.384152814993 0.00061008203125
4 alpha 0.0986802024148 0.0986816398625 0.811129363136 0.219900472656
4 overshoot 0.310867453557 0.311748780083 0.502068895153 0.0540829296875
4 diffusion 0.436837940476 0.443030385875 0.271158471509 1.26344996484
4 age 0.940412963802 0.940499861525 0.375312128965 0.202347758286
4 X_c 0.907444215834 0.907689065693 0.530826214611 0.0414288256407
4 mass_cc 0.620943384274 0.620949536604 0.461752230756 0.0105383254463
4 Y_surf 0.806591667769 0.807471491111 0.463429780747 0.0294097225921
4 L 0.989116349591 0.989135687261 0.274394253999 0.134392009808
4 radius 0.977253999854 0.97743064383 0.397531120723 0.0222166856315
4 M 0.917237263073 0.917402730822 0.578003815409 0.0478943515625
4 Y 0.0828732518153 0.0834594208994 0.795558461873 0.0253523320312
4 Z 0.922596373883 0.923601778666 0.388596066253 0.00063653125
4 alpha 0.102188622997 0.102939086253 0.786719248433 0.213889875
4 overshoot 0.309567384825 0.309850438029 0.492895588475 0.0526185976563
4 diffusion 0.442553873848 0.443047770994 0.2814767702 1.26987089062
4 age 0.929062806098 0.929197879693 0.376909243052 0.204005990481
4 X_c 0.909446005642 0.909710832312 0.515486005508 0.0406122938714
4 mass_cc 0.627516809227 0.627745560712 0.450896775028 0.0102481744849
4 Y_surf 0.812070103052 0.812070767816 0.446409210405 0.0277620509312
4 L 0.989944388191 0.9899604284 0.273553772068 0.129235476236
4 radius 0.978692761637 0.97882960573 0.388321091378 0.0217119447789
4 M 0.91742023832 0.917494795706 0.58934343315 0.0486947929688
4 Y 0.0710976845664 0.0719533397178 0.820804617317 0.0261988164063
4 Z 0.922265970502 0.922749075411 0.390559609025 0.000685734375
4 alpha 0.101697282992 0.101834195926 0.776623248263 0.209872738281
4 overshoot 0.314433547699 0.314510369728 0.491008668976 0.05359084375
4 diffusion 0.440444157058 0.452589632072 0.274116492954 1.28344739063
4 age 0.934841998387 0.934904858088 0.351356591959 0.192614810235
4 X_c 0.909919272601 0.910180093793 0.522488461107 0.0404085787961
4 mass_cc 0.619735891739 0.619748354837 0.453557006593 0.0100712479413
4 Y_surf 0.809051816618 0.809238992891 0.45733190276 0.0281733548651
4 L 0.989610652517 0.98965543323 0.272118269389 0.131310031333
4 radius 0.979370073821 0.979493651689 0.396251480983 0.0222827016305
4 M 0.919586746562 0.919799483124 0.569816175456 0.0471450390625
4 Y 0.0912206106636 0.0940984057286 0.818899200179 0.0261990625
4 Z 0.923732076073 0.925045042963 0.389126136036 0.00067566796875
4 alpha 0.111174633329 0.112696444774 0.80421088929 0.217189003906
4 overshoot 0.313713564395 0.314549576579 0.483289993053 0.0524567226563
4 diffusion 0.413694588142 0.425544987358 0.271642221398 1.30332700781
4 age 0.94085916072 0.940958791139 0.366361143072 0.199109085
4 X_c 0.908146396519 0.90852380912 0.525432769327 0.0406048325004
4 mass_cc 0.628154701581 0.628451473094 0.4532781588 0.0101897307736
4 Y_surf 0.808891458202 0.80997207097 0.468554118358 0.0295270256779
4 L 0.990184103185 0.990203180506 0.271806937818 0.126375406043
4 radius 0.981007581385 0.981171466532 0.390328134514 0.0215775723562
4 M 0.919645830634 0.919699315152 0.575570654133 0.0468873164062
4 Y 0.0902196118633 0.0903505849522 0.81730861779 0.0260096875
4 Z 0.926231031027 0.926922335628 0.377841294617 0.00063502734375
4 alpha 0.105813259005 0.106552809988 0.785119100901 0.214015152344
4 overshoot 0.294676092784 0.296766861488 0.492741352637 0.0541392695312
4 diffusion 0.445165296601 0.453543279373 0.270001888179 1.16386178125
4 age 0.939014643759 0.939224784397 0.358349580426 0.192023996148
4 X_c 0.907527911052 0.907986021752 0.523568402091 0.0407539135925
4 mass_cc 0.621045434778 0.622136067562 0.451191066092 0.010210652918
4 Y_surf 0.80471700523 0.805297789731 0.449840652865 0.0282738848591
4 L 0.989717553704 0.989735264015 0.275817365308 0.130326139649
4 radius 0.979168916263 0.979307278896 0.393165980558 0.0217396083897
4 M 0.916745393853 0.916980337465 0.599417897444 0.048731484375
4 Y 0.078394913948 0.080828551945 0.81939251102 0.02621415625
4 Z 0.919566677287 0.920151261311 0.390820850961 0.0006283671875
4 alpha 0.101434478895 0.101464273276 0.768345009207 0.209120574219
4 overshoot 0.300992213112 0.304055515921 0.489323772731 0.0535174296875
4 diffusion 0.479079423664 0.480280303555 0.267007945214 1.19346130859
4 age 0.934525583422 0.934649436847 0.365766082607 0.19468889023
4 X_c 0.908309520763 0.908880135253 0.528787659731 0.0410108279483
4 mass_cc 0.63522417616 0.636270868669 0.450200041316 0.0100690377843
4 Y_surf 0.805332888708 0.805605858663 0.463512893434 0.029493671859
4 L 0.988755347771 0.988780303158 0.282153646647 0.132749578111
4 radius 0.9774014568 0.977620301679 0.406572904539 0.0223316632082
4 M 0.918206510111 0.91843916001 0.582784624484 0.0481460898438
4 Y 0.0818712434551 0.085848992701 0.805346517654 0.025741578125
4 Z 0.921364829499 0.921696235275 0.388579458031 0.00066930078125
4 alpha 0.100698779748 0.100764859522 0.816609439802 0.220168011719
4 overshoot 0.304358682168 0.304592657155 0.491482702044 0.0535306289062
4 diffusion 0.438231827241 0.443277109571 0.269870469061 1.20599188281
4 age 0.937769096752 0.937924911168 0.370827773503 0.199319762197
4 X_c 0.909692543311 0.90998775215 0.514134752625 0.0401894564391
4 mass_cc 0.634573959094 0.634678530595 0.440035312807 0.00978578054587
4 Y_surf 0.815601149181 0.815950148182 0.45545472181 0.0282271816925
4 L 0.989934516219 0.989954197337 0.270226367571 0.126401496769
4 radius 0.980743230694 0.980895545746 0.393175628651 0.0219269161179
4 M 0.921705176758 0.92177449275 0.575670860094 0.0466335859375
4 Y 0.102117982019 0.102381907063 0.797250378753 0.0253890664062
4 Z 0.923278153632 0.924224965628 0.380875646466 0.00058923828125
4 alpha 0.112860020208 0.115295711852 0.800992409647 0.217706582031
4 overshoot 0.256625984957 0.263111781274 0.48487454473 0.0526438320313
4 diffusion 0.466601452159 0.470288149494 0.273524081619 1.19117325391
4 age 0.944704439088 0.945025366641 0.367050281862 0.194305804626
4 X_c 0.910253758067 0.910581982186 0.509516978968 0.0399472756822
4 mass_cc 0.632691401565 0.633315242362 0.444379387897 0.0100488799935
4 Y_surf 0.812119510128 0.812494181078 0.44834256727 0.0282142017398
4 L 0.990566302945 0.990596324379 0.272184622422 0.130910600922
4 radius 0.979664794005 0.979841905543 0.391206085326 0.0215085885342
4 M 0.921574292109 0.92158759167 0.565335868646 0.0467589804688
4 Y 0.0773554974583 0.0773838756758 0.813779909105 0.0260054023437
4 Z 0.920735047508 0.921377809185 0.392095449582 0.0006489375
4 alpha 0.0981961359041 0.0982087907235 0.801665791343 0.217295902344
4 overshoot 0.317117773177 0.317141921053 0.494875906716 0.0544789921875
4 diffusion 0.469960131617 0.476934382688 0.272948387934 1.23518491406
4 age 0.935680740746 0.935738877949 0.375025914192 0.199935312406
4 X_c 0.910272223128 0.910331190188 0.5171679863 0.0401055353716
4 mass_cc 0.643810118742 0.644155795949 0.443076129158 0.00999702980596
4 Y_surf 0.815761364241 0.816293435557 0.439803956853 0.0276716168979
4 L 0.989576633608 0.989592983473 0.269821557427 0.126969719841
4 radius 0.981469498396 0.981598241121 0.38453742836 0.0216265790782
4 M 0.916889742152 0.917067306085 0.58095731274 0.0480577695312
4 Y 0.0725039906091 0.0743717535772 0.798296636628 0.0254444414062
4 Z 0.924445696559 0.926150826155 0.379327070899 0.000712078125
4 alpha 0.106426885497 0.110519100995 0.81243681733 0.22025284375
4 overshoot 0.322832496487 0.323807153482 0.48903020263 0.0541176484375
4 diffusion 0.476657804957 0.48283841114 0.277140044172 1.29403378125
4 age 0.942354638103 0.942446025618 0.368504227718 0.204223392075
4 X_c 0.909518382593 0.909707849907 0.520502913938 0.0406485554533
4 mass_cc 0.614765462066 0.614907577415 0.458159994851 0.0102823238141
4 Y_surf 0.803174155435 0.804853070234 0.456990080627 0.0288951101523
4 L 0.989669074066 0.989687313103 0.277568115041 0.128948413916
4 radius 0.979373162269 0.979536467999 0.390295298082 0.0219361173257
4 M 0.921938220131 0.92193986951 0.580079190446 0.04690028125
4 Y 0.0895753520332 0.090029710166 0.835070797551 0.026528734375
4 Z 0.92719915744 0.927485364177 0.384278880409 0.0006006015625
4 alpha 0.0993016613488 0.100467183786 0.80304940874 0.2182798125
4 overshoot 0.300470509372 0.301402503918 0.501139901901 0.0553038125
4 diffusion 0.461768192022 0.465583007225 0.275836815545 1.13894421875
4 age 0.942906625263 0.943196616348 0.368681641816 0.19599454097
4 X_c 0.909549501588 0.909605233771 0.527772810891 0.0409582223814
4 mass_cc 0.619855222249 0.620008975567 0.453521082317 0.0101870045263
4 Y_surf 0.809093228489 0.809227980696 0.458904556914 0.0285853685709
4 L 0.990553994597 0.99055547771 0.271438439264 0.127548731087
4 radius 0.979836988869 0.979915068207 0.386381105233 0.0213402689047
4 M 0.916593825872 0.916665416679 0.579653999189 0.0478493671875
4 Y 0.0857848616728 0.0862548798062 0.790945772885 0.0254733203125
4 Z 0.92627212203 0.926965157252 0.388575867724 0.0006755703125
4 alpha 0.109433903666 0.109655574949 0.827120394809 0.222621558594
4 overshoot 0.314898501731 0.31573730978 0.487495501154 0.0542679179687
4 diffusion 0.442812583312 0.446924252559 0.271367798278 1.25644387891
4 age 0.936188015596 0.936319074747 0.370953505044 0.203664272889
4 X_c 0.909568681235 0.909856536674 0.520803387628 0.040622147194
4 mass_cc 0.626341291889 0.627184635402 0.445981635113 0.0100071267291
4 Y_surf 0.8084031065 0.808440926055 0.451404819075 0.0278718809886
4 L 0.989633585833 0.989671568404 0.279078551889 0.129312065865
4 radius 0.979959365123 0.980058057144 0.394343302654 0.0221718072979
4 M 0.915540282525 0.915641484949 0.583123892341 0.0482107148437
4 Y 0.0742432978095 0.0754577878125 0.810661553009 0.0258099648437
4 Z 0.919521522363 0.92031273072 0.383797079248 0.00066045703125
4 alpha 0.101874399787 0.103000650412 0.799365565218 0.217220140625
4 overshoot 0.31245395626 0.312540869284 0.48923757249 0.0542058515625
4 diffusion 0.471149052356 0.477654593637 0.273222408579 1.19437935937
4 age 0.944399958697 0.944515923296 0.362653164998 0.197654072078
4 X_c 0.908419806558 0.908703078373 0.526931562127 0.0409242442142
4 mass_cc 0.6360635793 0.636475839503 0.448504302686 0.0100732986751
4 Y_surf 0.810656922178 0.81150519838 0.456995950566 0.028723432812
4 L 0.989641837407 0.989660159448 0.277387514053 0.133375511958
4 radius 0.978104537449 0.978208694385 0.396763518841 0.0222512230392
4 M 0.916389913325 0.916391665576 0.588911227585 0.0485156171875
4 Y 0.0830916618285 0.0833772253377 0.819755208698 0.0259117265625
4 Z 0.925024711746 0.925756231807 0.385150326138 0.00071795703125
4 alpha 0.117609552865 0.117616287024 0.778156526288 0.210728050781
4 overshoot 0.319223849813 0.319288689241 0.489228240754 0.053235578125
4 diffusion 0.457937235891 0.45991410102 0.271436166506 1.15476305078
4 age 0.933110366199 0.933435212343 0.369162171686 0.202074297018
4 X_c 0.909012576836 0.909108828415 0.532378146312 0.0412101687555
4 mass_cc 0.63432590354 0.63466263885 0.442770866159 0.00981066239089
4 Y_surf 0.803767972114 0.804015593063 0.446734956675 0.0281725911068
4 L 0.989456233754 0.989467056054 0.27500396113 0.12613363895
4 radius 0.979801974629 0.979877505144 0.398486363368 0.0221479909736
4 M 0.917135875542 0.91717196889 0.578866598954 0.0478853398438
4 Y 0.0929567008148 0.0929928851211 0.818026117692 0.0261524804688
4 Z 0.923555389355 0.924282001396 0.380209516884 0.00068773046875
4 alpha 0.0976049584605 0.0984241242235 0.771896878945 0.210007898438
4 overshoot 0.315572878399 0.315588393381 0.493313223876 0.053949625
4 diffusion 0.482070505796 0.484580944072 0.273681324951 1.22962037109
4 age 0.92762474367 0.927780346848 0.360212618057 0.201075456155
4 X_c 0.9103987303 0.910558192423 0.517264449511 0.0405071818126
4 mass_cc 0.625706223227 0.625775948349 0.457737334571 0.0103553525076
4 Y_surf 0.792868517729 0.793064579376 0.484642441413 0.0301322528629
4 L 0.989884115971 0.989890968749 0.272066881709 0.125252646368
4 radius 0.978769072296 0.978883414582 0.391470725377 0.0221802397047
4 M 0.919094670806 0.919148285549 0.579132108728 0.0476276875
4 Y 0.0660377792709 0.0676169909299 0.812489689052 0.0259015273437
4 Z 0.923135694378 0.9238328081 0.38003401907 0.00066107421875
4 alpha 0.104898299644 0.104924268837 0.807146604884 0.217470964844
4 overshoot 0.309331181502 0.309576915488 0.486153837918 0.0517485078125
4 diffusion 0.462795172551 0.475285253614 0.273739961706 1.27748099609
4 age 0.94103620724 0.941086973035 0.366765376749 0.199327182292
4 X_c 0.911901163573 0.912185250527 0.515618704372 0.040041052935
4 mass_cc 0.636389495646 0.636624726487 0.451113866268 0.0100693291708
4 Y_surf 0.805409729686 0.805734617956 0.457123580347 0.0285074384286
4 L 0.98964396796 0.989654047467 0.275314108494 0.124867113818
4 radius 0.979455054589 0.979583628014 0.391519566274 0.0219964934712
8 M 0.941448899954 0.941696050531 0.588771808947 0.0419248164062
8 Y 0.20808893343 0.210883543173 0.787174328483 0.0246783828125
8 Z 0.967150458212 0.967224765887 0.336416713051 0.0003334375
8 alpha 0.171303328951 0.17130405214 0.77230743959 0.2023094375
8 overshoot 0.370119054162 0.370143975468 0.468942752543 0.0448503046875
8 diffusion 0.565117859037 0.56512222832 0.283044177552 0.604704113281
8 age 0.956048781671 0.956152554868 0.327090096512 0.123926650741
8 X_c 0.952736583097 0.952852220653 0.471997651083 0.0306721912897
8 mass_cc 0.822736876382 0.822750651122 0.316140229693 0.00562150845024
8 Y_surf 0.859072852277 0.859264705869 0.402754776512 0.0218606583353
8 L 0.994676700703 0.99468308287 0.287919506696 0.0981814511696
8 radius 0.987542202684 0.987576352863 0.392176804657 0.0176913032857
8 M 0.938090933433 0.938104824227 0.596650180012 0.0423032578125
8 Y 0.193361954431 0.193388454045 0.810824816051 0.0251287851562
8 Z 0.964274586198 0.964307180526 0.334831637605 0.00031246875
8 alpha 0.148962708411 0.149027081351 0.749583972006 0.197509039063
8 overshoot 0.415588099378 0.41786981158 0.469329446826 0.0442908515625
8 diffusion 0.577255911487 0.57905878658 0.273262012432 0.585545632813
8 age 0.955057440575 0.955063109928 0.321374190366 0.123425401557
8 X_c 0.951600035528 0.951653712426 0.475563070779 0.0309443723779
8 mass_cc 0.811899057411 0.812891305514 0.330381515842 0.00593577912615
8 Y_surf 0.843032615985 0.843124355029 0.437094729565 0.0238096981482
8 L 0.993906950206 0.99390905885 0.290473192018 0.104876618199
8 radius 0.987386715279 0.987386904982 0.407569801196 0.0178844552375
8 M 0.938771287613 0.938772319651 0.595170521256 0.0424274335938
8 Y 0.208089390541 0.20815370769 0.786606941755 0.0243672460937
8 Z 0.962149476222 0.962225766992 0.332879516394 0.000324734375
8 alpha 0.167244691988 0.168427035427 0.770122224063 0.199699203125
8 overshoot 0.389158028463 0.391728680198 0.475321130056 0.0445944492187
8 diffusion 0.575607290294 0.577454160373 0.278417656952 0.592285550781
8 age 0.949023130046 0.949026792204 0.323284768189 0.123034002722
8 X_c 0.953261984016 0.953264540298 0.466904816572 0.0301697904359
8 mass_cc 0.815192671477 0.815535364005 0.316758427558 0.00559566677201
8 Y_surf 0.849705833149 0.849725502114 0.419456088998 0.022905797363
8 L 0.994201910494 0.994201922623 0.28881499567 0.101953642457
8 radius 0.987108636789 0.987108672008 0.40457486027 0.0179904663549
8 M 0.937762953875 0.93777893625 0.587945049984 0.0418630742188
8 Y 0.208472758757 0.20848085087 0.795891237471 0.024788890625
8 Z 0.958319390464 0.958383382337 0.349984899751 0.0003430234375
8 alpha 0.153360667175 0.153389130855 0.785552963218 0.204707226563
8 overshoot 0.385759440101 0.385779727889 0.471264759952 0.0449806796875
8 diffusion 0.583523494759 0.584965495979 0.273794894501 0.595752523437
8 age 0.958560568511 0.958579393413 0.329641860339 0.126791828789
8 X_c 0.952495859312 0.952518777321 0.46996591956 0.0302258340198
8 mass_cc 0.814804308491 0.815088239846 0.31879418819 0.00563270492129
8 Y_surf 0.851520814086 0.851584017576 0.432279780515 0.0242389535831
8 L 0.994590453908 0.994590721758 0.291045524807 0.10252912323
8 radius 0.986361688339 0.986362208453 0.403142334484 0.017925662867
8 M 0.941468042641 0.941471931774 0.570946495186 0.0401541640625
8 Y 0.197447300548 0.197620475753 0.765669252048 0.0238838515625
8 Z 0.964357526614 0.964362485038 0.33249945408 0.000317671875
8 alpha 0.161189876936 0.161274848147 0.752096947356 0.197472691406
8 overshoot 0.410693032416 0.411285304686 0.481879475261 0.045525984375
8 diffusion 0.563026406071 0.564647900757 0.279028150074 0.57917596875
8 age 0.956579851744 0.956582157047 0.319807935143 0.12131612137
8 X_c 0.952432939968 0.95243527217 0.468284217081 0.0303212199207
8 mass_cc 0.811848005144 0.812330778926 0.322005496616 0.00574505007556
8 Y_surf 0.845003330405 0.845004547155 0.44563081047 0.0242402843361
8 L 0.994578501759 0.994584058255 0.280428191853 0.0995452672255
8 radius 0.988548746095 0.988549198155 0.388645627016 0.017177463109
8 M 0.939656780932 0.939661974562 0.584043386207 0.0408778554687
8 Y 0.206047079536 0.206150535357 0.790618360163 0.0245469804687
8 Z 0.959670045267 0.959692027471 0.333287975056 0.00032048046875
8 alpha 0.175058215484 0.175469300486 0.762419342977 0.198002992188
8 overshoot 0.392423606376 0.39423746476 0.471606093182 0.0436528320313
8 diffusion 0.555253066428 0.556088466665 0.27797483224 0.594023945313
8 age 0.949707974884 0.949711933311 0.326567823204 0.123332929312
8 X_c 0.954083579729 0.954084977381 0.464172494682 0.0297489525477
8 mass_cc 0.811422193313 0.811590123538 0.325569893581 0.0057523662224
8 Y_surf 0.849647668236 0.849652537212 0.436734568666 0.0237248564454
8 L 0.994738688598 0.994738726241 0.288971656425 0.101871848196
8 radius 0.987247288866 0.987248110472 0.39384701769 0.0174280134904
8 M 0.940748973346 0.941004970449 0.582569640635 0.0412760859375
8 Y 0.215929606469 0.222823394691 0.765502823873 0.0238556210937
8 Z 0.9606891571 0.960689217327 0.340551195447 0.0003103984375
8 alpha 0.159090116885 0.159927568913 0.765515700077 0.200440945312
8 overshoot 0.398448746262 0.399497364967 0.476529384597 0.0446710507812
8 diffusion 0.559813467411 0.560784655759 0.279767875139 0.598656753906
8 age 0.951190699661 0.95120675736 0.333878964775 0.124629426621
8 X_c 0.951901415759 0.951940672247 0.471150774239 0.0303705052637
8 mass_cc 0.807040967017 0.807764987235 0.331869973541 0.00583450649065
8 Y_surf 0.850412793604 0.850531505065 0.430205243995 0.0234907125732
8 L 0.994522676808 0.994527169541 0.291068161264 0.105863534959
8 radius 0.987566110667 0.98760845156 0.397793408444 0.0177802172683
8 M 0.939361478093 0.939363357707 0.587035419823 0.0415264570312
8 Y 0.203404719346 0.204896431213 0.77914097758 0.0243343398438
8 Z 0.959414099751 0.959415315098 0.343972538401 0.00033830859375
8 alpha 0.174531828931 0.174567813854 0.794573482156 0.206394789062
8 overshoot 0.397819428931 0.398659801382 0.478914619253 0.044596109375
8 diffusion 0.545004919794 0.545506858187 0.282719854869 0.636938878906
8 age 0.952782079122 0.952796119859 0.32684348887 0.125082087427
8 X_c 0.952211780289 0.952212234799 0.47234021088 0.0304102198291
8 mass_cc 0.81506350485 0.815403436896 0.322123839351 0.00565744785062
8 Y_surf 0.856603848348 0.856762626046 0.429009647625 0.0233913837265
8 L 0.994133748763 0.99413420433 0.287123666237 0.101293731714
8 radius 0.98696221668 0.986962222023 0.404853869018 0.0179684326122
8 M 0.94010408943 0.940155501698 0.586064202057 0.04136965625
8 Y 0.201753295878 0.201760380169 0.770751432521 0.0240420625
8 Z 0.956977820781 0.956982474775 0.335247367085 0.00032997265625
8 alpha 0.167872782902 0.167890523845 0.774912442556 0.201415730469
8 overshoot 0.379361602994 0.379754435632 0.476778757554 0.044985578125
8 diffusion 0.584890792509 0.585812280185 0.281155769154 0.584453832031
8 age 0.95173599573 0.951790079273 0.326118093646 0.123765400684
8 X_c 0.953482142099 0.953490904674 0.470748634023 0.0303056953214
8 mass_cc 0.818934698217 0.819113635363 0.320401893227 0.00558706019697
8 Y_surf 0.859267404298 0.859572646896 0.422498349444 0.0229019480445
8 L 0.994221602875 0.994223720356 0.288339090947 0.101674360665
8 radius 0.986930316268 0.986938745064 0.398396681188 0.017645995907
8 M 0.941316725753 0.94136157643 0.579086946504 0.0408594492188
8 Y 0.189004009038 0.19050422324 0.751335043285 0.0234409726562
8 Z 0.958806926804 0.958907669946 0.33602069413 0.0002979921875
8 alpha 0.150836149484 0.150893062161 0.806606448993 0.209778617188
8 overshoot 0.401216590803 0.401377440726 0.472115129211 0.0440757070312
8 diffusion 0.583221631488 0.584615455407 0.275398881616 0.600249308594
8 age 0.958721730903 0.958782258531 0.319187560334 0.118807636593
8 X_c 0.954301185915 0.95430126962 0.46289278592 0.0299859959054
8 mass_cc 0.822561686909 0.822692025289 0.318040581906 0.00562637877051
8 Y_surf 0.849239521378 0.849261095889 0.418789011402 0.0232158612126
8 L 0.99488893903 0.994889503483 0.283327036054 0.100103877765
8 radius 0.988069299382 0.988075874056 0.393641347375 0.0173671676743
8 M 0.939158259894 0.939177787144 0.587407287374 0.0414519648437
8 Y 0.192736694957 0.192764852046 0.789490349849 0.024468671875
8 Z 0.960649413001 0.960656283935 0.34210188623 0.00031751953125
8 alpha 0.174690187847 0.174701551384 0.754402681012 0.199363589844
8 overshoot 0.401500252543 0.403760101237 0.465784754128 0.0439213632813
8 diffusion 0.564247047667 0.567237234746 0.273115638392 0.57607140625
8 age 0.952669365506 0.952671493122 0.32136595865 0.12150162223
8 X_c 0.954241217648 0.954258032447 0.465605844785 0.0299333250647
8 mass_cc 0.812320087583 0.812813771314 0.318437235517 0.00563829698596
8 Y_surf 0.850411547641 0.850549531198 0.423431410909 0.023178623794
8 L 0.994992975757 0.994993125799 0.29027146801 0.101831913987
8 radius 0.987107153009 0.987108038033 0.398097743805 0.0174651633711
8 M 0.939142317589 0.939143469575 0.590191893448 0.0416874023438
8 Y 0.204049152161 0.204050204255 0.79016991933 0.024645953125
8 Z 0.961899055735 0.961966049791 0.343163359636 0.00032574609375
8 alpha 0.167442785225 0.167793760452 0.783359385435 0.204157023437
8 overshoot 0.405719375819 0.407040882448 0.477631367495 0.0451977460938
8 diffusion 0.563003030175 0.563590403558 0.286417176273 0.608033183594
8 age 0.951811913371 0.951816784683 0.329630266723 0.124956111911
8 X_c 0.953206231655 0.953224517793 0.477390824426 0.030743506386
8 mass_cc 0.804445414985 0.804869267617 0.327255782664 0.00575864849015
8 Y_surf 0.868841110983 0.869732227712 0.410754269601 0.0228588879743
8 L 0.9943905281 0.994391503027 0.287791840198 0.101983176381
8 radius 0.986854160536 0.986858489289 0.400225369645 0.0176909747678
8 M 0.940525052355 0.940613029247 0.587597632514 0.041851703125
8 Y 0.215513989165 0.218037769376 0.759142548976 0.0238101992187
8 Z 0.960211280745 0.960294880385 0.331879046033 0.000335265625
8 alpha 0.18222524259 0.182538000549 0.787243001803 0.204474035156
8 overshoot 0.423645158921 0.423750778866 0.474261316885 0.0450043164062
8 diffusion 0.56463651528 0.564843165177 0.278948178633 0.595699109375
8 age 0.960084882385 0.960100348368 0.330520510986 0.126973417422
8 X_c 0.952092102432 0.952114631764 0.477314715402 0.0307199765544
8 mass_cc 0.811886651869 0.812415427709 0.329470030003 0.00578894216846
8 Y_surf 0.846797625609 0.847022706837 0.43799536703 0.0237457640064
8 L 0.993999548741 0.993999803662 0.297812266627 0.102688793998
8 radius 0.987695874577 0.987706462188 0.40202955041 0.0178264618605
8 M 0.941810577639 0.941812702471 0.585621910691 0.0417889492188
8 Y 0.211753936056 0.211885787876 0.793686004469 0.0246348164063
8 Z 0.962506275672 0.962525863797 0.337357468584 0.00031896875
8 alpha 0.177846003388 0.177900367815 0.781826031933 0.204195527344
8 overshoot 0.390410128334 0.390791096533 0.475028045851 0.043784546875
8 diffusion 0.575758862877 0.576582208947 0.274685673371 0.582639039063
8 age 0.957089441614 0.957090425033 0.321225727492 0.121595411699
8 X_c 0.953656215224 0.95367465542 0.46879209311 0.0305277335844
8 mass_cc 0.811602906637 0.811699673578 0.329433007003 0.00582207852278
8 Y_surf 0.848251515625 0.848382332078 0.428973794157 0.024070401217
8 L 0.994257118069 0.994257552081 0.293021501194 0.103189207052
8 radius 0.986889877647 0.986894389865 0.400375031007 0.0177076729201
8 M 0.940299116867 0.94038563281 0.58729877743 0.0418951757813
8 Y 0.180484432972 0.183286905111 0.770334045809 0.02407090625
8 Z 0.964660655045 0.964770611098 0.327043188577 0.00030386328125
8 alpha 0.157073755405 0.158588837673 0.778090321867 0.20236125
8 overshoot 0.396136708026 0.398120959744 0.466175692799 0.043073203125
8 diffusion 0.587882656524 0.588646164078 0.281524909544 0.5964820625
8 age 0.95050837572 0.95051063503 0.321370014997 0.120364607104
8 X_c 0.951551517994 0.951575536833 0.473484127177 0.0306243085009
8 mass_cc 0.814369902756 0.814767046874 0.321938167544 0.00581229555305
8 Y_surf 0.841338340819 0.841541974787 0.439003750122 0.0237477596006
8 L 0.994195077152 0.994195268217 0.290367745142 0.105012950464
8 radius 0.986514375153 0.986523873856 0.400401765383 0.0177200950828
8 M 0.94212060729 0.942121090973 0.580856403748 0.0418105390625
8 Y 0.204942539586 0.205810311857 0.762704300054 0.0239542578125
8 Z 0.96103609042 0.961050910321 0.335240599355 0.00033533984375
8 alpha 0.159630050322 0.159797213692 0.78676656215 0.206421511719
8 overshoot 0.402748402504 0.402749821454 0.47376450236 0.0455579492187
8 diffusion 0.565284209512 0.565305325779 0.286835897703 0.599024882813
8 age 0.956151912847 0.956205832871 0.326316388066 0.125700668112
8 X_c 0.952317761011 0.952318461591 0.468109786588 0.0303050582853
8 mass_cc 0.808888915382 0.809272572575 0.332513707589 0.00597266173988
8 Y_surf 0.857521228382 0.85757277199 0.432569009091 0.0236989522986
8 L 0.994052108497 0.994054117086 0.295262476452 0.104514155467
8 radius 0.987094633993 0.987095695383 0.394994265439 0.0176899209832
8 M 0.942997710519 0.943002867454 0.567761319179 0.0404735273437
8 Y 0.206504015778 0.206523917582 0.756914735582 0.0237343515625
8 Z 0.964296964433 0.964496507826 0.335224359009 0.00032580078125
8 alpha 0.165934370003 0.165947959919 0.797743457292 0.208835035156
8 overshoot 0.379331830516 0.381075773016 0.474124802915 0.0440707890625
8 diffusion 0.582451031792 0.582614087525 0.27214708928 0.61626390625
8 age 0.954446637199 0.954475877177 0.330877538628 0.124686596146
8 X_c 0.954525096208 0.954526829994 0.455083982311 0.0291505943858
8 mass_cc 0.81917461341 0.819233586835 0.320122591743 0.00571609959359
8 Y_surf 0.858135546309 0.858145669466 0.419383250057 0.0228224007561
8 L 0.994463915797 0.994463923396 0.28748571649 0.102922166984
8 radius 0.98839919946 0.988400576966 0.386189537242 0.0171105121491
8 M 0.938006522349 0.938115961158 0.588198870925 0.0417908710938
8 Y 0.18574259787 0.189051150714 0.771695124036 0.024174015625
8 Z 0.959525988152 0.959592466531 0.325178531702 0.00031097265625
8 alpha 0.150318196597 0.150515653285 0.749885039516 0.197630261719
8 overshoot 0.412848156052 0.413636465133 0.481674821764 0.0449624765625
8 diffusion 0.564590185919 0.564601143056 0.275432981536 0.590330460938
8 age 0.956312393792 0.956365816428 0.322159746681 0.123780306276
8 X_c 0.952172455919 0.952181053409 0.474713092457 0.0306511733823
8 mass_cc 0.811812805341 0.812407408896 0.317870880161 0.00561409600816
8 Y_surf 0.846292567665 0.846735742086 0.432885329828 0.0241330230537
8 L 0.993662441116 0.993670417088 0.293863597427 0.102551822841
8 radius 0.986662796175 0.986687778999 0.39796613041 0.0176845520772
8 M 0.938916892077 0.93910197453 0.59638225993 0.0421818945313
8 Y 0.205378350562 0.206993957794 0.800492958995 0.0247397070313
8 Z 0.956365432612 0.956444583302 0.352781449587 0.00032954296875
8 alpha 0.149415501131 0.149737376359 0.813449241523 0.211187648437
8 overshoot 0.405444672294 0.407747840846 0.475720137553 0.0443368203125
8 diffusion 0.565390547301 0.56664470584 0.270483536427 0.625400335937
8 age 0.947301891879 0.947317001815 0.333341520187 0.127275871073
8 X_c 0.951993778516 0.951996542327 0.474726400282 0.0307955548718
8 mass_cc 0.804746128598 0.805580073273 0.330319495719 0.005874664371
8 Y_surf 0.842108805131 0.842109928086 0.437553594687 0.0241254667009
8 L 0.994384510319 0.994388184843 0.292369796502 0.104013790978
8 radius 0.988089174082 0.988110876788 0.400970463853 0.0178340160542
8 M 0.942582609522 0.942594480489 0.582437344118 0.041470359375
8 Y 0.206049694695 0.206309359675 0.782262618189 0.0244944335938
8 Z 0.963084157282 0.96319038715 0.3395654004 0.00031311328125
8 alpha 0.170821603321 0.171481365906 0.782555305092 0.204979621094
8 overshoot 0.404178746756 0.404541451683 0.479971160786 0.0453548320313
8 diffusion 0.590632048489 0.591980606272 0.272147934133 0.5962245
8 age 0.954913622484 0.954922381037 0.317540868007 0.122126192312
8 X_c 0.953580651482 0.953599614455 0.469783921144 0.0303501413093
8 mass_cc 0.814946353788 0.815031281095 0.326909419867 0.00591020245351
8 Y_surf 0.847730693482 0.847732855125 0.428932722254 0.0236185101238
8 L 0.99442692524 0.994431173381 0.284020431176 0.101007909295
8 radius 0.987686276437 0.987686499559 0.398162170326 0.0176530248685
8 M 0.939107879159 0.939122781163 0.59716861153 0.04254259375
8 Y 0.207718616788 0.207799726685 0.787771878409 0.0245221523438
8 Z 0.962057415961 0.962102629147 0.349503570931 0.00034073046875
8 alpha 0.149512879806 0.149818514704 0.793056429063 0.205595199219
8 overshoot 0.396776375694 0.397729374951 0.474258827196 0.0449358828125
8 diffusion 0.548825581347 0.548867837349 0.281903311576 0.63948546875
8 age 0.953816491019 0.95387593003 0.331824921142 0.126630608621
8 X_c 0.95241852844 0.952466383474 0.464530799185 0.0301164887072
8 mass_cc 0.802892978262 0.80354237992 0.326877897276 0.00584448579035
8 Y_surf 0.859836624882 0.859950847055 0.398102846131 0.0216084802537
8 L 0.994168581497 0.994168761148 0.291833866941 0.105563397306
8 radius 0.988332549425 0.988339244777 0.401502161082 0.0179493283996
8 M 0.941246013246 0.941331927419 0.577807029554 0.0412636835937
8 Y 0.199935616096 0.201796026096 0.778706612527 0.02424840625
8 Z 0.964279035393 0.964450974459 0.341336522489 0.0002956015625
8 alpha 0.1397188544 0.139720320802 0.783836634945 0.204936390625
8 overshoot 0.41239275619 0.413528221753 0.481652128576 0.0438669257812
8 diffusion 0.543137152151 0.543302164359 0.280136000915 0.600527289062
8 age 0.952021036867 0.952023592198 0.327348072182 0.120657938614
8 X_c 0.952621501569 0.95262322339 0.463001895653 0.0301321524772
8 mass_cc 0.8024569919 0.803019523931 0.327839677173 0.00586941245638
8 Y_surf 0.861078415522 0.861257294828 0.412942269789 0.0225309647878
8 L 0.9948818538 0.994882581266 0.285809531037 0.103074793264
8 radius 0.988660384577 0.988681139805 0.394363154207 0.017480859603
8 M 0.940859696887 0.940924483974 0.599495808953 0.0428663671875
8 Y 0.200957797172 0.20223791167 0.783886033664 0.0243467304687
8 Z 0.95957004008 0.959680977529 0.331051581336 0.00030577734375
8 alpha 0.170763052996 0.170769423519 0.751588787731 0.197179832031
8 overshoot 0.422328625038 0.426115411533 0.474937878576 0.043626796875
8 diffusion 0.569241671922 0.56968896719 0.279318434879 0.573237296875
8 age 0.955044156979 0.95508028048 0.320994265437 0.121162195182
8 X_c 0.952099902849 0.952100992598 0.472701501508 0.0306094563052
8 mass_cc 0.801738249518 0.802495086599 0.33259523474 0.00592540379126
8 Y_surf 0.844165313971 0.844220662089 0.438846540121 0.0242105768
8 L 0.993858979235 0.993859918841 0.292096159416 0.103082724951
8 radius 0.986829725383 0.986841908357 0.404761467011 0.0179552803878
8 M 0.941906102389 0.941907323772 0.575447259781 0.0410719101563
8 Y 0.199607956696 0.200030980679 0.76277952595 0.0239083632813
8 Z 0.968038012296 0.968092140896 0.328537989287 0.00032516015625
8 alpha 0.17531156669 0.17536870079 0.760819101139 0.199242691406
8 overshoot 0.395600335505 0.395915748341 0.471581815365 0.0439684726562
8 diffusion 0.581846392411 0.583981905038 0.275488785021 0.617114007812
8 age 0.95819330298 0.958204385367 0.32071492718 0.120009216414
8 X_c 0.954295291892 0.954296799866 0.454988693762 0.0293754035041
8 mass_cc 0.812969826387 0.813081720204 0.32105237099 0.00560332572435
8 Y_surf 0.853759254307 0.853762767101 0.411019457308 0.0222867283809
8 L 0.994404526063 0.994408418825 0.284994935056 0.101046931485
8 radius 0.986900607837 0.986904249524 0.392101594007 0.0174725388817
8 M 0.939790989322 0.939805749859 0.594929092873 0.0423714375
8 Y 0.202176853031 0.202706412035 0.775577773685 0.0242005703125
8 Z 0.958232512743 0.958233661314 0.336731519666 0.0003304921875
8 alpha 0.154384453057 0.155022679109 0.780957604224 0.204241664063
8 overshoot 0.37771648781 0.379337156945 0.472882818195 0.0444044492187
8 diffusion 0.563521769077 0.56366355485 0.283038654364 0.618896542969
8 age 0.953818717499 0.953829470408 0.321535508676 0.121488677655
8 X_c 0.95326330838 0.953269861584 0.46452554502 0.0299563986948
8 mass_cc 0.811623616023 0.811906119925 0.318232934491 0.00564534643522
8 Y_surf 0.850441050094 0.85045022566 0.424992112469 0.0233313391028
8 L 0.994319828127 0.994319829869 0.291659340582 0.101890350503
8 radius 0.986882792238 0.986884001739 0.402970990479 0.0176515292793
16 M 0.946835734038 0.946862694134 0.591597317701 0.039008640625
16 Y 0.279480170218 0.280249488391 0.750697553766 0.0225842148438
16 Z 0.966908295285 0.966908304926 0.327403542591 0.00024119140625
16 alpha 0.180906722546 0.181296232102 0.743305089975 0.191233925781
16 overshoot 0.444749562613 0.445329340745 0.47218346076 0.042070078125
16 diffusion 0.607495454232 0.608226923523 0.297173387856 0.434035175781
16 age 0.964173782882 0.964198606497 0.30882377784 0.099899987672
16 X_c 0.962566347177 0.962567865706 0.449362015813 0.0264218879455
16 mass_cc 0.860562670356 0.860835398687 0.301516732676 0.00489025010778
16 Y_surf 0.870875467852 0.870876426463 0.411801381118 0.0206340121584
16 L 0.995006971461 0.995007356039 0.302496359004 0.0918085903718
16 radius 0.989597871791 0.989599124045 0.415009506588 0.0162723558416
16 M 0.946773455385 0.946773456064 0.597329475642 0.0392756484375
16 Y 0.271298132961 0.271335831831 0.749471032498 0.0227992382812
16 Z 0.9670557694 0.967060950251 0.33255165571 0.0002576875
16 alpha 0.188947440123 0.19014731243 0.79243154565 0.200656492188
16 overshoot 0.437696026866 0.439592820543 0.474696718509 0.04149709375
16 diffusion 0.560523332857 0.562315937768 0.30223919586 0.499737867188
16 age 0.952436233722 0.952480119955 0.313604763857 0.102074301531
16 X_c 0.962024396716 0.962024608853 0.461341035094 0.0270109824428
16 mass_cc 0.855112461479 0.855350794688 0.29557390902 0.0046440331664
16 Y_surf 0.876576176127 0.876584279766 0.410671080679 0.0206320168347
16 L 0.995497482306 0.995503089316 0.304228111207 0.0893535481176
16 radius 0.989191814926 0.989191934195 0.415798279272 0.0163159500853
16 M 0.944299039071 0.944299885564 0.595357897429 0.0394562617188
16 Y 0.254713672453 0.255159309352 0.739586650092 0.0224976054688
16 Z 0.973967748214 0.973969712668 0.320941621854 0.000249296875
16 alpha 0.18831914153 0.188476242411 0.793629188745 0.200849066406
16 overshoot 0.458234297017 0.460955699085 0.469074754175 0.0418589140625
16 diffusion 0.60456529086 0.605399196504 0.289598278443 0.438090644531
16 age 0.957313225021 0.957324392499 0.307289333588 0.0994251240351
16 X_c 0.961840879894 0.961859801216 0.456015953219 0.0267462562803
16 mass_cc 0.850586771247 0.851022980123 0.295352165939 0.00467101807476
16 Y_surf 0.872116255053 0.87211778772 0.409465813389 0.0208789050704
16 L 0.9954089487 0.995411526538 0.300228136228 0.0903266979684
16 radius 0.989881661674 0.989881669715 0.416321927906 0.0164711789233
16 M 0.943838817511 0.943856659653 0.602692070999 0.039547890625
16 Y 0.26563833371 0.265693745355 0.746040524033 0.0226468398437
16 Z 0.969741684233 0.969766776157 0.341913744352 0.00024946875
16 alpha 0.179833732318 0.17983427029 0.743701319512 0.188449210937
16 overshoot 0.460297685099 0.462832109179 0.473121884455 0.0417941171875
16 diffusion 0.581515511126 0.582256363706 0.28664240435 0.449136925781
16 age 0.95358236838 0.953629876312 0.316808535038 0.101950465918
16 X_c 0.962560608174 0.962569184971 0.450739251625 0.0264437827913
16 mass_cc 0.847375005067 0.847644734723 0.303392953204 0.00482158999413
16 Y_surf 0.869446002264 0.86952347188 0.418327075955 0.0214112481868
16 L 0.995013472739 0.995013472739 0.307726000849 0.0924346850635
16 radius 0.989233020369 0.989235342814 0.417832573378 0.0165722308144
16 M 0.946019844357 0.946067517409 0.585306011281 0.0387055859375
16 Y 0.263549700314 0.264992280403 0.759510469971 0.0231653320313
16 Z 0.976123804106 0.976207756921 0.321329957147 0.0002571015625
16 alpha 0.196041649694 0.196042102859 0.730411037232 0.187620464844
16 overshoot 0.475250833322 0.475536344229 0.473354505708 0.0420008046875
16 diffusion 0.609474242918 0.610923903817 0.292710922259 0.425739972656
16 age 0.962362284205 0.96242418794 0.313654915658 0.101974865496
16 X_c 0.96187076543 0.961890969483 0.464202288653 0.0272514874293
16 mass_cc 0.861736778451 0.862118268539 0.295888255595 0.00469259958586
16 Y_surf 0.863852661527 0.863853768238 0.43238164235 0.021694401074
16 L 0.995241904145 0.995241951983 0.29841802732 0.0882310848141
16 radius 0.989482922167 0.989483290359 0.414146316249 0.0164961909164
16 M 0.946868340149 0.946903241153 0.576467714648 0.0378803789063
16 Y 0.270409803189 0.270593983133 0.752038934943 0.0229267851562
16 Z 0.974024178753 0.97402663464 0.317135658684 0.0002531328125
16 alpha 0.191943773747 0.192205909813 0.724664308177 0.18410996875
16 overshoot 0.463155210967 0.463370840019 0.46424844616 0.04107475
16 diffusion 0.589207287459 0.589594833399 0.293037496765 0.427188570313
16 age 0.963550621474 0.963551225654 0.311839776741 0.101450267551
16 X_c 0.96244200736 0.962442619673 0.448900499127 0.0266136108107
16 mass_cc 0.855579992327 0.855906138956 0.293561131397 0.00472461997253
16 Y_surf 0.872457025066 0.872461241961 0.412295125927 0.0205500455688
16 L 0.995658317534 0.995663541329 0.297223080476 0.0877538883241
16 radius 0.9880849158 0.988105228543 0.402794799547 0.0158399100875
16 M 0.946719911577 0.946792418492 0.601289528509 0.03984615625
16 Y 0.280582745746 0.281714167462 0.753939085793 0.02291975
16 Z 0.967840090205 0.967841378874 0.338885847215 0.0002497734375
16 alpha 0.195708374151 0.195708467069 0.786023560651 0.199133421875
16 overshoot 0.462342638592 0.46268203345 0.46784600942 0.04131996875
16 diffusion 0.578371972258 0.57895357081 0.300725259411 0.467148289063
16 age 0.962503407207 0.962514290937 0.317605721497 0.104813408518
16 X_c 0.961414774269 0.961440142759 0.459284035939 0.0267818634493
16 mass_cc 0.85550853629 0.855754776829 0.294884670853 0.00470006350203
16 Y_surf 0.876705829105 0.87673543159 0.398432936494 0.0201821925778
16 L 0.995321107807 0.995324179934 0.310591496402 0.0920887752349
16 radius 0.989759273224 0.989786055677 0.421989021324 0.0168317528929
16 M 0.946325649645 0.946325649654 0.582618749711 0.0384298007813
16 Y 0.269026174825 0.269075721898 0.744896398986 0.0226920234375
16 Z 0.97227131705 0.972359906187 0.333943940076 0.00026558984375
16 alpha 0.189770903001 0.189847350284 0.774627891003 0.196420929687
16 overshoot 0.457391525537 0.45922006817 0.475563654956 0.0424203632813
16 diffusion 0.600498881783 0.601225633429 0.289213076764 0.437586519531
16 age 0.955938269926 0.956008254776 0.314404681916 0.101470993897
16 X_c 0.961858326263 0.9618594447 0.462920834252 0.0267980165017
16 mass_cc 0.857896036609 0.858162441811 0.299745673255 0.00477398704715
16 Y_surf 0.877328291233 0.877368192793 0.424345776512 0.0214638843164
16 L 0.994963685944 0.994967805442 0.302209687739 0.0910018745112
16 radius 0.987947498762 0.987952228159 0.411027925896 0.0161710126062
16 M 0.944998846535 0.944998854135 0.592889679974 0.0395401289063
16 Y 0.259304277736 0.259492039532 0.756210474977 0.0230917929687
16 Z 0.973311935713 0.973363331231 0.329396898536 0.0002630546875
16 alpha 0.192326060642 0.192546392769 0.739005029128 0.187669121094
16 overshoot 0.469534003513 0.471473862406 0.473733774719 0.0413250039063
16 diffusion 0.603515251303 0.604977537572 0.298486078757 0.486255914062
16 age 0.961285345041 0.961313703113 0.310262307978 0.0996869826434
16 X_c 0.960413293223 0.960415278052 0.466357621678 0.0274859274956
16 mass_cc 0.845572902567 0.845794196138 0.306447886961 0.00494819471114
16 Y_surf 0.878448597307 0.878548085137 0.385101443972 0.0196907508732
16 L 0.995215424379 0.995216424553 0.306147613432 0.0922856409687
16 radius 0.98856822705 0.98856826143 0.41349988708 0.0165291857982
16 M 0.946343616313 0.946400044104 0.59475285019 0.0392906523438
16 Y 0.271267597013 0.272500322212 0.751384507253 0.0228314570312
16 Z 0.970838344557 0.970938483473 0.328174506158 0.00024233203125
16 alpha 0.16962778146 0.16971274001 0.756571170409 0.193138066406
16 overshoot 0.461365234504 0.461413722279 0.474723838742 0.0425631210937
16 diffusion 0.602614478125 0.602896016794 0.289087735703 0.4351601875
16 age 0.965697280561 0.965714270492 0.316507732585 0.101113987969
16 X_c 0.960977428717 0.961020238973 0.46628351047 0.0272864470473
16 mass_cc 0.858232872811 0.858269360778 0.305394971102 0.00494842140684
16 Y_surf 0.871353918183 0.871354180833 0.415863203154 0.0214325305204
16 L 0.994936263201 0.994938026776 0.309609238902 0.0937312007561
16 radius 0.988900372508 0.988904060997 0.418589187562 0.0163467463808
16 M 0.946462095918 0.946462223273 0.586638407468 0.0381840273437
16 Y 0.277760194382 0.278483837632 0.722080400399 0.0219720078125
16 Z 0.969103089525 0.969118296483 0.325847373625 0.0002258828125
16 alpha 0.177115926658 0.177731428973 0.753862355269 0.192911445312
16 overshoot 0.444179716714 0.444636212915 0.480498968337 0.0418023085938
16 diffusion 0.578003517749 0.580226108359 0.304116171734 0.4197439375
16 age 0.958096742647 0.958100537369 0.311468465871 0.0977845544233
16 X_c 0.961164530475 0.961172300077 0.460942983962 0.026786560296
16 mass_cc 0.853718251664 0.854054297296 0.307061398122 0.00491019994706
16 Y_surf 0.875583575451 0.87558561136 0.412705527984 0.0205330832546
16 L 0.995248293199 0.995250338271 0.295301099586 0.0901839675191
16 radius 0.988809597496 0.988813122977 0.41417547587 0.0161412711082
16 M 0.943804733541 0.943883128254 0.622345336519 0.0407786875
16 Y 0.269970518577 0.273073034627 0.779811411523 0.02368378125
16 Z 0.971442002799 0.971442038946 0.326226907307 0.00022760546875
16 alpha 0.156960100375 0.157360009615 0.759062065209 0.193136269531
16 overshoot 0.475831464113 0.476464628059 0.478575445901 0.042054515625
16 diffusion 0.628119845038 0.628766142541 0.289228660064 0.420259863281
16 age 0.955116659464 0.955174499036 0.322457189698 0.0999450421315
16 X_c 0.960700280328 0.960776199829 0.479161162432 0.0279197143053
16 mass_cc 0.853248270003 0.85351715089 0.299192255796 0.00477390738432
16 Y_surf 0.872798264932 0.872900315232 0.420319300985 0.0213877804185
16 L 0.99512970346 0.995129809665 0.314462928691 0.0954456066745
16 radius 0.988364891363 0.988369001309 0.431908900796 0.0169903103795
16 M 0.943635216761 0.943635230241 0.582764542853 0.0382094414063
16 Y 0.264873554305 0.264876622648 0.738273136994 0.0226006679688
16 Z 0.96694743057 0.966951181966 0.335939892403 0.0002536953125
16 alpha 0.175791065588 0.178523519737 0.768832437244 0.19454234375
16 overshoot 0.44612296794 0.447193692447 0.475231549254 0.042246578125
16 diffusion 0.592276178091 0.592661930395 0.29988292521 0.458636882813
16 age 0.957043923004 0.957049344094 0.318360184309 0.103302967801
16 X_c 0.961440338568 0.961448560835 0.453370494467 0.0267979881988
16 mass_cc 0.858736366813 0.859074280002 0.299715695325 0.00488785697591
16 Y_surf 0.876377801612 0.876403732553 0.39124041653 0.0197807575875
16 L 0.995434144669 0.995434144871 0.300068548285 0.0900226752021
16 radius 0.987844094426 0.98784565681 0.411099450077 0.0162935148415
16 M 0.948987804055 0.948987877409 0.595385915906 0.0387385820313
16 Y 0.281761284934 0.281761634339 0.750668638672 0.0226383046875
16 Z 0.971969343988 0.971973168461 0.331637339118 0.00026362890625
16 alpha 0.195183363782 0.19524615471 0.755953532178 0.190173867188
16 overshoot 0.43978096127 0.439861026227 0.473003136024 0.0421919335937
16 diffusion 0.629860495919 0.630770464802 0.297598996457 0.444557449219
16 age 0.959496853068 0.959537592294 0.317283998214 0.102829219332
16 X_c 0.961980039534 0.961995593429 0.460644612998 0.0268568325981
16 mass_cc 0.859262969886 0.859273685297 0.294394811874 0.00467371228002
16 Y_surf 0.871723741003 0.871758522287 0.418207866689 0.0208707887336
16 L 0.995569794909 0.995570070876 0.302705552419 0.0887354568151
16 radius 0.990129742784 0.990129781672 0.417340173025 0.0161822058236
16 M 0.945920749332 0.945980587813 0.585674637929 0.0388846992187
16 Y 0.251453882467 0.25173174529 0.740468051676 0.022545640625
16 Z 0.968636801817 0.968662399359 0.32823754382 0.0002591015625
16 alpha 0.187116860107 0.18712856882 0.762482067791 0.192883242188
16 overshoot 0.457923501231 0.458288060477 0.471757641169 0.0423498789062
16 diffusion 0.622275974074 0.62354290187 0.291736809008 0.456084980469
16 age 0.962498374431 0.962507971536 0.315223600288 0.104655881672
16 X_c 0.962324188533 0.962324218004 0.455781540106 0.0266826278999
16 mass_cc 0.858587008876 0.858653711645 0.294248962954 0.0047743321505
16 Y_surf 0.872959264554 0.873208283982 0.397510735739 0.0198393392932
16 L 0.995423274332 0.995426443852 0.304060801727 0.0907121384446
16 radius 0.989627138546 0.989632001528 0.411842175226 0.016340049033
16 M 0.94626982688 0.946402197201 0.599101394293 0.0397443945312
16 Y 0.292453135901 0.294834079785 0.761771762696 0.0230712734375
16 Z 0.971418932118 0.971504504295 0.331737144443 0.00023999609375
16 alpha 0.189697680247 0.190211292205 0.776002719826 0.195694894531
16 overshoot 0.464108179308 0.466277098734 0.466742754485 0.0405447773437
16 diffusion 0.55351957717 0.5565422829 0.296417407193 0.433985355469
16 age 0.960882130137 0.960937954028 0.320144914381 0.102363302111
16 X_c 0.961021926666 0.961060240114 0.466202826073 0.0272787591657
16 mass_cc 0.855367745028 0.855593525976 0.305998762682 0.00488520843023
16 Y_surf 0.874644183098 0.874689614123 0.400243781029 0.0202518966919
16 L 0.995309907315 0.995310618163 0.309408109256 0.0957664319728
16 radius 0.989647397489 0.989654497088 0.421046008773 0.0166060756901
16 M 0.945965757982 0.945982954979 0.589939821152 0.0388289726562
16 Y 0.274212558356 0.274405035883 0.732607042389 0.0221906445313
16 Z 0.97349853628 0.973500725097 0.329866723041 0.00023671875
16 alpha 0.163028197188 0.1630281973 0.785942574007 0.2005874375
16 overshoot 0.436700636111 0.437519716352 0.476674981645 0.0414964765625
16 diffusion 0.596369571373 0.596467126005 0.299031524085 0.414489535156
16 age 0.955161380855 0.955180611101 0.316865681577 0.0995374199969
16 X_c 0.962042674085 0.962052649052 0.459101731889 0.0267025894886
16 mass_cc 0.858039731814 0.858104680065 0.294085837662 0.00470962968023
16 Y_surf 0.866120077101 0.866243071414 0.419765435835 0.0211437353905
16 L 0.995026358017 0.995029706581 0.306017778314 0.0937745646898
16 radius 0.988758338287 0.988758374644 0.410609198228 0.0161267341466
16 M 0.944535523047 0.944557284332 0.594702167011 0.0395313515625
16 Y 0.250229276693 0.25138173963 0.743964444029 0.02253625
16 Z 0.969807891159 0.969824422801 0.330851367043 0.0002305390625
16 alpha 0.174941361136 0.174994372475 0.74447957634 0.189392175781
16 overshoot 0.464537181987 0.465257964229 0.477442632092 0.0422774648438
16 diffusion 0.591576058227 0.592445291085 0.297976455626 0.481428621094
16 age 0.961999514897 0.962000889574 0.31918258634 0.10260228773
16 X_c 0.960308497347 0.960331325236 0.461927942892 0.0269617042279
16 mass_cc 0.844364927411 0.844879291422 0.29826369281 0.00478786420813
16 Y_surf 0.871309065933 0.871318868466 0.420277648233 0.0211918463705
16 L 0.995492654771 0.995493502728 0.301966974161 0.0913477083118
16 radius 0.988754273258 0.988756041985 0.417501719205 0.0165697575614
16 M 0.942001320744 0.94201469817 0.613557608868 0.0402976484375
16 Y 0.255371790038 0.255712155308 0.773523632237 0.0234545078125
16 Z 0.966257017332 0.966258169977 0.34536953483 0.0002539296875
16 alpha 0.178867822577 0.17987583745 0.777542030723 0.19671546875
16 overshoot 0.463128155038 0.463282118814 0.474931229639 0.042889859375
16 diffusion 0.585935311169 0.58634312602 0.287069183238 0.434673007813
16 age 0.957302407601 0.957331903865 0.31538256567 0.102069129613
16 X_c 0.960195755542 0.960211812458 0.469036019429 0.027785596348
16 mass_cc 0.84137563511 0.841703964459 0.296609150327 0.00475111887508
16 Y_surf 0.871205919766 0.871212289208 0.423628609093 0.0217011904981
16 L 0.995273746882 0.995274731799 0.308361144711 0.0917657495361
16 radius 0.988754833836 0.988755210926 0.426748222761 0.0167484789072
16 M 0.944047914943 0.944181045258 0.617523668591 0.0404993867188
16 Y 0.258178894324 0.260823011242 0.791593946458 0.0237368867188
16 Z 0.969987801955 0.970006167675 0.33852476219 0.00023999609375
16 alpha 0.188289604891 0.188289770894 0.769714876117 0.195188
16 overshoot 0.453520315489 0.454095704759 0.470316297703 0.0412645078125
16 diffusion 0.595892002143 0.598519048603 0.293185564434 0.450655925781
16 age 0.957437700304 0.957594199842 0.319457192809 0.103179514868
16 X_c 0.960419343551 0.960468058999 0.4711515721 0.0276251327859
16 mass_cc 0.851922863281 0.852304110281 0.306763813463 0.00494595249079
16 Y_surf 0.866166380922 0.866170894267 0.429176686827 0.0215300034487
16 L 0.995364182744 0.99536418803 0.316185815932 0.0949271903845
16 radius 0.988346953199 0.988360729902 0.425741028835 0.0168850291073
16 M 0.944501903255 0.944528966078 0.595180949986 0.0397843671875
16 Y 0.25668333164 0.256855298475 0.735322707854 0.0223578554687
16 Z 0.971947296975 0.9719521555 0.310846498117 0.0002373984375
16 alpha 0.193913160323 0.194440268854 0.76173397854 0.192459808594
16 overshoot 0.447067968598 0.448317111049 0.467840189125 0.041615109375
16 diffusion 0.594383643067 0.595905020381 0.296149909826 0.446806855469
16 age 0.964996625059 0.964998427535 0.309526452579 0.100998962562
16 X_c 0.96295091095 0.962951947156 0.450965530488 0.0262773305219
16 mass_cc 0.857604219346 0.857772739098 0.286468221438 0.00453901170741
16 Y_surf 0.879630193747 0.879630601136 0.397529058652 0.0197087363524
16 L 0.995661115402 0.995661213662 0.304315200234 0.0914886474234
16 radius 0.988262046987 0.988269272836 0.411542886963 0.0164259359486
16 M 0.949221918459 0.949278942458 0.590245865375 0.038871734375
16 Y 0.272354376622 0.273789943892 0.741604595678 0.0224801953125
16 Z 0.969776170549 0.969782133145 0.332675452951 0.0002276328125
16 alpha 0.179009694486 0.179075019546 0.742856831141 0.189102605469
16 overshoot 0.46239258984 0.465758200718 0.475661539648 0.0412521132813
16 diffusion 0.580608494825 0.581098912461 0.287276094426 0.428812167969
16 age 0.953088532428 0.953175635108 0.321034306683 0.100010629473
16 X_c 0.961429425956 0.961438413088 0.459030939496 0.0269050032675
16 mass_cc 0.849164147316 0.84984156188 0.306189100889 0.00491172337085
16 Y_surf 0.876039617288 0.87608816858 0.397358113295 0.0198737137779
16 L 0.995032051262 0.995034541498 0.306366322629 0.0927620700849
16 radius 0.989838577123 0.989846946104 0.41414557352 0.016210417513
16 M 0.945231364177 0.945339471367 0.60109499244 0.0398396953125
16 Y 0.264871373104 0.266369248663 0.746584684878 0.0229153046875
16 Z 0.971556972254 0.971564020992 0.330436344261 0.00024667578125
16 alpha 0.169717085009 0.169835017202 0.760577315071 0.193177269531
16 overshoot 0.463604852238 0.466829759545 0.469761192294 0.0414581367187
16 diffusion 0.603890620241 0.604124479719 0.303927393937 0.459295742187
16 age 0.951657230647 0.951712832214 0.314774414769 0.100305813564
16 X_c 0.961177323734 0.961238784991 0.464571500318 0.0272926322557
16 mass_cc 0.847512723488 0.847888265504 0.303301321616 0.00488536894191
16 Y_surf 0.873254097499 0.873286445664 0.402189791276 0.0199704498695
16 L 0.995099464144 0.995100857628 0.308825874059 0.094098316478
16 radius 0.989175639525 0.989187418834 0.419061194996 0.0167013989519
16 M 0.94805455061 0.948119572506 0.596803340873 0.0393939375
16 Y 0.289050256344 0.290747789379 0.756146976125 0.0229423476563
16 Z 0.974246406317 0.974385746164 0.326553992812 0.00024403515625
16 alpha 0.193703012959 0.193975643327 0.764484061116 0.193679441406
16 overshoot 0.436219309962 0.436324709809 0.468755933426 0.0410170546875
16 diffusion 0.577971147868 0.578585506149 0.295651278846 0.38987528125
16 age 0.962839483256 0.962846409563 0.312716812811 0.098654835854
16 X_c 0.962644154526 0.962691503448 0.462985225083 0.02667445637
16 mass_cc 0.86530267605 0.865371949104 0.300535782382 0.00477382024629
16 Y_surf 0.875947469316 0.876221880045 0.415595820063 0.0211517544287
16 L 0.995773426997 0.995773438259 0.304093683298 0.0912008331526
16 radius 0.990071909984 0.990078028415 0.416712674208 0.0162274156277
16 M 0.946696760645 0.946719104745 0.598629938212 0.03931309375
16 Y 0.258437311822 0.259009646458 0.770929439378 0.0232943945313
16 Z 0.971914101757 0.971953282393 0.325712122359 0.0002506796875
16 alpha 0.170807701937 0.171013793438 0.780143229327 0.198204617188
16 overshoot 0.479875928873 0.480230529624 0.473241478971 0.0416717382812
16 diffusion 0.62029724253 0.621391962501 0.290348260951 0.44996609375
16 age 0.961509985546 0.96151626072 0.310969271825 0.0998015378866
16 X_c 0.961076865584 0.961103010162 0.464458759421 0.027573708662
16 mass_cc 0.850505881165 0.850666606724 0.297478230844 0.00473589874389
16 Y_surf 0.876997091648 0.877183858244 0.410116295449 0.020787148417
16 L 0.995541805422 0.995546722821 0.307242925338 0.0921114795356
16 radius 0.989754084585 0.989756876663 0.416218351817 0.0164177252813
32 M 0.946112424157 0.9462132646 0.631170811258 0.0393312734375
32 Y 0.291312717764 0.292858634773 0.764425369996 0.022288640625
32 Z 0.975294269057 0.975325078677 0.329084432103 0.000202828125
32 alpha 0.193130537619 0.193132516282 0.798001426519 0.191674292969
32 overshoot 0.46369794916 0.464769694138 0.478889304533 0.0404153867187
32 diffusion 0.62581161678 0.627097116248 0.31295599188 0.4223886875
32 age 0.953589658055 0.953674682313 0.317654428501 0.091723018516
32 X_c 0.964299188632 0.964365183791 0.473380301776 0.025940300645
32 mass_cc 0.874973426338 0.875000846133 0.289504632346 0.00430898017359
32 Y_surf 0.895225590306 0.895316466866 0.404074165533 0.0184999523184
32 L 0.995674262785 0.995674401108 0.336607683484 0.0898100378817
32 radius 0.989491652742 0.989496086945 0.447679681239 0.0163702784161
32 M 0.948254342632 0.94830971715 0.604565956316 0.0374741367187
32 Y 0.302235460817 0.302923829194 0.722517605494 0.02150621875
32 Z 0.975046564064 0.9750685122 0.331608894227 0.000196953125
32 alpha 0.17114624769 0.171170824743 0.784695610328 0.192576699219
32 overshoot 0.49064161985 0.490869772627 0.483244353631 0.0408571914062
32 diffusion 0.582005907069 0.582230540636 0.319830269633 0.368020863281
32 age 0.954405641366 0.954448565593 0.330958644799 0.0935341499162
32 X_c 0.965345888013 0.965363624887 0.459320221223 0.0248371900303
32 mass_cc 0.866927052822 0.867179202531 0.29053509469 0.00431138835447
32 Y_surf 0.880867986225 0.880868224161 0.428155542268 0.0201555069275
32 L 0.995898146584 0.995898757154 0.320246235669 0.0857604549808
32 radius 0.989706348986 0.989710194236 0.438585163361 0.0158609065488
32 M 0.947809742079 0.947932720708 0.602802872902 0.037544265625
32 Y 0.283072569164 0.285569823893 0.750603088769 0.021725
32 Z 0.973243873054 0.973244029025 0.324551304957 0.000199640625
32 alpha 0.18382725109 0.183840251731 0.768926870436 0.187533617188
32 overshoot 0.488352659773 0.490003778712 0.491078315928 0.0416200742187
32 diffusion 0.581267339351 0.58148234602 0.300145791488 0.356004253906
32 age 0.962017439539 0.962024493099 0.321935165643 0.0933284915898
32 X_c 0.963923342899 0.963974888597 0.465529534679 0.0251764734942
32 mass_cc 0.859370194324 0.859546889381 0.299956015196 0.00443600586757
32 Y_surf 0.880938996505 0.880959554258 0.433368629606 0.0204940409422
32 L 0.995663979986 0.99566442672 0.325486440784 0.0853079948079
32 radius 0.989835071048 0.989845159749 0.433980021063 0.0157893049848
32 M 0.945938284436 0.945939995005 0.624510029125 0.0389098046875
32 Y 0.279894361529 0.279928597626 0.761352709155 0.0223815703125
32 Z 0.97861304254 0.978615215465 0.322527481894 0.0002111328125
32 alpha 0.189687105755 0.190552782519 0.751395126592 0.182910378906
32 overshoot 0.486911616972 0.48934021669 0.478182977344 0.040244921875
32 diffusion 0.617387092039 0.618050414877 0.312241026773 0.3473349375
32 age 0.957093808343 0.957139088716 0.319847084141 0.0926574407788
32 X_c 0.964231884816 0.964246386854 0.468135061627 0.0252070806937
32 mass_cc 0.869486370796 0.869626548232 0.292003285607 0.00429929784658
32 Y_surf 0.889200038237 0.889200119919 0.421604688076 0.0195272268609
32 L 0.99606783368 0.996068856204 0.329039293373 0.086064646729
32 radius 0.988840389151 0.988844595401 0.440701800053 0.0162385945636
32 M 0.945615796556 0.945616429573 0.631021298549 0.038965109375
32 Y 0.286584204959 0.286749917808 0.755331083935 0.022188515625
32 Z 0.975144281278 0.975185511751 0.327007244939 0.00019698828125
32 alpha 0.20163905811 0.202159837338 0.743717492933 0.181629085937
32 overshoot 0.471401605877 0.471404653449 0.478387117861 0.0401936171875
32 diffusion 0.603174226562 0.603523670175 0.311835649538 0.347638753906
32 age 0.963444123405 0.963448849748 0.315474678186 0.0901779831325
32 X_c 0.963710784435 0.96374179437 0.468324750567 0.0256033659471
32 mass_cc 0.867824664929 0.867860354013 0.292219101752 0.00431844920253
32 Y_surf 0.888003700834 0.888006172913 0.41770214388 0.0197823724035
32 L 0.99527967383 0.995284486226 0.330307148818 0.0875333408307
32 radius 0.988805296717 0.988806856486 0.448269568345 0.0162476767889
32 M 0.948115946144 0.948369692507 0.616135494677 0.0385401640625
32 Y 0.28786261775 0.293830908114 0.738322391704 0.0218972460938
32 Z 0.976630200203 0.976630203962 0.314824422 0.00018190234375
32 alpha 0.156467556729 0.157719747908 0.747183102448 0.185077265625
32 overshoot 0.451847906143 0.451898448706 0.466908843923 0.03807221875
32 diffusion 0.566161667308 0.566514230886 0.302851145153 0.323019933594
32 age 0.9601476151 0.960162305421 0.305943004231 0.0836087005125
32 X_c 0.965563831672 0.965921782945 0.464703064487 0.0254261587513
32 mass_cc 0.870010492297 0.870104797894 0.287442080379 0.00425177019889
32 Y_surf 0.889403112095 0.889643989864 0.412233358917 0.0196098172887
32 L 0.995984762154 0.995986733664 0.329334645539 0.0876344508658
32 radius 0.989263708 0.989302486617 0.447445565615 0.0160967499099
32 M 0.94722465023 0.947225253197 0.611688252927 0.0379613007812
32 Y 0.286290186706 0.28632544748 0.730152572128 0.0216931328125
32 Z 0.980746398337 0.980862760209 0.319698132487 0.0001926953125
32 alpha 0.192507413033 0.192610065277 0.781047450534 0.189197640625
32 overshoot 0.493871603684 0.49427600554 0.47954577352 0.0408051054688
32 diffusion 0.595720095754 0.595743011044 0.319956687383 0.387814496094
32 age 0.96620890085 0.966212787759 0.321852823266 0.0914892281406
32 X_c 0.965412740029 0.965413101955 0.4703342553 0.0254059323489
32 mass_cc 0.868122797432 0.868161962146 0.289299288586 0.00427782484617
32 Y_surf 0.892471306919 0.892482848437 0.408100017145 0.0185875549368
32 L 0.995742465427 0.995744968238 0.316126418198 0.0853043591096
32 radius 0.989348083175 0.989357085909 0.433338927583 0.0157072903237
32 M 0.947232433652 0.947324558299 0.603952330401 0.0372724882812
32 Y 0.309042711195 0.309812595533 0.74239743723 0.0215168710937
32 Z 0.97734866402 0.97736769458 0.333003177993 0.000201015625
32 alpha 0.177755000243 0.17902550911 0.788195308385 0.191266765625
32 overshoot 0.474496922198 0.475332332562 0.483278427249 0.0398766796875
32 diffusion 0.589633014478 0.589633583691 0.319441271111 0.39933553125
32 age 0.954676315963 0.954681821797 0.325390630255 0.0916735130107
32 X_c 0.964546049258 0.964584193268 0.465152152948 0.0252337234637
32 mass_cc 0.867673495335 0.867772588685 0.285052878729 0.00416395691791
32 Y_surf 0.896016315247 0.896017857759 0.413494553181 0.0194070943396
32 L 0.995532222231 0.995545232651 0.323391587319 0.0854202350864
32 radius 0.989177122635 0.989178710688 0.431757243843 0.0155113251177
32 M 0.948144007256 0.948258275413 0.607756719248 0.0378820859375
32 Y 0.306502115697 0.308215970764 0.751226954458 0.0219522890625
32 Z 0.975399971742 0.975402147517 0.326801773353 0.00020990625
32 alpha 0.192478415024 0.192698867004 0.776004123022 0.18680709375
32 overshoot 0.494204479042 0.496344650397 0.471901469958 0.039371875
32 diffusion 0.562337378559 0.564974088374 0.302848099209 0.339830597656
32 age 0.9643800099 0.964485887764 0.313188833229 0.0910119541465
32 X_c 0.964600538423 0.964736322871 0.469275304638 0.0253333529846
32 mass_cc 0.867131677124 0.86722922053 0.297176181793 0.00440534453676
32 Y_surf 0.886041580212 0.886068165302 0.418937151803 0.0197119274661
32 L 0.995922063665 0.995922109953 0.322766711908 0.0834720069524
32 radius 0.989594258188 0.98960284278 0.433156967631 0.0158108570421
32 M 0.950117615765 0.950132498453 0.603297876078 0.0374678007812
32 Y 0.308961785465 0.308966240982 0.722546926275 0.0212328085938
32 Z 0.973928553379 0.973964689408 0.328309105769 0.00021253125
32 alpha 0.199987844292 0.200384313026 0.762195623441 0.18325434375
32 overshoot 0.452084958441 0.45410494544 0.478285945891 0.0403893671875
32 diffusion 0.587851131302 0.588571271063 0.31299423493 0.363477011719
32 age 0.953162530226 0.953358553402 0.321039681069 0.0930849108397
32 X_c 0.965006536721 0.965012627754 0.46604721508 0.0252530082058
32 mass_cc 0.868149136216 0.868438689208 0.288755492611 0.0042729808448
32 Y_surf 0.885128960752 0.885169614422 0.404193561765 0.0187322901308
32 L 0.99533389402 0.995337255649 0.323587039071 0.0863384311918
32 radius 0.990281105762 0.990281106059 0.435356859835 0.0157096177148
32 M 0.945733301051 0.945773597456 0.643565833263 0.0391068046875
32 Y 0.296998571442 0.297229186807 0.775611234409 0.0226900039063
32 Z 0.978316838484 0.97835333915 0.322829012623 0.000198234375
32 alpha 0.170893910908 0.171423448058 0.756115329164 0.184227148437
32 overshoot 0.495619553944 0.49624635322 0.479678619435 0.0400628007813
32 diffusion 0.538582099237 0.539128824399 0.312134549846 0.364904019531
32 age 0.964005432231 0.964017378963 0.321407364208 0.0918483677268
32 X_c 0.963850547255 0.963899730657 0.477435645508 0.0258843817347
32 mass_cc 0.870360439555 0.870382690537 0.291487752612 0.00432681952295
32 Y_surf 0.890960991218 0.890981670374 0.424630628561 0.019291334232
32 L 0.99556869853 0.995568703371 0.338145841073 0.0901722635272
32 radius 0.989603741709 0.989606339077 0.454898030437 0.016317009481
32 M 0.95065235544 0.950807300339 0.599284616026 0.0369676210937
32 Y 0.305810753619 0.307279070717 0.7343201869 0.0214445585937
32 Z 0.976784554184 0.976802260179 0.32616842707 0.00018682421875
32 alpha 0.167248367086 0.167278631551 0.755816094844 0.185903492188
32 overshoot 0.471487565131 0.47387271053 0.474040850071 0.0388152304687
32 diffusion 0.603426358988 0.607098611205 0.307545441309 0.327749351563
32 age 0.961614826096 0.961716951003 0.308155847194 0.0850325715243
32 X_c 0.965914130811 0.966008481746 0.451314085755 0.0242623031618
32 mass_cc 0.862461718284 0.862624706921 0.286210698913 0.00420597549365
32 Y_surf 0.893175264041 0.893592448303 0.394060067696 0.0182907772872
32 L 0.996305895669 0.996307141675 0.31981495309 0.0862573511806
32 radius 0.990579607321 0.990601721894 0.424351629058 0.0151985782089
32 M 0.945966220537 0.946375301825 0.613771201739 0.0380158398437
32 Y 0.285555876149 0.294780456191 0.746620912684 0.021710328125
32 Z 0.977736477283 0.977737990777 0.319117545372 0.00021010546875
32 alpha 0.15717788796 0.157184944566 0.787508971858 0.190167355469
32 overshoot 0.493721420643 0.493722018535 0.474370910136 0.0399380195313
32 diffusion 0.643314074464 0.643333120118 0.308470359843 0.373437648437
32 age 0.96517909037 0.965179325879 0.325615420082 0.0952590516833
32 X_c 0.964954846815 0.965186115115 0.462078493361 0.0249444155707
32 mass_cc 0.875948820924 0.876105665568 0.285921326815 0.00414425468386
32 Y_surf 0.890382484139 0.890532187328 0.431779897247 0.0198028199988
32 L 0.995591900603 0.995593730659 0.333411377256 0.0889019250152
32 radius 0.988692574815 0.988705650582 0.436264986843 0.0159666451509
32 M 0.946764767373 0.946853248076 0.628076541249 0.0388811992187
32 Y 0.291500232161 0.294340866075 0.766376383545 0.02251509375
32 Z 0.976340004016 0.97635362592 0.332571083855 0.0002119609375
32 alpha 0.186641802324 0.18687832556 0.77752866579 0.188611976562
32 overshoot 0.48441953977 0.485594903268 0.478926587352 0.0407408828125
32 diffusion 0.617356713226 0.617406850027 0.31172382076 0.363353589844
32 age 0.962938163097 0.962953793207 0.322431335044 0.0929058697961
32 X_c 0.963692513124 0.963806245903 0.47238661697 0.0257335683635
32 mass_cc 0.856387535347 0.856576220157 0.295366056241 0.00437549454079
32 Y_surf 0.896120113637 0.896149972603 0.417840770917 0.0192629787319
32 L 0.996120883926 0.996121569786 0.328621401468 0.0878708027548
32 radius 0.989140251057 0.989145803538 0.452783917264 0.0165755919172
32 M 0.94690734174 0.946924588889 0.605941469771 0.0379553242187
32 Y 0.2825632373 0.282980232663 0.746043184086 0.0219713085938
32 Z 0.97559648452 0.975597976246 0.321074632874 0.00020216015625
32 alpha 0.162127310138 0.162215243744 0.748560498854 0.184897457031
32 overshoot 0.502889214803 0.504872032129 0.473295866429 0.0396212929688
32 diffusion 0.582871029748 0.584791825171 0.311719787173 0.382234316406
32 age 0.964339547825 0.964407388311 0.319107018684 0.091027200342
32 X_c 0.963230448583 0.963275576841 0.472996819248 0.0256931458216
32 mass_cc 0.8626535069 0.862953371087 0.294960557814 0.00430289219189
32 Y_surf 0.888013587017 0.888020482512 0.410808747091 0.0193660428735
32 L 0.995959357121 0.99595946715 0.317908583068 0.0861398079926
32 radius 0.989711564422 0.989711796662 0.435716580058 0.0160830749344
32 M 0.947664123973 0.94771689936 0.610677395968 0.037797
32 Y 0.311946010668 0.312687469146 0.749126889721 0.0220848515625
32 Z 0.977464391865 0.977464391907 0.33925746936 0.00020310546875
32 alpha 0.183547085305 0.184310796484 0.785880280884 0.191863078125
32 overshoot 0.455917682048 0.456264043246 0.476497308542 0.039450265625
32 diffusion 0.601742453383 0.603995049964 0.308518749437 0.341112570312
32 age 0.963507048585 0.96351295166 0.316108493002 0.089793114306
32 X_c 0.965061087169 0.965116775543 0.465603332163 0.0250939600773
32 mass_cc 0.872802310707 0.872805250436 0.29101924224 0.00430494421595
32 Y_surf 0.887464695953 0.887465128794 0.413937600396 0.0192769176617
32 L 0.995981863811 0.995983956156 0.324471950862 0.0854581549566
32 radius 0.990276155559 0.990280685895 0.438353311589 0.0157890611227
32 M 0.948233417015 0.9482562995 0.622339940863 0.038169078125
32 Y 0.298417342171 0.298883246478 0.76569957341 0.022244484375
32 Z 0.976209644866 0.976212028228 0.322430888607 0.00020922265625
32 alpha 0.172177658041 0.172869193415 0.7382957103 0.181048855469
32 overshoot 0.488358127058 0.489147933424 0.471733947724 0.040140953125
32 diffusion 0.617878044342 0.61795428922 0.314648611101 0.388711636719
32 age 0.954728613432 0.954770440332 0.316352651326 0.0912171822417
32 X_c 0.964701533425 0.964703679081 0.47598454314 0.0257673650027
32 mass_cc 0.869119055377 0.869182172995 0.290544222848 0.00431927434279
32 Y_surf 0.892910624643 0.892918146077 0.412801867346 0.0189777240361
32 L 0.995620291254 0.995624511977 0.326164935101 0.0864679631286
32 radius 0.989934379214 0.989940573047 0.43890596805 0.015876465323
32 M 0.94679830537 0.946849244403 0.606581146869 0.0371711914062
32 Y 0.304693016172 0.305895083496 0.728878431099 0.0214446328125
32 Z 0.971783506271 0.971784616423 0.327371166262 0.000207296875
32 alpha 0.160540990622 0.160669736441 0.758508385751 0.183003773438
32 overshoot 0.461520082552 0.462676212323 0.471614235499 0.0390510078125
32 diffusion 0.610363351726 0.611712297073 0.306401195956 0.375453769531
32 age 0.950644578435 0.950797406261 0.317346383305 0.0902313024333
32 X_c 0.96523954112 0.965326725633 0.461506159063 0.0249193249808
32 mass_cc 0.875273584541 0.875403757337 0.27963882867 0.00407742907997
32 Y_surf 0.889800816883 0.889848918588 0.406432296134 0.0188362390642
32 L 0.995857714044 0.995857964818 0.326624844553 0.0859359952229
32 radius 0.989021176489 0.989024747282 0.437649122752 0.0157554408455
32 M 0.949378238253 0.949398990903 0.591771864575 0.037030921875
32 Y 0.323229612482 0.323271469417 0.721258654653 0.021323375
32 Z 0.975806338529 0.975806543138 0.329430343198 0.000206625
32 alpha 0.175886308908 0.176569964762 0.759248500778 0.185730441406
32 overshoot 0.475657401122 0.476218686342 0.477561583752 0.0398484921875
32 diffusion 0.596763926224 0.597093821529 0.316171185089 0.368941429687
32 age 0.957161356165 0.957183081399 0.321783373767 0.091805771196
32 X_c 0.964650255205 0.964650689231 0.462023078404 0.0248385252509
32 mass_cc 0.873248185542 0.873295865977 0.278972752613 0.00407527584537
32 Y_surf 0.893500566243 0.893524082757 0.401697214007 0.018535426597
32 L 0.995883690878 0.99588740308 0.319340369387 0.0835534635348
32 radius 0.988809564471 0.98882177136 0.429951974687 0.015499904646
32 M 0.948745025874 0.948836648504 0.604509589991 0.037612953125
32 Y 0.299210584713 0.300479079174 0.732756625022 0.0214440585938
32 Z 0.977600391315 0.977623905226 0.321959447737 0.00020801171875
32 alpha 0.177253457962 0.177989744062 0.798512553537 0.195146277344
32 overshoot 0.484521767064 0.487120368665 0.473841082547 0.0395973984375
32 diffusion 0.595425290343 0.596207680571 0.314454805593 0.396150058594
32 age 0.952308419307 0.95231754486 0.322404673255 0.0913645273963
32 X_c 0.964740257079 0.964773893682 0.457714019056 0.0246835283822
32 mass_cc 0.864036514393 0.864315100588 0.286429217812 0.0042871561086
32 Y_surf 0.895657736744 0.895769283669 0.405760412342 0.0189052997452
32 L 0.995893630489 0.995893636137 0.321764434083 0.0886226294651
32 radius 0.989999062287 0.990000102939 0.427760911743 0.0155111662837
32 M 0.949799786505 0.949885563743 0.599454493495 0.0374338320313
32 Y 0.300638459072 0.30300876018 0.722220976356 0.0215093984375
32 Z 0.980205910703 0.980246345794 0.315710233804 0.000197296875
32 alpha 0.174242402013 0.174244281799 0.780431638467 0.190265339844
32 overshoot 0.452389522159 0.452418459177 0.475102116676 0.0393534453125
32 diffusion 0.603025298914 0.603609924378 0.314984034715 0.335999949219
32 age 0.966240734154 0.966246935804 0.313977907975 0.0883396347261
32 X_c 0.964981832022 0.965064171948 0.462893678217 0.0251774187144
32 mass_cc 0.873914081453 0.873916263081 0.289358544365 0.0042535554737
32 Y_surf 0.890586526289 0.890617602587 0.40901998013 0.0187822423745
32 L 0.995685703666 0.995685706283 0.318211198242 0.0835531018223
32 radius 0.989923278915 0.989926779451 0.427620982371 0.0154559286092
32 M 0.944936458396 0.9450115986 0.62660885742 0.0391292226562
32 Y 0.284267461764 0.285702283533 0.768893845059 0.0224103828125
32 Z 0.978846320443 0.978849982793 0.334840948328 0.00020699609375
32 alpha 0.164713078183 0.164719910003 0.764106604117 0.187101109375
32 overshoot 0.463287423685 0.465992854383 0.485407283675 0.0403056953125
32 diffusion 0.576520167725 0.577312235392 0.311406241923 0.34357240625
32 age 0.953740940281 0.953822438717 0.325981418021 0.0935975596477
32 X_c 0.963761664385 0.963784228803 0.474637193334 0.0257526697193
32 mass_cc 0.855874819591 0.85645805396 0.293900305717 0.00438430751507
32 Y_surf 0.884561395516 0.884593251223 0.423809809057 0.0197723647697
32 L 0.996023013898 0.996023089015 0.33213490419 0.0891392897346
32 radius 0.989319926787 0.989327826384 0.44581483865 0.0161287261036
32 M 0.949220544899 0.949225385634 0.601453358876 0.0373647421875
32 Y 0.301583559332 0.301754957752 0.707682286789 0.0211206757813
32 Z 0.977164076988 0.977170807954 0.325068445003 0.000212140625
32 alpha 0.187743469175 0.187744795761 0.761878225681 0.185008316406
32 overshoot 0.496056667966 0.497346947446 0.480469810816 0.0397268164063
32 diffusion 0.576775483498 0.578034753405 0.306516741417 0.376949753906
32 age 0.960231906832 0.960286030395 0.320797162921 0.0920165803793
32 X_c 0.965634637589 0.96567865135 0.46321655539 0.0249681089194
32 mass_cc 0.866539713984 0.866622989155 0.291532808764 0.00421160068539
32 Y_surf 0.882860341997 0.883056142849 0.419543856927 0.0195759201961
32 L 0.996090624748 0.996091313524 0.322999232429 0.0834273377741
32 radius 0.990694963528 0.99069531851 0.430866434224 0.0156517579012
32 M 0.945368198629 0.945506129113 0.616477223313 0.0385151367187
32 Y 0.303486351215 0.306252146308 0.764984323176 0.0221826796875
32 Z 0.974280592051 0.974281953098 0.343454881747 0.0002117890625
32 alpha 0.160817324697 0.163010595529 0.782037689095 0.190258066406
32 overshoot 0.481469112825 0.482338873952 0.47808024186 0.0405129023438
32 diffusion 0.596462783448 0.598487446181 0.313440654947 0.367628929688
32 age 0.956730389909 0.956755479061 0.320912692466 0.0929763660199
32 X_c 0.964523031921 0.9645781983 0.4585076105 0.0250443596202
32 mass_cc 0.872212306707 0.872340773487 0.292289549687 0.00432882578242
32 Y_surf 0.886511300775 0.886565032099 0.412455044449 0.0193437287879
32 L 0.99593698234 0.995942513243 0.321540498506 0.0901382305336
32 radius 0.988989382907 0.988998945737 0.440603185676 0.0161848727312
32 M 0.948013898689 0.948120964425 0.627694534106 0.0392389375
32 Y 0.274476388875 0.277359202678 0.74567783862 0.0219422070312
32 Z 0.97880528409 0.9788214236 0.321589478013 0.00019380078125
32 alpha 0.152213880281 0.152875365822 0.772490500212 0.191088558594
32 overshoot 0.483930937958 0.484272414507 0.473855755927 0.04013996875
32 diffusion 0.614494060862 0.615246789843 0.30314909018 0.345101238281
32 age 0.958932179105 0.958982630929 0.311830935152 0.088454117024
32 X_c 0.964723066513 0.964828049154 0.468859294283 0.025523087749
32 mass_cc 0.876418658089 0.876458519747 0.290716343847 0.00430163548983
32 Y_surf 0.887771386671 0.887874473107 0.420354703946 0.0197125380087
32 L 0.995477186918 0.99547725965 0.335698971534 0.0885420601046
32 radius 0.989919368319 0.98993005838 0.447978891736 0.0163001150599
64 M 0.948292996498 0.948454565459 0.633717185526 0.0369404492187
64 Y 0.30852309593 0.311628302779 0.736259516663 0.0207392382812
64 Z 0.981542341088 0.981556463511 0.33140931106 0.0001763515625
64 alpha 0.171707006776 0.172042311555 0.803496871838 0.187334472656
64 overshoot 0.486670956707 0.486677996015 0.486626112813 0.0395813984375
64 diffusion 0.614839639838 0.614887267235 0.327254876627 0.308405355469
64 age 0.964120724493 0.964128011658 0.325301513671 0.0844959473659
64 X_c 0.968070530555 0.968092998149 0.46344445214 0.0235542314656
64 mass_cc 0.877081354276 0.87713999364 0.285223510964 0.00389260249354
64 Y_surf 0.900019011837 0.900226206705 0.419718678806 0.0184109987098
64 L 0.995965550759 0.995965573246 0.344978268277 0.0844564119103
64 radius 0.990569934739 0.990577935441 0.455943950173 0.0154279878004
64 M 0.949262913775 0.949378714769 0.641587119119 0.037362703125
64 Y 0.311235856418 0.312012270457 0.738394462963 0.0211430742188
64 Z 0.981675584254 0.981711534355 0.34166984003 0.00018260546875
64 alpha 0.1640206641 0.164798895251 0.811268791942 0.189795699219
64 overshoot 0.445146582269 0.445204634459 0.489188400599 0.0390435820312
64 diffusion 0.587920564812 0.588428897859 0.327234026527 0.321766625
64 age 0.959200425969 0.95922973576 0.328668989375 0.0881477182527
64 X_c 0.965359574678 0.965364898768 0.475228886294 0.0243671053923
64 mass_cc 0.872793295045 0.872825584488 0.28992829641 0.00400036840283
64 Y_surf 0.898164475113 0.898184347428 0.417366255645 0.018177570788
64 L 0.996120861358 0.996125865656 0.350157927691 0.08370178979
64 radius 0.990692140619 0.990704402264 0.467840578779 0.0157540920057
64 M 0.949960276398 0.949984671927 0.617672277161 0.0362073476562
64 Y 0.306945885285 0.307439217686 0.724865465276 0.0206359570312
64 Z 0.979551700165 0.979551734601 0.332093448163 0.00016925
64 alpha 0.138606225856 0.138849593646 0.771316019867 0.18313421875
64 overshoot 0.490515374937 0.490603146138 0.484921254967 0.0388993203125
64 diffusion 0.609233806595 0.612979545052 0.321957933756 0.315084984375
64 age 0.962653745207 0.962676763026 0.320749477749 0.0838859994154
64 X_c 0.966955871631 0.966964440465 0.458929405604 0.0234741352964
64 mass_cc 0.87778614779 0.877822744924 0.288502421224 0.00401556045776
64 Y_surf 0.891288100903 0.891701364211 0.413425364567 0.0178933701715
64 L 0.996087562591 0.996090767987 0.345909915763 0.085156820578
64 radius 0.990342831445 0.99035699747 0.458778943759 0.0153568352738
64 M 0.94812320731 0.948143209183 0.637984222614 0.037263484375
64 Y 0.304877898936 0.305358660054 0.743098409374 0.0211278164062
64 Z 0.978946815288 0.978983107851 0.33695692567 0.000162234375
64 alpha 0.151356686267 0.151482680749 0.821252737606 0.192995992187
64 overshoot 0.488999001625 0.489278878722 0.47261438464 0.0378862304688
64 diffusion 0.605919151223 0.606239744015 0.329119809994 0.334431195313
64 age 0.959670585269 0.959678369885 0.332998467051 0.0854987783337
64 X_c 0.966715611499 0.966733823004 0.464152655845 0.0235906698937
64 mass_cc 0.876767666388 0.876868404562 0.28717148767 0.00401291052065
64 Y_surf 0.903673350538 0.904006087159 0.421593282651 0.0181052501096
64 L 0.996366942015 0.996367203374 0.350617593902 0.0870814277271
64 radius 0.989793787412 0.989794229595 0.460292109074 0.0153642861779
64 M 0.949393343434 0.949553710616 0.623157111716 0.0369963125
64 Y 0.289156658799 0.293907859085 0.737794534982 0.0208556210938
64 Z 0.981569426191 0.981570174971 0.323556081103 0.00017908203125
64 alpha 0.199249883791 0.199278633791 0.768128029579 0.177429875
64 overshoot 0.466985066427 0.467198132253 0.47995439578 0.038350578125
64 diffusion 0.598765652322 0.59900534874 0.324731760519 0.307664792969
64 age 0.960392487498 0.960394085056 0.323171308133 0.0847989657557
64 X_c 0.967118536247 0.967190422965 0.458423499824 0.0235398427927
64 mass_cc 0.875461066208 0.875575497634 0.285439457073 0.00398177901675
64 Y_surf 0.89661932064 0.896628386651 0.438704217658 0.0187812768307
64 L 0.995822879284 0.995823551146 0.34250018656 0.0826722494614
64 radius 0.990272372849 0.990280923712 0.44790713085 0.015458783968
64 M 0.951124013568 0.951157430438 0.608222451233 0.0354709179687
64 Y 0.306629969246 0.307324587761 0.722033859038 0.020429625
64 Z 0.97830561824 0.97830757488 0.334357501195 0.00018675
64 alpha 0.161093800039 0.161214388109 0.786061861994 0.183933125
64 overshoot 0.468515717223 0.46862731004 0.482597005006 0.0378005625
64 diffusion 0.559383209178 0.559955080382 0.325751190504 0.31845321875
64 age 0.950509500717 0.950510730724 0.333177498412 0.0864270995477
64 X_c 0.967306713208 0.967311100464 0.459444515914 0.0232896772746
64 mass_cc 0.880549707198 0.880602220988 0.278340234415 0.00382560935904
64 Y_surf 0.90170771788 0.901712172771 0.405210504544 0.0174085539747
64 L 0.996558685463 0.99655962051 0.32934929674 0.0798894022237
64 radius 0.990821293283 0.99082129566 0.440410041544 0.014802654261
64 M 0.947804006601 0.947865603306 0.635681151909 0.0366084296875
64 Y 0.301193069302 0.302368089885 0.740574578646 0.0209454257813
64 Z 0.98001436674 0.980041687284 0.330156527241 0.0001883828125
64 alpha 0.180111174563 0.180233141131 0.796793397118 0.186071023437
64 overshoot 0.495593882612 0.495946209463 0.486899078325 0.0384407734375
64 diffusion 0.60354185896 0.604830931461 0.331236188864 0.349604863281
64 age 0.958039928947 0.958113544578 0.325631100198 0.086809689916
64 X_c 0.966225447605 0.966237072608 0.471164022507 0.0240076296895
64 mass_cc 0.873294933174 0.873366195884 0.287192823809 0.00390934606093
64 Y_surf 0.901380395275 0.901468639386 0.416246177504 0.0181791368103
64 L 0.996294215438 0.996294215506 0.342420288253 0.0807904007206
64 radius 0.989819436061 0.98981980958 0.456654031441 0.0154697067853
64 M 0.946941752738 0.946975201753 0.645865257587 0.03829371875
64 Y 0.299816612334 0.301013208797 0.760926952337 0.0217363007813
64 Z 0.97871563055 0.97872182705 0.329433404942 0.0001917109375
64 alpha 0.166477074733 0.16649141818 0.787225965507 0.185078644531
64 overshoot 0.462362973754 0.463703358311 0.491757804473 0.0398650195312
64 diffusion 0.555729852344 0.557241376564 0.321375423742 0.332966097656
64 age 0.947532085014 0.947661411356 0.340791471823 0.093255119036
64 X_c 0.965466205904 0.965487624665 0.481912461494 0.0246873438523
64 mass_cc 0.875270317905 0.875371017086 0.289040370691 0.00402740199157
64 Y_surf 0.897603559972 0.897679317829 0.43685661978 0.0190371455408
64 L 0.995740586268 0.995744104092 0.356397464048 0.0864854794199
64 radius 0.98991085703 0.989911340858 0.46664364837 0.016012501664
64 M 0.947296269166 0.94737792117 0.654977967963 0.0389666523438
64 Y 0.294495964692 0.295939683871 0.768975803366 0.0216618476563
64 Z 0.976668910119 0.976673203756 0.333426749296 0.00018260546875
64 alpha 0.146881833391 0.146992297247 0.810247770908 0.190684152344
64 overshoot 0.516546727058 0.516673681315 0.481464958871 0.0391238632813
64 diffusion 0.61929362655 0.620220674383 0.326658254511 0.334111457031
64 age 0.962137198643 0.962187776667 0.328389656777 0.0880724891728
64 X_c 0.965069608948 0.965093507249 0.478203885912 0.0245660874253
64 mass_cc 0.877784873557 0.877839583906 0.28684896223 0.00394390051275
64 Y_surf 0.899815735228 0.899867654852 0.428151019116 0.0187869978122
64 L 0.996125267524 0.996125309375 0.351509034847 0.0868197492629
64 radius 0.989784994 0.989788730946 0.469532505228 0.0163508891842
64 M 0.948777880531 0.94880472439 0.650676430739 0.03767075
64 Y 0.303748942353 0.304480475889 0.749356795012 0.0210166640625
64 Z 0.981652522594 0.981659642008 0.322794968085 0.00017159375
64 alpha 0.181568696417 0.182308243268 0.7995294285 0.187071070312
64 overshoot 0.493512482603 0.493845144545 0.487811745839 0.0388470585938
64 diffusion 0.601810804993 0.60181869653 0.312158667941 0.267851558594
64 age 0.965353387992 0.965370076018 0.32971832705 0.0864865730608
64 X_c 0.966932952825 0.967006842064 0.471380688134 0.0240698986806
64 mass_cc 0.879303606008 0.879349529048 0.285094338497 0.00393349129056
64 Y_surf 0.891374482716 0.891393587078 0.442001007118 0.01926609933
64 L 0.995639397633 0.995640353474 0.357861175108 0.0842055407801
64 radius 0.989834781722 0.989835428956 0.470988664336 0.0156641979988
64 M 0.948283513415 0.948328282354 0.627702847839 0.0368025
64 Y 0.297878568146 0.299443965993 0.750082810422 0.0210000273438
64 Z 0.979254753454 0.979277095068 0.3231859739 0.000177078125
64 alpha 0.148105886373 0.148306237455 0.775821746492 0.184170921875
64 overshoot 0.481759881063 0.482052241502 0.4774826996 0.038084828125
64 diffusion 0.613333935179 0.613497726708 0.32075510618 0.356054839844
64 age 0.961518799835 0.961523924966 0.31876782755 0.0847032283128
64 X_c 0.96701000007 0.967074604993 0.464569502672 0.0236861136542
64 mass_cc 0.874752764276 0.874771319523 0.288497866541 0.0040112633723
64 Y_surf 0.907602038834 0.907605394556 0.411626077984 0.017712273719
64 L 0.996225834003 0.99622600151 0.343691112443 0.0856779500981
64 radius 0.99072025828 0.990721654784 0.447468214281 0.0152728255575
64 M 0.948838741993 0.94895932351 0.634487955778 0.0369083046875
64 Y 0.290347649294 0.291751496073 0.755399057442 0.0212120976563
64 Z 0.979918920217 0.979937204791 0.323268726995 0.00016856640625
64 alpha 0.14855073227 0.148796143265 0.789774137893 0.187667390625
64 overshoot 0.499979613052 0.500883442661 0.48831541448 0.0387805234375
64 diffusion 0.593423095827 0.594854866041 0.320811699822 0.322483
64 age 0.960875705149 0.960907161329 0.330104196269 0.0880065067704
64 X_c 0.966461429349 0.966494062964 0.469652254453 0.0240052930133
64 mass_cc 0.869356707297 0.86946324667 0.28613736007 0.00398254395568
64 Y_surf 0.90155486589 0.901555384929 0.419795192707 0.0185390791133
64 L 0.996563921947 0.996564042308 0.341596021709 0.0842863837765
64 radius 0.99048629513 0.9905024432 0.45473107784 0.01544123542
