  l   n           nu_theo_muHz   nu_obs_muHz             nu_var-nu_theo_muHz
  0   1  2.580071717002456e+02           0.0           4.628366009228557e-03
  0   2  4.044783745315435e+02           0.0           9.037430306136685e-03
  0   3  5.359318754368088e+02           0.0           8.965756585098461e-03
  0   4  6.805574521070698e+02           0.0           6.545544837308626e-04
  0   5  8.253452461900802e+02           0.0          -2.061594316728588e-03
  0   6  9.727226836971380e+02           0.0          -8.060410913117266e-03
  0   7  1.118122138751734e+03           0.0          -2.394774542221967e-02
  0   8  1.263503359883783e+03           0.0          -1.472696094492676e-02
  0   9  1.407608879511524e+03           0.0          -1.827302392075580e-02
  0  10  1.548507387227787e+03           0.0          -1.911621757881221e-02
  0  11  1.686809736483984e+03           0.0          -2.383502163388584e-02
  0  12  1.822216164168887e+03           0.0          -2.869858620169907e-02
  0  13  1.957469446009488e+03           0.0           2.740878778467959e-03
  0  14  2.093534292096331e+03           0.0           2.861571117682615e-02
  0  15  2.228865605492681e+03           0.0           7.449689185250463e-02
  0  16  2.363480927590088e+03           0.0           8.306288054291144e-02
  0  17  2.497362745989915e+03           0.0           1.339833781466950e-01
  0  18  2.631413149543799e+03           0.0           1.772025888858479e-01
  0  19  2.766674421420601e+03           0.0           2.446731130830813e-01
  0  20  2.902252757546769e+03           0.0           3.450621532683726e-01
  0  21  3.038051399229918e+03           0.0           4.487033708946910e-01
  0  22  3.174090583432462e+03           0.0           5.859897772406839e-01
  0  23  3.310159632186849e+03           0.0           7.292576377449222e-01
  0  24  3.446864576930418e+03           0.0           8.721653293750933e-01
  0  25  3.583905574096586e+03           0.0           1.088453456400657e+00
  0  26  3.721152794106014e+03           0.0           1.322107985439743e+00
  0  27  3.858761727082640e+03           0.0           1.559322795258140e+00
  0  28  3.996428333227293e+03           0.0           1.895413462521901e+00
  0  29  4.134364989075180e+03           0.0           2.392853826569080e+00
  0  30  4.272347911426169e+03           0.0           2.944722408073176e+00
  0  31  4.410298578689709e+03           0.0           3.597680108966415e+00
  0  32  4.548447583911724e+03           0.0           4.550247279769792e+00
  0  33  4.686369010399566e+03           0.0           5.964174915807234e+00
  0  34  4.824118244647972e+03           0.0           8.034446985368959e+00
  0  35  4.961525191818017e+03           0.0           1.127740280814942e+01
  1   1  2.851190918740908e+02           0.0           8.320624651446451e-03
  1   2  4.484886849313303e+02           0.0           2.653383967515310e-02
  1   3  5.969617951871493e+02           0.0           3.597498860483483e-02
  1   4  7.466878640744417e+02           0.0           4.081882597131425e-02
  1   5  8.937382614796203e+02           0.0           3.925953800035131e-02
  1   6  1.039576281297882e+03           0.0           2.931350119024501e-02
  1   7  1.185628467530311e+03           0.0           1.908283334159933e-02
  1   8  1.329704203194259e+03           0.0           1.007115837069250e-02
  1   9  1.472975207411935e+03           0.0          -4.762144696996984e-04
  1  10  1.612716485018052e+03           0.0          -2.470363563588762e-02
  1  11  1.749366355066877e+03           0.0          -4.024569203693318e-02
  1  12  1.885071373883181e+03           0.0          -5.034773990769281e-02
  1  13  2.020640854401826e+03           0.0          -3.042251439387655e-02
  1  14  2.156829697676741e+03           0.0           3.232625522741728e-03
  1  15  2.292246772870426e+03           0.0           2.552168524653098e-02
  1  16  2.426345222985291e+03           0.0           6.100147132929124e-02
  1  17  2.560603033442970e+03           0.0           9.642891824069011e-02
  1  18  2.695351200755908e+03           0.0           1.382727669806627e-01
  1  19  2.830909310610165e+03           0.0           2.310708955478731e-01
  1  20  2.966980340235577e+03           0.0           3.163055822901697e-01
  1  21  3.102872832459065e+03           0.0           4.255952064054327e-01
  1  22  3.239122676604919e+03           0.0           5.860012532125438e-01
  1  23  3.375674898470129e+03           0.0           7.165494538699022e-01
  1  24  3.512534503932415e+03           0.0           8.836093545569383e-01
  1  25  3.649941269784585e+03           0.0           1.127534766675581e+00
  1  26  3.787386720047534e+03           0.0           1.365232798783836e+00
  1  27  3.925092897117366e+03           0.0           1.627760930247405e+00
  1  28  4.063067662251578e+03           0.0           2.025702324399390e+00
  1  29  4.200998186122471e+03           0.0           2.568074753597102e+00
  1  30  4.339129353988433e+03           0.0           3.169800320630202e+00
  1  31  4.477234813035397e+03           0.0           3.937665872296748e+00
  1  32  4.615309829871339e+03           0.0           5.090333757588269e+00
  1  33  4.753299280632783e+03           0.0           6.779914553027993e+00
  1  34  4.890885995555515e+03           0.0           9.300075978260793e+00
  2   0  3.557786243729325e+02           0.0           2.714329971968255e-01
  2   1  3.841662998641968e+02           0.0           8.723466741005268e-01
  2   2  5.144936333963192e+02           0.0           2.257325109914063e-01
  2   3  6.644254922963286e+02           0.0           8.245258705471770e-02
  2   4  8.117882235702210e+02           0.0           5.560273759124357e-02
  2   5  9.598938575006337e+02           0.0           4.285980169504455e-02
  2   6  1.105178154143919e+03           0.0           2.063875455451125e-02
  2   7  1.250746413326908e+03           0.0           2.148755020903082e-02
  2   8  1.394712082046320e+03           0.0           7.654319773564566e-03
  2   9  1.535984771056413e+03           0.0          -4.468870464279462e-03
  2  10  1.674654824485075e+03           0.0          -3.086622235969116e-02
  2  11  1.810247675625021e+03           0.0          -5.495105515979049e-02
  2  12  1.945789188764978e+03           0.0          -4.212456755885796e-02
  2  13  2.082036791520432e+03           0.0          -2.248361124020448e-02
  2  14  2.217750319771223e+03           0.0           2.425999439037696e-02
  2  15  2.352834655256646e+03           0.0           3.011096295085736e-02
  2  16  2.486998008349528e+03           0.0           7.957972123267609e-02
  2  17  2.621362888362483e+03           0.0           1.159650316471925e-01
  2  18  2.756893383486691e+03           0.0           1.709715548768145e-01
  2  19  2.892749536139547e+03           0.0           2.697162163212852e-01
  2  20  3.028907107187897e+03           0.0           3.665856837305910e-01
  2  21  3.165220490044663e+03           0.0           4.960664481563981e-01
  2  22  3.301580359643207e+03           0.0           6.449654233233559e-01
  2  23  3.438568342543898e+03           0.0           7.853208159745009e-01
  2  24  3.575839511610040e+03           0.0           9.944595784077137e-01
  2  25  3.713364804223416e+03           0.0           1.232325353111719e+00
  2  26  3.851206469129809e+03           0.0           1.470677816727402e+00
  2  27  3.989086245642952e+03           0.0           1.794661444524991e+00
  2  28  4.127257053054680e+03           0.0           2.280657986721963e+00
  2  29  4.265438664626205e+03           0.0           2.835970879591514e+00
  2  30  4.403599889312037e+03           0.0           3.486332421842235e+00
  2  31  4.541937885163033e+03           0.0           4.419178463082062e+00
  2  32  4.680037194728213e+03           0.0           5.808983820093090e+00
  2  33  4.817985757849694e+03           0.0           7.849579026687934e+00
  2  34  4.955570870231492e+03           0.0           1.102428666232754e+01
  3   0  3.969800348223974e+02           0.0           2.523411147001298e-02
  3   1  4.163612624446702e+02           0.0           2.170916769659357e-01
  3   2  5.647310649380918e+02           0.0           8.625085530093202e-02
  3   3  7.185390158907240e+02           0.0           5.299438917711541e-02
  3   4  8.669715139130700e+02           0.0           4.524464720725518e-02
  3   5  1.015032819874535e+03           0.0           3.512531253181805e-02
  3   6  1.161696634498553e+03           0.0           1.756872875944282e-02
  3   7  1.306803754541266e+03           0.0           1.395467858310440e-02
  3   8  1.451064842998529e+03           0.0           3.129161708557149e-03
  3   9  1.591540280442037e+03           0.0          -1.669102213145379e-02
  3  10  1.729199517208889e+03           0.0          -3.424736864553779e-02
  3  11  1.865221823526437e+03           0.0          -5.341121447327168e-02
  3  12  2.001067211849862e+03           0.0          -3.372642404178805e-02
  3  13  2.137813130826901e+03           0.0          -5.632306140796572e-03
  3  14  2.273678615080365e+03           0.0           2.674067886300691e-02
  3  15  2.408388840846885e+03           0.0           5.229542255574415e-02
  3  16  2.543078641934166e+03           0.0           9.128822298316663e-02
  3  17  2.678086234653501e+03           0.0           1.327932771014275e-01
  3  18  2.814114866548165e+03           0.0           2.177217245321117e-01
  3  19  2.950592111206309e+03           0.0           3.045537740972577e-01
  3  20  3.086925009983329e+03           0.0           4.129454183148482e-01
  3  21  3.223652602056716e+03           0.0           5.705811225752768e-01
  3  22  3.360550987235905e+03           0.0           7.025159487188830e-01
  3  23  3.497843052000375e+03           0.0           8.634946328493243e-01
  3  24  3.635658977208170e+03           0.0           1.105947613883927e+00
  3  25  3.773482050259538e+03           0.0           1.342917417842273e+00
  3  26  3.911618038529816e+03           0.0           1.596955512402474e+00
  3  27  4.049947904113767e+03           0.0           1.982437977037080e+00
  3  28  4.188269828571965e+03           0.0           2.524466962302540e+00
  3  29  4.326779381738781e+03           0.0           3.119325881473742e+00
  3  30  4.465207777323591e+03           0.0           3.863335727609410e+00
  3  31  4.603656098703194e+03           0.0           4.981503364286255e+00
  3  32  4.741974298858501e+03           0.0           6.626262319758098e+00
  3  33  4.879898568101994e+03           0.0           9.074572510020516e+00
