#  The so-called 'Best' set of solar observed frequencies, as used 
#  for structure inversion by Basu et al., MNRAS, 291 243 - 251 (1997)
#
#  Modes with degree l less than or equal to 3 were obtained from
#  a combination of BiSON and LOWL data. At higher degree, only LOWL
#  data were used. 
#  The BiSON data were obtained over the period 1992 October - 1995 June. 
#  The LOWL data are from the period 1994 Feb. 26 - 1995 Feb. 26.
#  For further details, see Basu et al. (1997).
#
#  l is degree, n is radial order, freq is cyclic frequency, and error 
#  is the estimated standard error in freq; 
#  the unit of frequency and error is microHz.
#
#  l    n     freq     error 
   0    9   1407.430   0.030 
   0   10   1548.316   0.020 
   0   11   1686.585   0.017 
   0   12   1822.283   0.064 
   0   13   1957.417   0.030 
   0   14   2093.571   0.052 
   0   15   2228.668   0.060 
   0   16   2362.778   0.035 
   0   17   2496.066   0.078 
   0   18   2629.630   0.033 
   0   19   2763.712   0.024 
   0   20   2899.088   0.028 
   0   21   3033.717   0.068 
   0   22   3168.541   0.068 
   0   23   3303.420   0.126 
   0   24   3438.774   0.298 
   0   25   3575.248   0.417 
   0   26   3710.646   0.284 
   0   27   3847.140   0.340 
   1    7   1185.510   0.020 
   1    8   1329.613   0.021 
   1    9   1472.830   0.015 
   1   10   1612.718   0.009 
   1   11   1749.335   0.022 
   1   12   1884.939   0.037 
   1   13   2020.779   0.020 
   1   14   2156.784   0.025 
   1   15   2291.966   0.119 
   1   16   2425.433   0.024 
   1   17   2559.157   0.030 
   1   18   2693.392   0.029 
   1   19   2828.205   0.028 
   1   20   2963.449   0.016 
   1   21   3098.197   0.028 
   1   22   3233.216   0.031 
   1   23   3368.561   0.060 
   1   24   3504.158   0.082 
   2    8   1394.70    0.07   
   2    9   1535.89    0.02   
   2   10   1674.51    0.01   
   2   11   1810.32    0.02   
   2   12   1945.866   0.046  
   2   13   2082.165   0.025  
   2   14   2217.688   0.109  
   2   15   2352.167   0.028  
   2   16   2485.771   0.112  
   2   17   2619.649   0.039  
   2   18   2754.531   0.028  
   2   19   2889.571   0.024  
   2   20   3024.723   0.031  
   2   21   3159.909   0.029  
   2   22   3295.092   0.041  
   2   23   3430.841   0.059  
   2   24   3566.46    0.06   
   2   25   3703.11    0.33   
   2   26   3840.19    0.48   
   2   27   3976.96    0.28   
   2   28   4114.62    0.65   
   3    8   1450.438   0.125 
   3    9   1591.122   0.149 
   3   10   1729.100   0.090 
   3   11   1865.302   0.065 
   3   12   2001.149   0.042 
   3   13   2137.791   0.079 
   3   14   2273.446   0.042 
   3   15   2407.667   0.033 
   3   16   2541.562   0.027 
   3   17   2676.097   0.029 
   3   18   2811.392   0.024 
   3   19   2946.966   0.020 
   3   20   3082.274   0.022 
   3   21   3217.719   0.026 
   3   22   3353.455   0.036 
   3   23   3489.349   0.068 
   3   24   3626.534   0.331 
   3   25   3763.341   0.297 
   4    8   1500.278   0.015
   4    9   1640.893   0.021
   4   10   1777.936   0.016
   4   11   1914.691   0.021
   4   12   2051.687   0.029
   4   13   2188.324   0.025
   4   14   2324.146   0.023
   4   15   2458.537   0.024
   4   16   2593.065   0.022
   4   17   2728.432   0.021
   4   18   2864.157   0.017
   4   19   3000.113   0.018
   4   20   3135.915   0.020
   4   21   3271.708   0.025
   4   22   3408.108   0.034
   5    7   1401.659   0.013
   5    8   1545.284   0.012
   5    9   1685.837   0.015
   5   10   1823.397   0.019
   5   11   1960.586   0.022
   5   12   2098.416   0.025
   5   13   2235.383   0.023
   5   14   2371.027   0.026
   5   15   2506.106   0.020
   5   16   2641.210   0.019
   5   17   2777.293   0.020
   5   18   2913.726   0.017
   5   19   3049.885   0.018
   5   20   3186.195   0.020
   5   21   3322.615   0.026
   5   22   3459.500   0.036
   6    7   1443.796   0.013
   6    8   1587.469   0.018
   6    9   1727.754   0.017
   6   10   1866.139   0.018
   6   11   2004.073   0.019
   6   12   2142.538   0.020
   6   13   2279.777   0.020
   6   14   2415.554   0.017
   6   15   2551.062   0.018
   6   16   2687.066   0.017
   6   17   2823.711   0.016
   6   18   2960.611   0.014
   6   19   3097.271   0.016
   6   20   3234.021   0.019
   6   21   3370.984   0.026
   7    7   1483.414   0.014
   7    8   1627.510   0.015
   7    9   1767.663   0.012
   7   10   1906.884   0.020
   7   11   2045.847   0.019
   7   12   2184.565   0.021
   7   13   2322.196   0.019
   7   14   2458.187   0.018
   7   15   2594.277   0.016
   7   16   2731.138   0.017
   7   17   2868.338   0.014
   7   18   3005.667   0.015
   7   19   3142.719   0.016
   7   20   3279.848   0.021
   7   21   3417.460   0.027
   8    6   1372.152   0.008
   8    7   1521.250   0.009
   8    8   1665.766   0.011
   8    9   1806.204   0.016
   8   10   1946.114   0.017
   8   11   2086.150   0.018
   8   12   2225.178   0.019
   8   13   2362.833   0.019
   8   14   2499.496   0.019
   8   15   2636.130   0.016
   8   16   2773.723   0.012
   8   17   2911.514   0.013
   8   18   3049.158   0.013
   8   19   3186.718   0.015
   8   20   3324.333   0.020
   8   21   3462.454   0.027
   9    6   1408.468   0.011
   9    7   1557.632   0.010
   9    8   1702.458   0.013
   9    9   1843.645   0.013
   9   10   1984.215   0.017
   9   11   2125.130   0.015
   9   12   2264.525   0.016
   9   13   2402.335   0.017
   9   14   2539.520   0.015
   9   15   2677.023   0.014
   9   16   2815.236   0.013
   9   17   2953.543   0.012
   9   18   3091.524   0.012
   9   19   3229.500   0.015
   9   20   3367.764   0.020
  10    5   1287.974   0.003
  10    6   1443.435   0.008
  10    7   1592.917   0.009
  10    8   1737.848   0.010
  10    9   1880.015   0.016
  10   10   2021.528   0.012
  10   11   2162.947   0.016
  10   12   2302.814   0.016
  10   13   2440.843   0.017
  10   14   2578.628   0.014
  10   15   2716.957   0.012
  10   16   2855.655   0.012
  10   17   2994.485   0.011
  10   18   3132.887   0.013
  10   19   3271.329   0.016
  10   20   3410.110   0.022
  11    6   1477.153   0.012
  11    7   1627.126   0.012
  11    8   1772.219   0.012
  11    9   1915.447   0.013
  11   10   2057.996   0.015
  11   11   2199.778   0.018
  11   12   2340.019   0.015
  11   13   2478.495   0.014
  11   14   2616.939   0.014
  11   15   2756.132   0.012
  11   16   2895.385   0.011
  11   17   3034.545   0.011
  11   18   3173.438   0.014
  11   19   3312.321   0.017
  11   20   3451.638   0.025
  12    5   1351.931   0.007
  12    6   1509.691   0.010
  12    7   1660.261   0.009
  12    8   1805.822   0.010
  12    9   1949.986   0.019
  12   10   2093.649   0.018
  12   11   2235.857   0.017
  12   12   2376.310   0.014
  12   13   2515.439   0.015
  12   14   2654.592   0.014
  12   15   2794.481   0.011
  12   16   2934.365   0.011
  12   17   3073.859   0.011
  12   18   3213.199   0.014
  12   19   3352.650   0.017
  12   20   3492.479   0.027
  13    6   1541.169   0.015
  13    7   1692.355   0.016
  13    8   1838.685   0.012
  13    9   1983.818   0.019
  13   10   2128.544   0.018
  13   11   2271.188   0.017
  13   12   2411.874   0.016
  13   13   2551.652   0.014
  13   14   2691.717   0.013
  13   15   2832.164   0.011
  13   16   2972.563   0.010
  13   17   3112.421   0.011
  13   18   3252.272   0.015
  13   19   3392.321   0.018
  14    4   1242.543   0.012
  14    6   1571.571   0.009
  14    7   1723.526   0.016
  14    8   1870.859   0.019
  14    9   2017.039   0.013
  14   10   2162.544   0.018
  14   11   2305.740   0.015
  14   12   2446.728   0.015
  14   13   2587.317   0.013
  14   14   2728.161   0.012
  14   15   2869.219   0.011
  14   16   3010.144   0.010
  14   17   3150.497   0.012
  14   18   3290.829   0.015
  14   19   3431.449   0.021
  15    4   1268.598   0.008
  15    6   1601.016   0.013
  15    7   1753.782   0.011
  15    8   1902.303   0.017
  15    9   2049.642   0.013
  15   10   2195.831   0.017
  15   11   2339.532   0.015
  15   12   2481.028   0.014
  15   13   2622.353   0.013
  15   14   2764.151   0.011
  15   15   2905.790   0.010
  15   16   3047.039   0.011
  15   17   3188.012   0.013
  15   18   3328.823   0.016
  15   19   3469.919   0.023
  16    5   1467.266   0.009
  16    6   1629.498   0.015
  16    7   1783.256   0.014
  16    8   1933.134   0.021
  16    9   2081.609   0.015
  16   10   2228.396   0.015
  16   11   2372.613   0.014
  16   12   2514.827   0.014
  16   13   2656.876   0.012
  16   14   2799.512   0.011
  16   15   2941.778   0.010
  16   16   3083.429   0.011
  16   17   3224.950   0.013
  16   18   3366.324   0.017
  17    5   1493.508   0.009
  17    6   1657.074   0.010
  17    7   1811.981   0.019
  17    8   1963.319   0.017
  17    9   2113.005   0.012
  17   10   2260.317   0.014
  17   11   2405.039   0.014
  17   12   2548.089   0.012
  17   13   2691.020   0.011
  17   14   2834.339   0.010
  17   15   2977.198   0.010
  17   16   3119.371   0.010
  17   17   3261.412   0.014
  17   18   3403.358   0.017
  18    4   1341.528   0.002
  18    5   1518.740   0.009
  18    6   1683.678   0.011
  18    7   1840.009   0.012
  18    8   1992.845   0.014
  18    9   2143.736   0.013
  18   10   2291.636   0.013
  18   11   2436.853   0.014
  18   12   2580.809   0.012
  18   13   2724.688   0.011
  18   14   2868.639   0.010
  18   15   3012.144   0.010
  18   16   3154.841   0.012
  18   17   3297.353   0.014
  18   18   3439.976   0.021
  19    4   1364.316   0.006
  19    5   1543.074   0.008
  19    6   1709.373   0.010
  19    7   1867.318   0.011
  19    8   2021.781   0.013
  19    9   2173.800   0.012
  19   10   2322.343   0.012
  19   11   2468.138   0.011
  19   12   2613.056   0.011
  19   13   2757.940   0.010
  19   14   2902.507   0.009
  19   15   3046.529   0.009
  19   16   3189.837   0.011
  19   17   3332.907   0.015
  19   18   3476.095   0.024
  20    3   1193.663   0.002
  20    4   1386.489   0.005
  20    5   1566.556   0.019
  20    6   1734.194   0.013
  20    7   1893.930   0.016
  20    8   2050.096   0.015
  20    9   2203.114   0.020
  20   10   2352.443   0.018
  20   11   2498.965   0.017
  20   12   2644.844   0.016
  20   13   2790.688   0.014
  20   14   2935.927   0.015
  20   15   3080.415   0.015
  20   16   3224.364   0.019
  20   17   3368.028   0.024
  21    4   1408.074   0.006
  21    5   1589.269   0.012
  21    6   1758.230   0.012
  21    7   1919.808   0.017
  21    8   2077.718   0.019
  21    9   2231.882   0.018
  21   10   2381.916   0.017
  21   11   2529.281   0.017
  21   12   2676.145   0.015
  21   13   2822.947   0.014
  21   14   2968.890   0.014
  21   15   3113.912   0.014
  21   16   3258.494   0.019
  21   17   3402.840   0.025
  22    3   1233.117   0.003
  22    4   1429.137   0.011
  22    5   1611.322   0.011
  22    6   1781.548   0.012
  22    7   1945.088   0.016
  22    8   2104.772   0.016
  22    9   2260.031   0.016
  22   10   2410.814   0.017
  22   11   2559.194   0.016
  22   12   2707.077   0.014
  22   13   2854.733   0.013
  22   14   3001.392   0.013
  22   15   3146.987   0.015
  22   16   3292.208   0.021
  22   17   3437.206   0.027
  23    3   1252.242   0.003
  23    4   1449.680   0.011
  23    5   1632.797   0.008
  23    6   1804.226   0.014
  23    7   1969.664   0.015
  23    8   2131.154   0.014
  23    9   2287.485   0.015
  23   10   2439.201   0.016
  23   11   2588.657   0.016
  23   12   2737.585   0.014
  23   13   2886.051   0.013
  23   14   3033.396   0.014
  23   15   3179.656   0.017
  23   16   3325.500   0.021
  23   17   3471.221   0.030
  24    3   1271.020   0.003
  24    4   1469.797   0.008
  24    5   1653.693   0.009
  24    6   1826.321   0.011
  24    7   1993.606   0.017
  24    8   2156.797   0.016
  24    9   2314.330   0.017
  24   10   2467.035   0.017
  24   11   2617.662   0.015
  24   12   2767.692   0.013
  24   13   2916.926   0.013
  24   14   3064.994   0.014
  24   15   3211.964   0.017
  24   16   3358.438   0.022
  25    3   1289.414   0.003
  25    4   1489.456   0.009
  25    5   1674.096   0.010
  25    6   1847.909   0.014
  25    7   2016.948   0.016
  25    8   2181.732   0.017
  25    9   2340.509   0.016
  25   10   2494.363   0.016
  25   11   2646.216   0.015
  25   12   2797.319   0.013
  25   13   2947.394   0.012
  25   14   3096.121   0.014
  25   15   3243.866   0.017
  25   16   3391.072   0.023
  26    3   1307.476   0.008
  26    4   1508.725   0.007
  26    5   1694.049   0.010
  26    6   1869.041   0.013
  26    7   2039.768   0.017
  26    8   2206.035   0.017
  26    9   2366.064   0.016
  26   10   2521.162   0.017
  26   11   2674.325   0.015
  26   12   2826.520   0.012
  26   13   2977.408   0.013
  26   14   3126.878   0.014
  26   15   3275.319   0.018
  26   16   3423.303   0.025
  27    3   1325.214   0.005
  27    4   1527.561   0.009
  27    5   1713.606   0.011
  27    6   1889.804   0.012
  27    7   2062.040   0.016
  27    8   2229.712   0.015
  27    9   2390.971   0.018
  27   10   2547.524   0.015
  27   11   2702.059   0.014
  27   12   2855.362   0.013
  27   13   3007.031   0.012
  27   14   3157.185   0.014
  27   15   3306.480   0.019
  27   16   3455.220   0.026
  28    3   1342.657   0.005
  28    4   1546.037   0.008
  28    5   1732.760   0.011
  28    6   1910.157   0.013
  28    7   2083.887   0.016
  28    8   2252.826   0.016
  28    9   2415.319   0.016
  28   10   2573.388   0.015
  28   11   2729.306   0.014
  28   12   2883.682   0.012
  28   13   3036.193   0.012
  28   14   3187.123   0.015
  28   15   3337.184   0.020
  28   16   3486.741   0.029
  29    3   1359.777   0.008
  29    4   1564.163   0.011
  29    5   1751.563   0.011
  29    6   1930.222   0.014
  29    7   2105.339   0.014
  29    8   2275.326   0.017
  29    9   2439.013   0.016
  29   10   2598.680   0.015
  29   11   2756.145   0.013
  29   12   2911.600   0.013
  29   13   3064.959   0.013
  29   14   3216.718   0.015
  29   15   3367.602   0.021
  30    3   1376.593   0.009
  30    4   1581.898   0.011
  30    5   1770.069   0.013
  30    6   1950.006   0.014
  30    7   2126.377   0.015
  30    8   2297.370   0.017
  30    9   2462.261   0.016
  30   10   2623.471   0.015
  30   11   2782.484   0.013
  30   12   2939.079   0.012
  30   13   3093.328   0.013
  30   14   3245.938   0.016
  30   15   3397.625   0.022
  31    3   1393.148   0.006
  31    4   1599.320   0.008
  31    5   1788.260   0.012
  31    6   1969.442   0.015
  31    7   2147.030   0.014
  31    8   2318.909   0.016
  31    9   2484.992   0.016
  31   10   2647.777   0.015
  31   11   2808.330   0.013
  31   12   2966.114   0.012
  31   13   3121.270   0.013
  31   14   3274.772   0.017
  31   15   3427.310   0.024
  32    2   1179.539   0.003
  32    3   1409.433   0.005
  32    4   1616.438   0.008
  32    5   1806.182   0.013
  32    6   1988.671   0.014
  32    7   2167.355   0.014
  32    8   2340.061   0.016
  32    9   2507.266   0.016
  32   10   2671.622   0.015
  32   11   2833.693   0.013
  32   12   2992.685   0.012
  32   13   3148.843   0.013
  32   14   3303.232   0.017
  32   15   3456.717   0.026
  33    2   1193.873   0.003
  33    3   1425.419   0.006
  33    4   1633.225   0.008
  33    5   1823.865   0.013
  33    6   2007.638   0.013
  33    7   2187.375   0.014
  33    8   2360.850   0.015
  33    9   2529.139   0.016
  33   10   2695.005   0.014
  33   11   2858.499   0.014
  33   12   3018.767   0.013
  33   13   3176.040   0.014
  33   14   3331.398   0.020
  33   15   3485.655   0.028
  34    2   1207.980   0.006
  34    3   1441.147   0.006
  34    4   1649.732   0.009
  34    5   1841.251   0.013
  34    6   2026.327   0.015
  34    7   2207.046   0.014
  34    8   2381.228   0.015
  34    9   2550.643   0.016
  34   10   2717.956   0.014
  34   11   2882.907   0.012
  34   12   3044.409   0.012
  34   13   3202.762   0.015
  34   14   3359.151   0.020
  35    2   1221.941   0.002
  35    3   1456.626   0.007
  35    4   1665.943   0.010
  35    5   1858.461   0.012
  35    6   2044.855   0.014
  35    7   2226.419   0.015
  35    8   2401.330   0.015
  35    9   2571.816   0.016
  35   10   2740.509   0.014
  35   11   2906.788   0.013
  35   12   3069.542   0.014
  35   13   3229.108   0.016
  35   14   3386.588   0.022
  36    3   1471.838   0.007
  36    4   1681.895   0.011
  36    5   1875.449   0.013
  36    6   2063.118   0.013
  36    7   2245.542   0.015
  36    8   2421.148   0.015
  36    9   2592.733   0.015
  36   10   2762.694   0.014
  36   11   2930.227   0.013
  36   12   3094.242   0.014
  36   13   3255.031   0.016
  36   14   3413.583   0.023
  37    2   1249.203   0.004
  37    3   1486.803   0.008
  37    4   1697.597   0.012
  37    5   1892.222   0.013
  37    6   2081.176   0.014
  37    7   2264.348   0.015
  37    8   2440.684   0.015
  37    9   2613.342   0.015
  37   10   2784.552   0.014
  37   11   2953.238   0.013
  37   12   3118.459   0.013
  37   13   3280.578   0.017
  37   14   3440.353   0.024
  38    2   1262.569   0.010
  38    3   1501.564   0.007
  38    4   1713.041   0.011
  38    5   1908.803   0.013
  38    6   2098.970   0.014
  38    7   2282.941   0.015
  38    8   2459.992   0.015
  38    9   2633.702   0.014
  38   10   2806.042   0.013
  38   11   2975.855   0.013
  38   12   3142.293   0.014
  38   13   3305.619   0.018
  38   14   3466.663   0.026
  39    2   1275.738   0.015
  39    3   1516.048   0.006
  39    4   1728.272   0.011
  39    5   1925.236   0.013
  39    6   2116.552   0.014
  39    7   2301.281   0.014
  39    8   2479.057   0.015
  39    9   2653.835   0.014
  39   10   2827.277   0.013
  39   11   2998.132   0.012
  39   12   3165.665   0.014
  39   13   3330.342   0.019
  39   14   3492.605   0.026
  40    2   1288.740   0.011
  40    3   1530.339   0.008
  40    4   1743.251   0.012
  40    5   1941.460   0.013
  40    6   2133.971   0.013
  40    7   2319.345   0.014
  40    8   2497.891   0.014
  40    9   2673.771   0.014
  40   10   2848.243   0.012
  40   11   3020.039   0.013
  40   12   3188.655   0.014
  40   13   3354.551   0.020
  41    2   1301.564   0.006
  41    3   1544.357   0.009
  41    4   1758.056   0.010
  41    5   1957.477   0.012
  41    6   2151.158   0.014
  41    7   2337.161   0.014
  41    8   2516.547   0.015
  41    9   2693.497   0.013
  41   10   2868.920   0.012
  41   11   3041.628   0.013
  41   12   3211.329   0.015
  41   13   3378.472   0.021
  42    2   1314.227   0.006
  42    3   1558.186   0.008
  42    4   1772.656   0.011
  42    5   1973.340   0.012
  42    6   2168.137   0.013
  42    7   2354.816   0.015
  42    8   2535.046   0.014
  42    9   2713.018   0.013
  42   10   2889.378   0.012
  42   11   3062.926   0.013
  42   12   3233.592   0.015
  42   13   3401.994   0.021
  43    2   1326.736   0.006
  43    3   1571.815   0.007
  43    4   1787.052   0.011
  43    5   1989.079   0.012
  43    6   2184.873   0.014
  43    7   2372.276   0.015
  43    8   2553.369   0.015
  43    9   2732.376   0.013
  43   10   2909.596   0.012
  43   11   3083.963   0.014
  43   12   3255.563   0.016
  43   13   3425.125   0.023
  44    2   1339.070   0.007
  44    3   1585.211   0.010
  44    4   1801.261   0.010
  44    5   2004.623   0.013
  44    6   2201.477   0.013
  44    7   2389.443   0.014
  44    8   2571.449   0.014
  44    9   2751.540   0.013
  44   10   2929.612   0.012
  44   11   3104.781   0.013
  44   12   3277.302   0.017
  44   13   3447.927   0.025
  45    1   1062.004   0.002
  45    2   1351.268   0.005
  45    3   1598.423   0.009
  45    4   1815.335   0.012
  45    5   2020.027   0.013
  45    6   2217.804   0.014
  45    7   2406.470   0.015
  45    8   2589.430   0.014
  45    9   2770.510   0.012
  45   10   2949.424   0.012
  45   11   3125.323   0.013
  45   12   3298.801   0.018
  45   13   3470.407   0.026
  46    2   1363.298   0.006
  46    3   1611.448   0.008
  46    4   1829.212   0.011
  46    5   2035.274   0.013
  46    6   2233.968   0.014
  46    7   2423.330   0.015
  46    8   2607.250   0.013
  46    9   2789.341   0.012
  46   10   2969.021   0.012
  46   11   3145.674   0.014
  46   12   3319.992   0.019
  46   13   3492.648   0.028
  47    2   1375.184   0.005
  47    3   1624.257   0.008
  47    4   1842.975   0.010
  47    5   2050.354   0.013
  47    6   2249.967   0.015
  47    7   2439.971   0.016
  47    8   2624.908   0.014
  47    9   2807.960   0.012
  47   10   2988.436   0.012
  47   11   3165.805   0.014
  47   12   3341.061   0.020
  48    2   1386.926   0.006
  48    3   1636.890   0.009
  48    4   1856.534   0.013
  48    5   2065.301   0.014
  48    6   2265.758   0.015
  48    7   2456.478   0.015
  48    8   2642.398   0.013
  48    9   2826.443   0.012
  48   10   3007.684   0.012
  48   11   3185.810   0.015
  48   12   3361.866   0.021
  49    2   1398.508   0.008
  49    3   1649.357   0.008
  49    4   1870.027   0.013
  49    5   2080.087   0.013
  49    6   2281.359   0.014
  49    7   2472.855   0.015
  49    8   2659.785   0.013
  49    9   2844.786   0.012
  49   10   3026.711   0.012
  49   11   3205.612   0.015
  49   12   3382.479   0.021
  50    1   1110.775   0.002
  50    2   1409.965   0.007
  50    3   1661.630   0.010
  50    4   1883.325   0.012
  50    5   2094.717   0.014
  50    6   2296.753   0.015
  50    7   2489.010   0.015
  50    8   2677.016   0.014
  50    9   2862.930   0.012
  50   10   3045.609   0.012
  50   11   3225.252   0.016
  50   12   3402.863   0.023
  51    1   1120.196   0.002
  51    2   1421.275   0.006
  51    3   1673.732   0.010
  51    4   1896.531   0.014
  51    5   2109.236   0.014
  51    6   2312.033   0.014
  51    7   2505.058   0.015
  51    8   2694.118   0.013
  51    9   2880.923   0.012
  51   10   3064.321   0.013
  51   11   3244.708   0.017
  51   12   3423.160   0.025
  52    2   1432.447   0.007
  52    3   1685.663   0.014
  52    4   1909.586   0.013
  52    5   2123.552   0.014
  52    6   2327.101   0.016
  52    7   2520.973   0.015
  52    8   2711.081   0.013
  52    9   2898.763   0.012
  52   10   3082.877   0.012
  52   11   3264.010   0.017
  52   12   3443.240   0.026
  53    2   1443.495   0.010
  53    3   1697.492   0.012
  53    4   1922.501   0.015
  53    5   2137.758   0.015
  53    6   2342.031   0.017
  53    7   2536.722   0.015
  53    8   2727.916   0.013
  53    9   2916.471   0.011
  53   10   3101.271   0.012
  53   11   3283.159   0.018
  53   12   3463.204   0.028
  54    1   1147.909   0.002
  54    2   1454.396   0.008
  54    3   1709.146   0.014
  54    4   1935.369   0.016
  54    5   2151.770   0.016
  54    6   2356.756   0.017
  54    7   2552.406   0.016
  54    8   2744.622   0.013
  54    9   2934.013   0.011
  54   10   3119.541   0.013
  54   11   3302.155   0.019
  54   12   3483.031   0.030
  55    1   1156.927   0.002
  55    2   1465.150   0.007
  55    3   1720.610   0.014
  55    4   1948.095   0.016
  55    5   2165.725   0.016
  55    6   2371.405   0.016
  55    7   2567.884   0.016
  55    8   2761.188   0.013
  55    9   2951.391   0.012
  55   10   3137.641   0.014
  55   11   3321.001   0.020
  56    1   1165.901   0.003
  56    2   1475.808   0.008
  56    3   1731.980   0.014
  56    4   1960.640   0.018
  56    5   2179.459   0.016
  56    6   2385.820   0.019
  56    7   2583.312   0.016
  56    8   2777.613   0.013
  56    9   2968.649   0.012
  56   10   3155.617   0.014
  56   11   3339.750   0.020
  57    1   1174.749   0.005
  57    2   1486.304   0.008
  57    3   1743.211   0.014
  57    4   1973.182   0.018
  57    5   2193.076   0.017
  57    6   2400.149   0.018
  57    7   2598.607   0.015
  57    8   2793.944   0.013
  57    9   2985.769   0.012
  57   10   3173.448   0.014
  57   11   3358.358   0.022
  58    1   1183.531   0.003
  58    2   1496.703   0.007
  58    3   1754.307   0.013
  58    4   1985.580   0.017
  58    5   2206.532   0.019
  58    6   2414.313   0.018
  58    7   2613.802   0.015
  58    8   2810.157   0.013
  58    9   3002.709   0.012
  58   10   3191.130   0.015
  58   11   3376.817   0.024
  59    1   1192.213   0.003
  59    2   1506.944   0.008
  59    3   1765.255   0.014
  59    4   1997.892   0.018
  59    5   2219.854   0.018
  59    6   2428.353   0.019
  59    7   2628.782   0.017
  59    8   2826.216   0.013
  59    9   3019.553   0.012
  59   10   3208.699   0.015
  59   11   3395.256   0.026
  60    1   1200.866   0.004
  60    2   1517.125   0.009
  60    3   1776.106   0.015
  60    4   2010.074   0.018
  60    5   2233.086   0.020
  60    6   2442.287   0.020
  60    7   2643.770   0.016
  60    8   2842.127   0.013
  60    9   3036.245   0.012
  60   10   3226.142   0.016
  60   11   3413.410   0.026
  61    1   1209.394   0.003
  61    2   1527.130   0.008
  61    3   1786.844   0.016
  61    4   2022.179   0.019
  61    5   2246.147   0.020
  61    6   2456.084   0.020
  61    7   2658.615   0.017
  61    8   2857.947   0.013
  61    9   3052.822   0.013
  61   10   3243.472   0.017
  61   11   3431.479   0.028
  62    1   1217.859   0.005
  62    2   1537.014   0.011
  62    3   1797.504   0.014
  62    4   2034.140   0.017
  62    5   2259.034   0.021
  62    6   2469.731   0.020
  62    7   2673.377   0.016
  62    8   2873.691   0.013
  62    9   3069.271   0.013
  62   10   3260.675   0.018
  62   11   3449.473   0.030
  63    1   1226.228   0.006
  63    2   1546.803   0.008
  63    3   1808.050   0.015
  63    4   2046.044   0.020
  63    5   2271.857   0.022
  63    6   2483.318   0.021
  63    7   2688.017   0.016
  63    8   2889.240   0.013
  63    9   3085.597   0.013
  63   10   3277.747   0.018
  63   11   3467.440   0.032
  64    1   1234.529   0.009
  64    2   1556.459   0.011
  64    3   1818.420   0.015
  64    4   2057.821   0.019
  64    5   2284.552   0.021
  64    6   2496.716   0.020
  64    7   2702.579   0.016
  64    8   2904.701   0.013
  64    9   3101.764   0.014
  64   10   3294.721   0.020
  64   11   3485.086   0.033
  65    1   1242.775   0.007
  65    2   1566.012   0.007
  65    3   1828.762   0.014
  65    4   2069.573   0.019
  65    5   2297.107   0.023
  65    6   2510.098   0.022
  65    7   2717.031   0.016
  65    8   2920.028   0.014
  65    9   3117.862   0.015
  65   10   3311.600   0.021
  66    1   1250.924   0.005
  66    2   1575.469   0.008
  66    3   1839.019   0.015
  66    4   2081.138   0.020
  66    5   2309.530   0.022
  66    6   2523.390   0.022
  66    7   2731.366   0.017
  66    8   2935.270   0.014
  66    9   3133.807   0.015
  66   10   3328.339   0.022
  67    1   1259.002   0.007
  67    2   1584.811   0.009
  67    3   1849.181   0.017
  67    4   2092.697   0.019
  67    5   2321.869   0.023
  67    6   2536.518   0.022
  67    7   2745.630   0.017
  67    8   2950.413   0.014
  67    9   3149.638   0.015
  67   10   3344.997   0.025
  68    1   1267.057   0.006
  68    2   1594.045   0.011
  68    3   1859.238   0.014
  68    4   2104.127   0.020
  68    5   2334.014   0.020
  68    6   2549.610   0.022
  68    7   2759.778   0.018
  68    8   2965.386   0.014
  68    9   3165.421   0.016
  68   10   3361.562   0.027
  69    1   1274.985   0.009
  69    2   1603.160   0.010
  69    3   1869.188   0.015
  69    4   2115.419   0.021
  69    5   2346.206   0.021
  69    6   2562.584   0.022
  69    7   2773.818   0.017
  69    8   2980.306   0.015
  69    9   3181.052   0.017
  69   10   3377.970   0.029
  70    1   1282.922   0.005
  70    2   1612.171   0.010
  70    3   1879.107   0.015
  70    4   2126.688   0.020
  70    5   2358.111   0.022
  70    6   2575.541   0.021
  70    7   2787.797   0.018
  70    8   2995.094   0.015
  70    9   3196.609   0.018
  70   10   3394.306   0.032
  71    1   1290.746   0.006
  71    2   1621.080   0.012
  71    3   1888.932   0.016
  71    4   2137.791   0.021
  71    5   2369.996   0.021
  71    6   2588.260   0.022
  71    7   2801.663   0.018
  71    8   3009.754   0.015
  71    9   3212.039   0.020
  71   10   3410.564   0.033
  72    1   1298.519   0.007
  72    2   1629.891   0.010
  72    3   1898.658   0.015
  72    4   2148.867   0.021
  72    5   2381.774   0.022
  72    6   2601.038   0.023
  72    7   2815.429   0.018
  72    8   3024.341   0.016
  72    9   3227.352   0.022
  72   10   3426.799   0.034
  73    1   1306.223   0.008
  73    2   1638.637   0.014
  73    3   1908.316   0.015
  73    4   2159.807   0.022
  73    5   2393.380   0.022
  73    6   2613.687   0.021
  73    7   2829.146   0.018
  73    8   3038.822   0.016
  73    9   3242.612   0.021
  73   10   3442.776   0.039
  74    1   1313.847   0.007
  74    2   1647.244   0.010
  74    3   1917.921   0.018
  74    4   2170.666   0.021
  74    5   2405.006   0.022
  74    6   2626.230   0.022
  74    7   2842.759   0.019
  74    8   3053.160   0.017
  74    9   3257.807   0.024
  74   10   3458.705   0.041
  75    1   1321.435   0.008
  75    2   1655.758   0.010
  75    3   1927.453   0.016
  75    4   2181.429   0.022
  75    5   2416.435   0.022
  75    6   2638.720   0.022
  75    7   2856.220   0.019
  75    8   3067.432   0.018
  75    9   3272.800   0.024
  76    1   1328.972   0.011
  76    2   1664.201   0.011
  76    3   1936.933   0.015
  76    4   2192.109   0.022
  76    5   2427.884   0.022
  76    6   2651.133   0.021
  76    7   2869.630   0.020
  76    8   3081.570   0.018
  76    9   3287.804   0.026
  77    1   1336.426   0.010
  77    2   1672.530   0.014
  77    3   1946.360   0.018
  77    4   2202.668   0.024
  77    5   2439.103   0.023
  77    6   2663.500   0.021
  77    7   2882.973   0.019
  77    8   3095.683   0.019
  77    9   3302.623   0.029
  78    1   1343.822   0.008
  78    2   1680.798   0.012
  78    3   1955.634   0.017
  78    4   2213.249   0.023
  78    5   2450.346   0.023
  78    6   2675.789   0.021
  78    7   2896.197   0.019
  78    8   3109.678   0.020
  78    9   3317.438   0.030
  79    1   1351.189   0.009
  79    2   1688.973   0.014
  79    3   1964.928   0.016
  79    4   2223.586   0.022
  79    5   2461.447   0.022
  79    6   2688.022   0.021
  79    7   2909.330   0.020
  79    8   3123.570   0.020
  79    9   3332.078   0.032
  80    1   1358.459   0.012
  80    2   1697.022   0.017
  80    3   1974.148   0.017
  80    4   2233.929   0.024
  80    5   2472.492   0.023
  80    6   2700.128   0.021
  80    7   2922.408   0.019
  80    8   3137.393   0.021
  81    1   1365.705   0.007
  81    2   1705.044   0.014
  81    3   1983.312   0.017
  81    4   2244.154   0.023
  81    5   2483.482   0.023
  81    6   2712.194   0.021
  81    7   2935.357   0.019
  81    8   3151.119   0.023
  81    9   3361.236   0.034
  82    1   1372.888   0.011
  82    2   1712.955   0.014
  82    3   1992.402   0.016
  82    4   2254.238   0.024
  82    5   2494.366   0.023
  82    6   2724.184   0.020
  82    7   2948.260   0.019
  82    8   3164.727   0.023
  82    9   3375.719   0.037
  83    1   1380.040   0.009
  83    2   1720.840   0.015
  83    3   2001.451   0.018
  83    4   2264.354   0.026
  83    5   2505.159   0.024
  83    6   2736.098   0.020
  83    7   2961.054   0.021
  83    8   3178.270   0.022
  83    9   3390.022   0.036
  84    1   1387.123   0.010
  84    2   1728.608   0.016
  84    3   2010.437   0.018
  84    4   2274.368   0.025
  84    5   2515.893   0.023
  84    6   2747.932   0.020
  84    7   2973.776   0.020
  84    8   3191.728   0.024
  84    9   3404.422   0.038
  85    1   1394.133   0.015
  85    2   1736.285   0.015
  85    3   2019.379   0.020
  85    4   2284.236   0.024
  85    5   2526.598   0.024
  85    6   2759.774   0.020
  85    7   2986.422   0.019
  85    8   3205.159   0.024
  85    9   3418.564   0.039
  86    1   1401.097   0.022
  86    2   1743.907   0.015
  86    3   2028.221   0.019
  86    4   2293.998   0.027
  86    5   2537.191   0.023
  86    6   2771.463   0.019
  86    7   2998.998   0.020
  86    8   3218.570   0.025
  86    9   3432.698   0.040
  87    1   1408.038   0.013
  87    2   1751.462   0.015
  87    3   2037.063   0.020
  87    4   2303.799   0.025
  87    5   2547.793   0.025
  87    6   2783.174   0.020
  87    7   3011.498   0.021
  87    8   3231.712   0.027
  87    9   3446.774   0.044
  88    1   1414.916   0.010
  88    2   1758.939   0.016
  88    3   2045.791   0.023
  88    4   2313.400   0.026
  88    5   2558.299   0.025
  88    6   2794.721   0.020
  88    7   3023.892   0.020
  88    8   3244.941   0.026
  88    9   3460.906   0.044
  89    1   1421.768   0.013
  89    2   1766.366   0.014
  89    3   2054.562   0.019
  89    4   2322.995   0.027
  89    5   2568.725   0.024
  89    6   2806.288   0.019
  89    7   3036.192   0.020
  89    8   3258.044   0.027
  89    9   3474.800   0.047
  90    1   1428.537   0.010
  90    2   1773.697   0.017
  90    3   2063.201   0.022
  90    4   2332.449   0.028
  90    5   2579.071   0.025
  90    6   2817.716   0.019
  90    7   3048.522   0.020
  90    8   3271.065   0.029
  90    9   3488.674   0.045
  91    1   1435.289   0.012
  91    2   1780.985   0.018
  91    3   2071.820   0.021
  91    4   2341.902   0.027
  91    5   2589.423   0.025
  91    6   2829.165   0.019
  91    7   3060.649   0.019
  91    8   3284.063   0.028
  92    1   1441.919   0.011
  92    2   1788.236   0.018
  92    3   2080.366   0.021
  92    4   2351.291   0.027
  92    5   2599.628   0.025
  92    6   2840.462   0.020
  92    7   3072.780   0.020
  92    8   3296.943   0.029
  93    1   1448.570   0.013
  93    2   1795.372   0.018
  93    3   2088.849   0.022
  93    4   2360.489   0.027
  93    5   2609.905   0.026
  93    6   2851.747   0.020
  93    7   3084.792   0.019
  93    8   3309.767   0.029
  94    1   1455.149   0.013
  94    2   1802.485   0.016
  94    3   2097.330   0.023
  94    4   2369.730   0.029
  94    5   2620.032   0.024
  94    6   2862.908   0.020
  94    7   3096.797   0.020
  94    8   3322.550   0.031
  95    1   1461.679   0.014
  95    2   1809.542   0.019
  95    3   2105.703   0.022
  95    4   2378.827   0.030
  95    5   2630.145   0.025
  95    6   2874.071   0.020
  95    7   3108.672   0.020
  95    8   3335.338   0.030
  96    1   1468.196   0.013
  96    2   1816.543   0.020
  96    3   2114.035   0.022
  96    4   2387.900   0.027
  96    5   2640.168   0.025
  96    6   2885.161   0.020
  96    7   3120.516   0.020
  96    8   3347.935   0.032
  97    1   1474.663   0.020
  97    2   1823.479   0.018
  97    3   2122.301   0.022
  97    4   2396.915   0.030
  97    5   2650.207   0.025
  97    6   2896.171   0.021
  97    7   3132.283   0.020
  97    8   3360.525   0.031
  98    1   1481.068   0.017
  98    2   1830.333   0.020
  98    3   2130.602   0.022
  98    4   2405.849   0.034
  98    6   2907.039   0.020
  99    1   1487.408   0.030
  99    2   1837.171   0.024
  99    5   2670.105   0.031
  99    8   3385.443   0.031
