num_trees variable cv ev
1 M 0.893718961634 0.893906538003
1 Y -0.335622557357 -0.332719730836
1 Z 0.910786758479 0.911185420625
1 alpha -0.537230528689 -0.534453519655
1 overshoot 0.0873754507279 0.0876473004106
1 diffusion 0.214709814931 0.218233749822
1 age 0.911084357136 0.91114101727
1 X_c 0.906459328093 0.906526402069
1 mass_cc 0.654481317389 0.654714649443
1 Y_surf 0.763376450781 0.763548331918
1 L 0.982549935234 0.982558670298
1 radius 0.949246074076 0.949246097356
1 M 0.88365928363 0.883806152552
1 Y -0.405637260949 -0.398866976415
1 Z 0.926638093051 0.926638100341
1 alpha -0.654659582777 -0.653719388891
1 overshoot 0.14149242421 0.14241162679
1 diffusion 0.340384906176 0.340437250678
1 age 0.885887353679 0.886052116737
1 X_c 0.901146141558 0.901372948307
1 mass_cc 0.665675096336 0.666104631098
1 Y_surf 0.7611018921 0.761125337424
1 L 0.981595442246 0.981628183358
1 radius 0.955488860411 0.955509596185
1 M 0.888601157809 0.889099569171
1 Y -0.430435557048 -0.424088436607
1 Z 0.930670021976 0.930670191435
1 alpha -0.549888854376 -0.546817077806
1 overshoot -0.00914711145534 -0.00909515788656
1 diffusion 0.0969144586307 0.0982057169404
1 age 0.915892362955 0.915907231585
1 X_c 0.911328990212 0.911477539903
1 mass_cc 0.651879684105 0.652140406642
1 Y_surf 0.636560404589 0.63769166271
1 L 0.986415935855 0.986435373864
1 radius 0.962012989538 0.962248326208
1 M 0.886909109179 0.886997751713
1 Y -0.333626002081 -0.333109381069
1 Z 0.9302296448 0.930277286735
1 alpha -0.663034676861 -0.656834141132
1 overshoot 0.281093202393 0.281741851455
1 diffusion 0.284565710071 0.285619149541
1 age 0.905783510066 0.905783685747
1 X_c 0.901460739964 0.901607207105
1 mass_cc 0.714139946593 0.715108670884
1 Y_surf 0.70254777277 0.702581581163
1 L 0.982776609155 0.98277680306
1 radius 0.94566885169 0.945669918843
1 M 0.884518174522 0.88452132832
1 Y -0.386453414049 -0.386190064682
1 Z 0.923120300923 0.923177896038
1 alpha -0.476584276437 -0.474416694784
1 overshoot 0.262752901622 0.263733267578
1 diffusion 0.0282765370469 0.0304569675758
1 age 0.915326274416 0.915415970038
1 X_c 0.897584368192 0.897585613122
1 mass_cc 0.660451045996 0.66072310683
1 Y_surf 0.757007785459 0.757106884896
1 L 0.979418359039 0.979424234171
1 radius 0.946795030579 0.946797037938
1 M 0.894047230074 0.894062490241
1 Y -0.365141314082 -0.365106570835
1 Z 0.921359796766 0.921362602928
1 alpha -0.450431948375 -0.450046761736
1 overshoot 0.237715213428 0.238313182345
1 diffusion 0.0855230435082 0.0887838322122
1 age 0.906201154267 0.90631813219
1 X_c 0.908939560899 0.9089635608
1 mass_cc 0.651915484527 0.652065844355
1 Y_surf 0.762753027334 0.763141356449
1 L 0.981327212258 0.981340252874
1 radius 0.965141069979 0.965141321077
1 M 0.89576162426 0.895763214118
1 Y -0.311639416008 -0.31117666821
1 Z 0.922060273804 0.922159344653
1 alpha -0.621289387371 -0.616272546215
1 overshoot 0.175888821813 0.176565739341
1 diffusion 0.308652263071 0.308652276907
1 age 0.91914657332 0.91939197659
1 X_c 0.906845332371 0.906887897544
1 mass_cc 0.647821401128 0.648713855364
1 Y_surf 0.720510536867 0.720510540371
1 L 0.983943546477 0.983944018031
1 radius 0.96335275388 0.963375591056
1 M 0.885542386034 0.885596295434
1 Y -0.361848773846 -0.360387475188
1 Z 0.923267513523 0.923268561456
1 alpha -0.592473286042 -0.591839505934
1 overshoot -0.0700210841383 -0.0673798050224
1 diffusion 0.150063488916 0.151851058482
1 age 0.887815403555 0.887822288553
1 X_c 0.896632801087 0.896635246065
1 mass_cc 0.677992262023 0.677992340575
1 Y_surf 0.725875620176 0.726307805171
1 L 0.980102434668 0.980111400506
1 radius 0.933200778138 0.933314688275
1 M 0.887737626153 0.887885907814
1 Y -0.296383090833 -0.295822012752
1 Z 0.917312298918 0.917490414556
1 alpha -0.640696212424 -0.638433294816
1 overshoot 0.110027548916 0.112269479968
1 diffusion -0.0724671338461 -0.0643725221044
1 age 0.904977118361 0.905343849739
1 X_c 0.913475709077 0.913596201925
1 mass_cc 0.684923847198 0.687278871845
1 Y_surf 0.727661456363 0.727710680917
1 L 0.981595208188 0.981598915969
1 radius 0.965485779194 0.965514417647
1 M 0.895174097357 0.895384900573
1 Y -0.409436165425 -0.407915548365
1 Z 0.921785930386 0.921815603105
1 alpha -0.509013056801 -0.505318914084
1 overshoot 0.192228027179 0.195474558978
1 diffusion 0.136853520446 0.138080554836
1 age 0.866808036435 0.867153688547
1 X_c 0.904425457203 0.904496698895
1 mass_cc 0.637793600137 0.640127802919
1 Y_surf 0.714013834647 0.714078498751
1 L 0.986947652171 0.986947815365
1 radius 0.970283033876 0.970300728189
1 M 0.884827974177 0.885002110631
1 Y -0.326967647284 -0.325023237884
1 Z 0.929268937519 0.929296902069
1 alpha -0.649749912207 -0.644498230911
1 overshoot -0.0451684992335 -0.0451460253772
1 diffusion 0.265338588508 0.265493643208
1 age 0.934685779626 0.934765893032
1 X_c 0.89399523432 0.894083545681
1 mass_cc 0.609822896331 0.609892876939
1 Y_surf 0.721411844413 0.72144544722
1 L 0.983332157207 0.983339542841
1 radius 0.959942001492 0.959943707611
1 M 0.891432342296 0.891485479995
1 Y -0.394759878332 -0.394678376123
1 Z 0.917742104565 0.917949931032
1 alpha -0.595375012629 -0.583245509432
1 overshoot 0.239342855171 0.243238609484
1 diffusion 0.109803316508 0.111113300289
1 age 0.882804650679 0.882995527004
1 X_c 0.897831153021 0.898020756033
1 mass_cc 0.607151565479 0.608287671883
1 Y_surf 0.787275813915 0.787292230373
1 L 0.982562440943 0.982566865696
1 radius 0.962774566705 0.962778481074
1 M 0.896406807935 0.897399574349
1 Y -0.56672071325 -0.547473282526
1 Z 0.918984946481 0.919034969954
1 alpha -0.527849138741 -0.517259203565
1 overshoot 0.046890595725 0.0488573221429
1 diffusion 0.348479753404 0.349300310853
1 age 0.910448916429 0.910527295762
1 X_c 0.898390038706 0.898398364244
1 mass_cc 0.625808195343 0.627682968535
1 Y_surf 0.720280523361 0.720697792613
1 L 0.982876758276 0.982913786888
1 radius 0.967313906724 0.967351076608
1 M 0.885028124259 0.885029522193
1 Y -0.368106061151 -0.36804519643
1 Z 0.921804023535 0.921889841216
1 alpha -0.736165840027 -0.731708818873
1 overshoot 0.155413848987 0.159109087021
1 diffusion 0.175339947493 0.176307994059
1 age 0.879684602167 0.880199629153
1 X_c 0.892289663047 0.892403956164
1 mass_cc 0.623811254528 0.625611219604
1 Y_surf 0.739550268718 0.739551988686
1 L 0.982547279247 0.982552955714
1 radius 0.961063794655 0.961063960491
1 M 0.887423664258 0.887498685366
1 Y -0.38012556296 -0.378452218495
1 Z 0.898336034772 0.898413685917
1 alpha -0.491564633915 -0.491387839843
1 overshoot 0.0444357501612 0.0445064662665
1 diffusion 0.28174325274 0.281827178649
1 age 0.87012144107 0.870147974944
1 X_c 0.894802017284 0.894858035842
1 mass_cc 0.642483693052 0.642997762663
1 Y_surf 0.695527680616 0.696292831299
1 L 0.982855631249 0.982857338275
1 radius 0.959667501037 0.959667507265
1 M 0.887276886475 0.887296030715
1 Y -0.412550622375 -0.412203139316
1 Z 0.939993295993 0.940002719422
1 alpha -0.541490238808 -0.523817668829
1 overshoot 0.0220326241309 0.0228821477033
1 diffusion 0.352518751903 0.353657142384
1 age 0.889229076471 0.88925681626
1 X_c 0.90093905287 0.900980361367
1 mass_cc 0.659118391164 0.660283202997
1 Y_surf 0.67979718247 0.680238447709
1 L 0.984288918442 0.984306373634
1 radius 0.959921484087 0.959921539339
1 M 0.886864326791 0.886916032864
1 Y -0.433722731775 -0.431039077529
1 Z 0.922867090241 0.922961252649
1 alpha -0.546499831049 -0.541229617911
1 overshoot 0.111080879165 0.111102151836
1 diffusion 0.302990754958 0.303126748047
1 age 0.888138635764 0.88814011652
1 X_c 0.898962516763 0.899104800075
1 mass_cc 0.628394989146 0.62869831992
1 Y_surf 0.691189638906 0.691191974309
1 L 0.983014407911 0.983022630787
1 radius 0.946390935751 0.946392051125
1 M 0.888742014502 0.888760353235
1 Y -0.420988181823 -0.420306965305
1 Z 0.926984396805 0.926984467048
1 alpha -0.614009608254 -0.603868373741
1 overshoot 0.0244830359116 0.0247987120373
1 diffusion 0.186767776625 0.189782475662
1 age 0.888904780187 0.889207812646
1 X_c 0.88853842313 0.888561920965
1 mass_cc 0.63708672635 0.637700021358
1 Y_surf 0.77606717431 0.776074715901
1 L 0.981886248266 0.98188813881
1 radius 0.962455633885 0.962463804547
1 M 0.895102762637 0.895175040128
1 Y -0.370229174878 -0.366322795568
1 Z 0.928133559908 0.928161850386
1 alpha -0.662863424346 -0.644716348073
1 overshoot -0.109962770384 -0.109957155275
1 diffusion 0.28303797314 0.283044190752
1 age 0.88693384715 0.8872652705
1 X_c 0.894160912583 0.89434759579
1 mass_cc 0.635311679142 0.636059387544
1 Y_surf 0.710054567048 0.711284409142
1 L 0.983332820712 0.983350032602
1 radius 0.968308933597 0.968376948688
1 M 0.893921642146 0.894180441832
1 Y -0.423916030844 -0.423036413998
1 Z 0.937831766518 0.937845180195
1 alpha -0.648838140722 -0.645887933381
1 overshoot -0.0204274820844 -0.0204185098794
1 diffusion 0.0590493805112 0.0603115912206
1 age 0.894349896356 0.894406360767
1 X_c 0.897750937769 0.897858862469
1 mass_cc 0.627967195952 0.627967799378
1 Y_surf 0.69427688208 0.695714338389
1 L 0.985826168182 0.9858407113
1 radius 0.957291664185 0.957460297413
2 M 0.922804308877 0.922804659697
2 Y -0.0487948402605 -0.0487716333135
2 Z 0.956677783044 0.956903951627
2 alpha -0.133000145185 -0.12444822426
2 overshoot 0.421081043315 0.423230544105
2 diffusion 0.0895775086177 0.0997141165264
2 age 0.927285299861 0.927781976873
2 X_c 0.935303537998 0.935327874446
2 mass_cc 0.757445149071 0.758922209598
2 Y_surf 0.819411411056 0.81975355515
2 L 0.990630742008 0.990660404608
2 radius 0.974717913355 0.974736829584
2 M 0.915071317703 0.915113109658
2 Y -0.0522326981665 -0.0502612596479
2 Z 0.949696539555 0.950129203254
2 alpha -0.161963971678 -0.160305810257
2 overshoot 0.399046636177 0.403409571341
2 diffusion 0.42286847905 0.423029125702
2 age 0.919176566168 0.919414048398
2 X_c 0.927224359601 0.927732030978
2 mass_cc 0.725414891654 0.727285128332
2 Y_surf 0.828981428234 0.828983142262
2 L 0.987065209281 0.987108700686
2 radius 0.965124894531 0.96512635302
2 M 0.916627732113 0.9166391625
2 Y -0.0352807218111 -0.0351337544238
2 Z 0.950366885216 0.950372349965
2 alpha -0.170428784837 -0.168010399351
2 overshoot 0.415496398666 0.415857070829
2 diffusion 0.432849523247 0.433397148518
2 age 0.917364621894 0.917591510627
2 X_c 0.93391005364 0.934009762427
2 mass_cc 0.7527761965 0.752788458603
2 Y_surf 0.83285990758 0.832953517655
2 L 0.990607055474 0.990614190333
2 radius 0.972693331837 0.972700954186
2 M 0.919236283298 0.919236613939
2 Y -0.0109243663658 -0.00791013190595
2 Z 0.950847785357 0.951246321671
2 alpha -0.203881894664 -0.202715993731
2 overshoot 0.438170965389 0.438257460156
2 diffusion 0.413159928557 0.413553994901
2 age 0.919269928518 0.919727304015
2 X_c 0.935964289976 0.935964768671
2 mass_cc 0.770921773351 0.771175706991
2 Y_surf 0.783655185361 0.784346753745
2 L 0.991937988781 0.991953529265
2 radius 0.976917702252 0.976920838736
2 M 0.928181558615 0.928544911979
2 Y 0.0669320283827 0.0722315832365
2 Z 0.951037276285 0.951137619972
2 alpha -0.111254374793 -0.110643813621
2 overshoot 0.405871724285 0.406097273409
2 diffusion 0.373527602303 0.374464759949
2 age 0.942132843687 0.942146181468
2 X_c 0.941723395769 0.941792770903
2 mass_cc 0.777859058187 0.778070181142
2 Y_surf 0.82432215627 0.824413946048
2 L 0.988710409787 0.9887108194
2 radius 0.973239968821 0.973242869716
2 M 0.922261970904 0.922380976406
2 Y -0.00134568413741 -0.00134131689474
2 Z 0.947578360447 0.947930988349
2 alpha -0.0385589882817 -0.0349199912233
2 overshoot 0.400829260582 0.407972483488
2 diffusion 0.387021571503 0.387255965317
2 age 0.926243403278 0.926432592563
2 X_c 0.933532584289 0.933546746403
2 mass_cc 0.73279754034 0.734255133287
2 Y_surf 0.819845844292 0.81986734685
2 L 0.988488256758 0.988488777693
2 radius 0.970859808921 0.970907923748
2 M 0.924004281531 0.924141574624
2 Y -0.0042695373976 -0.00230775310182
2 Z 0.957006683433 0.957039820956
2 alpha -0.145996557102 -0.145976749729
2 overshoot 0.393785419171 0.39494789563
2 diffusion 0.272777632444 0.276991131493
2 age 0.954855776734 0.954859377559
2 X_c 0.937174538915 0.937316066163
2 mass_cc 0.756513997503 0.757091143157
2 Y_surf 0.816493887512 0.816596996639
2 L 0.989858393631 0.989888072793
2 radius 0.979674168399 0.979705923209
2 M 0.923812674637 0.923915305574
2 Y 0.00934325169944 0.0100609561868
2 Z 0.949045630112 0.949049300302
2 alpha -0.256002549845 -0.237090599476
2 overshoot 0.487541195477 0.488194597049
2 diffusion 0.40014351387 0.40147284223
2 age 0.925002383663 0.925566109244
2 X_c 0.939674671994 0.939676915627
2 mass_cc 0.782314080431 0.783186318549
2 Y_surf 0.788397509325 0.78850114682
2 L 0.988986199437 0.988987011364
2 radius 0.976122848582 0.97613601048
2 M 0.921985217773 0.9230581209
2 Y -0.0814690714519 -0.0707119659446
2 Z 0.956633186241 0.957060428935
2 alpha -0.184039018696 -0.17923961727
2 overshoot 0.368307573905 0.370701473556
2 diffusion 0.406731178031 0.413443030574
2 age 0.94622775856 0.946465829202
2 X_c 0.933886809262 0.933901096709
2 mass_cc 0.77492052971 0.776856299541
2 Y_surf 0.822526083855 0.822798412234
2 L 0.990586516681 0.99060305269
2 radius 0.976553698811 0.976722074243
2 M 0.92289365952 0.923551488066
2 Y -0.0343222866542 -0.0256074683145
2 Z 0.958797302093 0.958804731562
2 alpha -0.0502295136882 -0.0496834139153
2 overshoot 0.346768452712 0.347691999517
2 diffusion 0.354207968115 0.355763068881
2 age 0.950355625321 0.950441208879
2 X_c 0.934418001126 0.93441808322
2 mass_cc 0.756403389311 0.757205851679
2 Y_surf 0.816508502795 0.816615524228
2 L 0.989730726638 0.989746658643
2 radius 0.971116984184 0.971174383348
2 M 0.926278220094 0.92655385266
2 Y 0.0187825873609 0.025873851209
2 Z 0.948047446932 0.948175089289
2 alpha -0.17961480408 -0.17693051297
2 overshoot 0.411790129613 0.412129399992
2 diffusion 0.383391945862 0.383979846233
2 age 0.942868675636 0.943162961776
2 X_c 0.937141260982 0.937280282665
2 mass_cc 0.751625850924 0.751792452637
2 Y_surf 0.840850115439 0.840852367302
2 L 0.98940920571 0.989438252769
2 radius 0.977790930675 0.977818805956
2 M 0.922237869984 0.922459090341
2 Y 0.00604904552982 0.0060588132309
2 Z 0.955474563799 0.95582970269
2 alpha -0.191570413993 -0.190299889183
2 overshoot 0.47043488189 0.476498404674
2 diffusion 0.474454203867 0.475179678532
2 age 0.912806166308 0.913496363055
2 X_c 0.937375099262 0.937390889745
2 mass_cc 0.766036676858 0.768008278289
2 Y_surf 0.786613090434 0.78701410745
2 L 0.991149921521 0.991151653663
2 radius 0.974677383348 0.974694139197
2 M 0.924259003505 0.924304850484
2 Y -0.0717206515602 -0.0714042595397
2 Z 0.962344302467 0.962351683177
2 alpha -0.252778314001 -0.243610033704
2 overshoot 0.446692312619 0.450176518485
2 diffusion 0.503070917687 0.503080585864
2 age 0.941082525606 0.941192771181
2 X_c 0.939252104121 0.939253940971
2 mass_cc 0.779985720753 0.780675823119
2 Y_surf 0.858491564343 0.858492039328
2 L 0.987565142047 0.987565150416
2 radius 0.967557680564 0.967582798953
2 M 0.920907156769 0.920917085184
2 Y -0.0397888825059 -0.0390172621283
2 Z 0.957522782393 0.957523633059
2 alpha -0.139790304851 -0.135915050666
2 overshoot 0.383594985003 0.385295908958
2 diffusion 0.444867590761 0.44491958581
2 age 0.933076187414 0.933201885421
2 X_c 0.932636947543 0.932898883911
2 mass_cc 0.715821873537 0.717564969833
2 Y_surf 0.815260040346 0.815279865683
2 L 0.988599570777 0.988600216025
2 radius 0.979995036864 0.979998597573
2 M 0.919892997592 0.920927317022
2 Y -0.0793029570085 -0.0598395515702
2 Z 0.955829099135 0.955914557598
2 alpha -0.150611884929 -0.143220496805
2 overshoot 0.34620522404 0.346211359662
2 diffusion 0.369323033159 0.369412675303
2 age 0.92973162709 0.92986303751
2 X_c 0.929270081459 0.92970924575
2 mass_cc 0.766530114982 0.766911593855
2 Y_surf 0.830259702067 0.830831736056
2 L 0.988915989363 0.988916590419
2 radius 0.96855134581 0.968648343376
2 M 0.922368904656 0.922528426365
2 Y -0.0388695618196 -0.0369276432071
2 Z 0.948290222405 0.948298599314
2 alpha -0.235260630337 -0.234060882594
2 overshoot 0.43253972347 0.437035379548
2 diffusion 0.433090562477 0.433851790246
2 age 0.91244936775 0.913099511765
2 X_c 0.938362262411 0.938369918295
2 mass_cc 0.74488855646 0.747369042293
2 Y_surf 0.824788577453 0.824865803315
2 L 0.989511735603 0.989512377827
2 radius 0.977261740925 0.977261748187
2 M 0.925901157303 0.92641534677
2 Y -0.0503790666256 -0.0392104666542
2 Z 0.95138189843 0.951443700004
2 alpha -0.230692210148 -0.230619652436
2 overshoot 0.406627568816 0.409228900644
2 diffusion 0.430567067675 0.431365134548
2 age 0.936209318944 0.936332783752
2 X_c 0.93728557416 0.937308158777
2 mass_cc 0.764886418778 0.765812743941
2 Y_surf 0.818159014429 0.818464140355
2 L 0.988952370024 0.988963920114
2 radius 0.97078890102 0.970816403189
2 M 0.926997429807 0.927036736213
2 Y 0.0362696778888 0.0372071682782
2 Z 0.949870372313 0.950177472045
2 alpha -0.204229274563 -0.204227043911
2 overshoot 0.43183461089 0.43183644889
2 diffusion 0.438034792286 0.438717256771
2 age 0.921078466912 0.921244192233
2 X_c 0.935745577216 0.935788730642
2 mass_cc 0.767980390386 0.768106922747
2 Y_surf 0.822372925495 0.822374201808
2 L 0.990832479187 0.990840520683
2 radius 0.974201339654 0.974239490439
2 M 0.924848198118 0.924848738017
2 Y -0.00716933795614 -0.00698699707058
2 Z 0.953301207775 0.953422601747
2 alpha -0.0914722135185 -0.0883097461108
2 overshoot 0.391281543113 0.391328291813
2 diffusion 0.371473819286 0.374446688018
2 age 0.918720179061 0.919189264494
2 X_c 0.936859374208 0.936860540437
2 mass_cc 0.772149687158 0.772273855063
2 Y_surf 0.804096996356 0.804626346256
2 L 0.98852073539 0.988534729126
2 radius 0.971692058794 0.971722961589
2 M 0.929535020864 0.930187600707
2 Y -0.0270651768253 -0.0165984775376
2 Z 0.970212861864 0.970279192315
2 alpha -0.169389300163 -0.164371462949
2 overshoot 0.335839278053 0.335842325937
2 diffusion 0.522206785984 0.522393490813
2 age 0.925850249901 0.925909000154
2 X_c 0.936348964334 0.936428367044
2 mass_cc 0.727077298664 0.727458357093
2 Y_surf 0.816513306543 0.817032426344
2 L 0.991846423885 0.991846582295
2 radius 0.979281267468 0.979382725635
4 M 0.939458533535 0.939501215215
4 Y 0.175967889922 0.175972148454
4 Z 0.962246727771 0.962849947726
4 alpha -0.0304609085495 -0.0226576706173
4 overshoot 0.54924045935 0.554541083538
4 diffusion 0.44914166912 0.452147358672
4 age 0.929732678916 0.929920755459
4 X_c 0.949441837732 0.949700223472
4 mass_cc 0.794117520425 0.797148796782
4 Y_surf 0.837045679853 0.837316473469
4 L 0.993084092818 0.993087182385
4 radius 0.984308539964 0.984308624722
4 M 0.940087603773 0.94030311124
4 Y 0.145734102474 0.147277377951
4 Z 0.96689072155 0.967056108243
4 alpha -0.0561239835475 -0.0516125908886
4 overshoot 0.520685577584 0.525114856076
4 diffusion 0.580969230159 0.581127410644
4 age 0.943569308704 0.943910618995
4 X_c 0.951799897351 0.951803047231
4 mass_cc 0.795452474609 0.796625127098
4 Y_surf 0.887191441371 0.887387607506
4 L 0.993076997244 0.993081401987
4 radius 0.98256619458 0.982590629531
4 M 0.943455760772 0.943608398226
4 Y 0.181088245347 0.185908603474
4 Z 0.968202994348 0.968281125208
4 alpha 0.0840502053537 0.0843893378828
4 overshoot 0.48131919851 0.484245540545
4 diffusion 0.56100026115 0.561026158488
4 age 0.941432434524 0.941441826699
4 X_c 0.954801386387 0.95480910118
4 mass_cc 0.818133715395 0.818998328851
4 Y_surf 0.864613051897 0.864617572264
4 L 0.993391988048 0.993394111712
4 radius 0.986316804125 0.98631837372
4 M 0.943455830632 0.944103095105
4 Y 0.151620180932 0.163966734124
4 Z 0.974128260823 0.974148156025
4 alpha -0.0457154684014 -0.0332268452625
4 overshoot 0.487368006146 0.487408880909
4 diffusion 0.594805820368 0.596108078855
4 age 0.950120527752 0.950212519567
4 X_c 0.956302785396 0.95631951466
4 mass_cc 0.802164492792 0.803446792678
4 Y_surf 0.861944540075 0.862146056137
4 L 0.993691238786 0.99369125655
4 radius 0.987356032405 0.987444921091
4 M 0.946697530446 0.946812357118
4 Y 0.213800112381 0.213848416534
4 Z 0.968517478011 0.969159765834
4 alpha 0.0625921584228 0.0632577617079
4 overshoot 0.462038378027 0.462847773221
4 diffusion 0.599067358756 0.599102140283
4 age 0.953020968734 0.953024826934
4 X_c 0.953782404353 0.953838964248
4 mass_cc 0.817877683974 0.81871031375
4 Y_surf 0.855786774156 0.85579484612
4 L 0.993705637562 0.993707872001
4 radius 0.987242735319 0.98724564993
4 M 0.946222047436 0.946224017947
4 Y 0.176318309201 0.176357982735
4 Z 0.968202000663 0.96835198121
4 alpha 0.0366837967659 0.0371434099421
4 overshoot 0.553225148832 0.553246242684
4 diffusion 0.579445686868 0.579454359111
4 age 0.968613099826 0.96861931145
4 X_c 0.955554467862 0.955556088044
4 mass_cc 0.840923337189 0.840923423678
4 Y_surf 0.851754839076 0.852017443673
4 L 0.994237916385 0.994240872486
4 radius 0.980456801079 0.980458324704
4 M 0.941960979777 0.942648377276
4 Y 0.147688284783 0.164809150335
4 Z 0.96922526297 0.96925510501
4 alpha 0.0236662752229 0.0238335249436
4 overshoot 0.523568499741 0.527973677374
4 diffusion 0.601794017794 0.601971232133
4 age 0.935429790378 0.935504769906
4 X_c 0.952274855033 0.952331227163
4 mass_cc 0.797851748667 0.799798219315
4 Y_surf 0.873743827581 0.874805085374
4 L 0.994981787004 0.994985850157
4 radius 0.986538133683 0.986588812956
4 M 0.943052268746 0.943238773941
4 Y 0.172461901045 0.172620537004
4 Z 0.966151322182 0.966413358984
4 alpha 0.00372075313073 0.0134834199143
4 overshoot 0.551020346259 0.553843484372
4 diffusion 0.559587380451 0.55963066996
4 age 0.93344983989 0.934039848274
4 X_c 0.952401300176 0.952440733266
4 mass_cc 0.786569470044 0.789016009177
4 Y_surf 0.879533976173 0.879750910646
4 L 0.993534911034 0.993538034352
4 radius 0.98568052009 0.985700265906
4 M 0.93841166048 0.938413708042
4 Y 0.125719205082 0.126364953811
4 Z 0.967820208499 0.96807152498
4 alpha -0.00258838421967 0.00785274431246
4 overshoot 0.545091855456 0.548536886024
4 diffusion 0.535939158829 0.538964890092
4 age 0.927167287492 0.927788434509
4 X_c 0.950425242966 0.950497458677
4 mass_cc 0.795263320116 0.796651480516
4 Y_surf 0.860330992249 0.860540155087
4 L 0.992784092178 0.992796245131
4 radius 0.983375783755 0.983388912992
4 M 0.944676069938 0.944691349692
4 Y 0.240520056319 0.24134734649
4 Z 0.971675277282 0.971764792838
4 alpha 0.0799377814883 0.0824176165341
4 overshoot 0.493308260287 0.493330003265
4 diffusion 0.485845012434 0.488726013146
4 age 0.943388986067 0.94347567346
4 X_c 0.955226065611 0.955253293799
4 mass_cc 0.804756285797 0.80476392699
4 Y_surf 0.870922334148 0.871206821244
4 L 0.993776219211 0.993798212838
4 radius 0.979500634302 0.979500966313
4 M 0.937216822045 0.937894065327
4 Y 0.158349506979 0.164772041978
4 Z 0.970895569903 0.970964463538
4 alpha 0.0477854313767 0.0583289191436
4 overshoot 0.55517750977 0.557125235968
4 diffusion 0.563415244896 0.564781749551
4 age 0.93994275297 0.940353086044
4 X_c 0.95190253669 0.951911678316
4 mass_cc 0.793712131545 0.796499620921
4 Y_surf 0.860233977429 0.860546558555
4 L 0.991921992033 0.991923016262
4 radius 0.982880814755 0.982985468592
4 M 0.937569379501 0.937915030785
4 Y 0.177248791763 0.185513632901
4 Z 0.970177946931 0.970178802442
4 alpha 0.0631675285945 0.0637079483567
4 overshoot 0.509331413821 0.5093344059
4 diffusion 0.551604959359 0.551733666307
4 age 0.947119562771 0.947124491124
4 X_c 0.954785299577 0.954846968353
4 mass_cc 0.821389250665 0.821643632952
4 Y_surf 0.870545423785 0.870619669686
4 L 0.993450391974 0.993453276933
4 radius 0.980584550803 0.980629231816
4 M 0.942370828004 0.942430597674
4 Y 0.171475127863 0.173172006095
4 Z 0.971549806783 0.971597661597
4 alpha -0.00933518759783 -0.00426931626041
4 overshoot 0.564108765988 0.564122716803
4 diffusion 0.514349804129 0.514960039586
4 age 0.938023092796 0.938323266061
4 X_c 0.958028361212 0.95803324429
4 mass_cc 0.831576259069 0.83199446016
4 Y_surf 0.87603701031 0.876153764683
4 L 0.992839033615 0.992839320262
4 radius 0.98677702512 0.986783277293
4 M 0.939812767246 0.94024751051
4 Y 0.155151059922 0.166203158289
4 Z 0.967455673045 0.967648023335
4 alpha 0.0441871409361 0.0589497073824
4 overshoot 0.523341772604 0.526003511589
4 diffusion 0.540903502927 0.540912314407
4 age 0.951013534318 0.951110648178
4 X_c 0.948516722469 0.948963442761
4 mass_cc 0.807894732748 0.808287989187
4 Y_surf 0.8700702518 0.870756426565
4 L 0.992561345761 0.992622256037
4 radius 0.982851343136 0.982952821195
4 M 0.943761168039 0.943947569207
4 Y 0.123463399561 0.125104084199
4 Z 0.969854321418 0.969911352447
4 alpha 0.0228889584044 0.0229502810562
4 overshoot 0.57350141917 0.574900568744
4 diffusion 0.583848743631 0.583968833012
4 age 0.968246956806 0.968247494327
4 X_c 0.953394198549 0.953399480993
4 mass_cc 0.814245963804 0.815216642114
4 Y_surf 0.857909650767 0.858209456053
4 L 0.993128103821 0.99312926911
4 radius 0.983837174297 0.983846714339
4 M 0.940684675652 0.940823190553
4 Y 0.16883514031 0.169742744593
4 Z 0.964283386192 0.964595184058
4 alpha 0.0020046165273 0.00266279262805
4 overshoot 0.485931325116 0.49499400606
4 diffusion 0.485491788951 0.488928962912
4 age 0.939636266433 0.940132798497
4 X_c 0.94947601091 0.949569981042
4 mass_cc 0.804201914023 0.806882754469
4 Y_surf 0.862369300449 0.862474942832
4 L 0.993323602169 0.993323708342
4 radius 0.983021432837 0.983028092992
4 M 0.939763444125 0.93986350309
4 Y 0.191484156349 0.193143872451
4 Z 0.972337020214 0.9724395416
4 alpha 0.028698067638 0.041419798423
4 overshoot 0.451636033442 0.451880875134
4 diffusion 0.602557954926 0.60321046281
4 age 0.955860577546 0.955954725725
4 X_c 0.954527022579 0.954607067033
4 mass_cc 0.802612327578 0.802715135697
4 Y_surf 0.875585419437 0.876046837788
4 L 0.992795992153 0.992800794883
4 radius 0.985298750113 0.985304197859
4 M 0.940974727066 0.940983835442
4 Y 0.179878082327 0.180901076745
4 Z 0.97123341404 0.971247065569
4 alpha 0.0703634985527 0.0798631434715
4 overshoot 0.395762139311 0.396053905009
4 diffusion 0.578304766313 0.578366276493
4 age 0.946955644206 0.946960383417
4 X_c 0.954865826224 0.954866468463
4 mass_cc 0.81984321726 0.819859019113
4 Y_surf 0.891503210828 0.891534430316
4 L 0.993288205297 0.993288373353
4 radius 0.985094026911 0.985098459832
4 M 0.940797545149 0.941397406043
4 Y 0.134510662045 0.148935373515
4 Z 0.969560957058 0.969597556615
4 alpha 0.0280450768915 0.0280548543013
4 overshoot 0.511806268181 0.512153750213
4 diffusion 0.525025277489 0.525047622661
4 age 0.950021499202 0.95007293258
4 X_c 0.952941270355 0.95312861599
4 mass_cc 0.821209426304 0.821564468869
4 Y_surf 0.871457230487 0.872091921365
4 L 0.994042325906 0.994047764674
4 radius 0.983935868268 0.983967947605
4 M 0.944882945046 0.944944447248
4 Y 0.19957618516 0.200117716054
4 Z 0.97317111859 0.973298543465
4 alpha -0.0221639671033 -0.00587186003145
4 overshoot 0.501395516335 0.503266389974
4 diffusion 0.557584390967 0.557642307803
4 age 0.960196527703 0.96027722503
4 X_c 0.953877377561 0.953934224123
4 mass_cc 0.822602606661 0.823640735038
4 Y_surf 0.884822392807 0.884836334996
4 L 0.992831090484 0.992836700862
4 radius 0.980371633015 0.980392717783
8 M 0.949473606602 0.949755777129
8 Y 0.268845604606 0.276500874692
8 Z 0.978059577872 0.978059627413
8 alpha 0.178187138313 0.178208930525
8 overshoot 0.561856895611 0.562597230906
8 diffusion 0.462428506569 0.469144176465
8 age 0.972842257131 0.972842416053
8 X_c 0.963043313615 0.963088023271
8 mass_cc 0.839400677443 0.840239861674
8 Y_surf 0.897172120242 0.897179374108
8 L 0.995126012534 0.995126110527
8 radius 0.984301178005 0.9843118854
8 M 0.952260663396 0.952614017753
8 Y 0.263967107915 0.265361020277
8 Z 0.973999679801 0.974041134587
8 alpha 0.105164964693 0.119504449691
8 overshoot 0.600484933763 0.602696313165
8 diffusion 0.631088250047 0.631105612181
8 age 0.961093192617 0.961131394531
8 X_c 0.960817430676 0.960857815497
8 mass_cc 0.827486267407 0.82963075667
8 Y_surf 0.897015190205 0.897069949846
8 L 0.994973830053 0.994976006465
8 radius 0.989185635867 0.989201391233
8 M 0.953409363569 0.953484529839
8 Y 0.270510163566 0.272797381891
8 Z 0.980544616166 0.980593746214
8 alpha 0.170676237489 0.174707036763
8 overshoot 0.602405737755 0.602966061695
8 diffusion 0.6288817441 0.628881776823
8 age 0.972071162862 0.972081448129
8 X_c 0.965173505574 0.965173519503
8 mass_cc 0.859614891215 0.859615087414
8 Y_surf 0.888073959025 0.888555141681
8 L 0.995297821938 0.995323033825
8 radius 0.987386114688 0.987414709732
8 M 0.947428299612 0.947646850917
8 Y 0.265234118345 0.26871549051
8 Z 0.976718538604 0.976772063468
8 alpha 0.150678073653 0.152749906932
8 overshoot 0.582162602021 0.58517435454
8 diffusion 0.600222819163 0.600867502972
8 age 0.956326266122 0.956422679603
8 X_c 0.960726972032 0.960731537513
8 mass_cc 0.834659959334 0.836119488193
8 Y_surf 0.875256321942 0.875410934677
8 L 0.995772021021 0.995772364874
8 radius 0.989028132438 0.989035535554
8 M 0.94950161733 0.949508945441
8 Y 0.29983018516 0.300190366323
8 Z 0.976903518135 0.976905825048
8 alpha 0.0771101676215 0.0783236149406
8 overshoot 0.573178113103 0.574625370129
8 diffusion 0.519049851664 0.521473444692
8 age 0.943517145959 0.943990579266
8 X_c 0.960110859706 0.960114828611
8 mass_cc 0.843871328975 0.844654903533
8 Y_surf 0.903590388342 0.903601119219
8 L 0.994857889013 0.994862305451
8 radius 0.98680238989 0.986812303057
8 M 0.95325696959 0.953340938081
8 Y 0.319753072228 0.3214312702
8 Z 0.980101566037 0.980129157862
8 alpha 0.110083303319 0.111065025871
8 overshoot 0.621258281301 0.622923872361
8 diffusion 0.61648532037 0.616660256257
8 age 0.948557100093 0.948881541738
8 X_c 0.965243838186 0.965250010637
8 mass_cc 0.843634145242 0.845340569433
8 Y_surf 0.883893815498 0.884080077089
8 L 0.995321913872 0.995325962694
8 radius 0.990488810036 0.990494906114
8 M 0.94928869932 0.949423163919
8 Y 0.260842031725 0.264283882964
8 Z 0.971669125531 0.971736660759
8 alpha 0.159858661112 0.160529834012
8 overshoot 0.604682648791 0.60994769068
8 diffusion 0.546890010198 0.547959840438
8 age 0.941212936403 0.941397521117
8 X_c 0.961763206187 0.961780081789
8 mass_cc 0.847671737988 0.849020110085
8 Y_surf 0.8917733437 0.891925441997
8 L 0.995461309504 0.995461471739
8 radius 0.987055840939 0.987055849105
8 M 0.949739930844 0.949753165772
8 Y 0.260110386705 0.26070056901
8 Z 0.976903140019 0.97690672811
8 alpha 0.13598556702 0.135991572738
8 overshoot 0.59155470011 0.592540215648
8 diffusion 0.59966406082 0.600028266442
8 age 0.954474179671 0.954582277568
8 X_c 0.961748538833 0.961749780413
8 mass_cc 0.835345431461 0.835843013234
8 Y_surf 0.889968439748 0.890237753324
8 L 0.995082871087 0.995103067594
8 radius 0.987493631248 0.987496032
8 M 0.948715793292 0.948716235411
8 Y 0.209683220334 0.210329203839
8 Z 0.978027178432 0.978208866992
8 alpha 0.149023480658 0.149406388682
8 overshoot 0.584197736125 0.586301913124
8 diffusion 0.604027206691 0.60433191413
8 age 0.952244000586 0.952260977027
8 X_c 0.960732484916 0.960821406735
8 mass_cc 0.833364267054 0.834344286554
8 Y_surf 0.887358996406 0.888515777491
8 L 0.994835829521 0.994864740447
8 radius 0.986803533178 0.986806095804
8 M 0.94901978601 0.949436871536
8 Y 0.2433705179 0.250092584605
8 Z 0.973579354031 0.973579396482
8 alpha 0.213064530653 0.213227487081
8 overshoot 0.58564759152 0.585652010575
8 diffusion 0.611834539063 0.611842207183
8 age 0.970496675625 0.970534059638
8 X_c 0.96402834886 0.964093403451
8 mass_cc 0.85799597238 0.85828258062
8 Y_surf 0.888271429648 0.888442017355
8 L 0.994482449809 0.994483113465
8 radius 0.986174304182 0.986198823043
8 M 0.956950294859 0.956952118133
8 Y 0.320848224674 0.321043601872
8 Z 0.978944961557 0.978994222591
8 alpha 0.152720733703 0.156241176016
8 overshoot 0.472768402974 0.473204414761
8 diffusion 0.638960650263 0.639037258046
8 age 0.967303221794 0.967303350544
8 X_c 0.964586305438 0.964609507482
8 mass_cc 0.851547059354 0.852346705865
8 Y_surf 0.885320915536 0.885354951487
8 L 0.995864835303 0.995870452976
8 radius 0.991720547813 0.991721723243
8 M 0.946502400361 0.94659360547
8 Y 0.232250946992 0.232748676001
8 Z 0.975539222634 0.975741419541
8 alpha 0.188166976719 0.189898422695
8 overshoot 0.62296457804 0.62611779912
8 diffusion 0.595556643406 0.596218369703
8 age 0.942698507336 0.943011970768
8 X_c 0.958746654331 0.958780060113
8 mass_cc 0.838407302566 0.840389385434
8 Y_surf 0.860955053285 0.860957113025
8 L 0.994619056167 0.99462725737
8 radius 0.988944194599 0.988944211157
8 M 0.947646925277 0.947648602591
8 Y 0.284053954462 0.284771262251
8 Z 0.969656584824 0.969871625764
8 alpha 0.136020066329 0.14554769508
8 overshoot 0.59310024858 0.594360981051
8 diffusion 0.568242661715 0.570327907074
8 age 0.948085780287 0.948398277571
8 X_c 0.961793189406 0.962014530956
8 mass_cc 0.837769505682 0.838726816863
8 Y_surf 0.884119652269 0.884217282873
8 L 0.994383925464 0.994389062313
8 radius 0.986818012808 0.986838253142
8 M 0.953573450205 0.95357500423
8 Y 0.282436477505 0.282957499358
8 Z 0.978984962451 0.978992729234
8 alpha 0.146503596839 0.148135178655
8 overshoot 0.571305773398 0.571490262421
8 diffusion 0.60231581501 0.602387122006
8 age 0.946227447788 0.946274200243
8 X_c 0.963542566735 0.963542901496
8 mass_cc 0.84241941 0.84298283869
8 Y_surf 0.887109790925 0.887738908141
8 L 0.995154061891 0.995183901912
8 radius 0.986847739992 0.986858081879
8 M 0.954147104266 0.954175520347
8 Y 0.260629758736 0.260702238069
8 Z 0.983296029482 0.98335224425
8 alpha 0.116539255931 0.120677203383
8 overshoot 0.525396032528 0.525649284657
8 diffusion 0.626589013655 0.627015700236
8 age 0.96413897875 0.964138981526
8 X_c 0.960878601899 0.960900524812
8 mass_cc 0.843410355801 0.844313157476
8 Y_surf 0.898818471373 0.898873640758
8 L 0.994818832429 0.994837267571
8 radius 0.987559717395 0.987572323976
8 M 0.94933329446 0.949363870319
8 Y 0.320393158296 0.321186817362
8 Z 0.978139971138 0.978268430024
8 alpha 0.0988147945887 0.112251596723
8 overshoot 0.548355850256 0.55014382525
8 diffusion 0.549730315998 0.55135269848
8 age 0.948047744781 0.948227673081
8 X_c 0.962221648401 0.962222248618
8 mass_cc 0.843059575097 0.843135390152
8 Y_surf 0.880504565519 0.880575888944
8 L 0.995754133172 0.995760319897
8 radius 0.98773975827 0.987739758493
8 M 0.947906536493 0.947945502826
8 Y 0.221541331267 0.221631833344
8 Z 0.980631658797 0.980631896821
8 alpha 0.0603773120838 0.0641808263584
8 overshoot 0.60549440311 0.606182691686
8 diffusion 0.645684997497 0.645687308346
8 age 0.953614855355 0.953761563976
8 X_c 0.966194930785 0.966217018265
8 mass_cc 0.838249411474 0.839929717004
8 Y_surf 0.898919649954 0.899118311616
8 L 0.994757114108 0.994757136675
8 radius 0.990106115307 0.990106188699
8 M 0.954325152664 0.954340094386
8 Y 0.291657673212 0.2916878404
8 Z 0.974867704442 0.974905700399
8 alpha 0.123977736504 0.133922366471
8 overshoot 0.593855287717 0.593955533231
8 diffusion 0.639383689719 0.639570763187
8 age 0.952899526018 0.95318691624
8 X_c 0.962539043085 0.96255295571
8 mass_cc 0.845236193811 0.845497679282
8 Y_surf 0.888308837648 0.888903030933
8 L 0.995456507146 0.995471083717
8 radius 0.989315437134 0.989315662494
8 M 0.948867589982 0.948876936762
8 Y 0.291160435313 0.291349806683
8 Z 0.978203873885 0.978330820399
8 alpha 0.194532487505 0.19910885094
8 overshoot 0.561455441016 0.567114893109
8 diffusion 0.552475570269 0.558577968543
8 age 0.955677187094 0.956210052574
8 X_c 0.961553415958 0.961697363351
8 mass_cc 0.842643480007 0.844737068126
8 Y_surf 0.879397868038 0.879542761465
8 L 0.9949537616 0.99495511811
8 radius 0.986255468846 0.986258859746
8 M 0.953759658734 0.953762726305
8 Y 0.278103190422 0.279036670547
8 Z 0.982012197512 0.982018715207
8 alpha 0.168842555945 0.170278945259
8 overshoot 0.50840165377 0.508604786239
8 diffusion 0.668346142415 0.668824285994
8 age 0.971806279064 0.971857686858
8 X_c 0.965776687788 0.965791226337
8 mass_cc 0.842835905805 0.842909847526
8 Y_surf 0.885805824319 0.885805827491
8 L 0.995913925633 0.995920766472
8 radius 0.989537247599 0.989541788382
16 M 0.952071274671 0.952071592303
16 Y 0.345767623368 0.345967156296
16 Z 0.97988708638 0.97988737156
16 alpha 0.174069283438 0.177066750179
16 overshoot 0.614572688382 0.614777337454
16 diffusion 0.516838048843 0.517497706025
16 age 0.960025965185 0.960070011933
16 X_c 0.966496270796 0.9665033006
16 mass_cc 0.863652079536 0.86365954966
16 Y_surf 0.901535442712 0.901574123589
16 L 0.996187216906 0.996190514783
16 radius 0.989559246981 0.98956382772
16 M 0.958515808569 0.958549606132
16 Y 0.345564852484 0.3458707674
16 Z 0.981211832398 0.981328755525
16 alpha 0.187703788262 0.1880452141
16 overshoot 0.662365960308 0.662408298313
16 diffusion 0.668428283035 0.668960596762
16 age 0.961726537403 0.961901612999
16 X_c 0.967197369554 0.967229851061
16 mass_cc 0.865021052106 0.86514869096
16 Y_surf 0.89510342523 0.895189160048
16 L 0.996811424896 0.99681488939
16 radius 0.991544077729 0.991545269142
16 M 0.955719491903 0.955768273043
16 Y 0.296710688521 0.297202922473
16 Z 0.982843902743 0.982928529317
16 alpha 0.156271217044 0.168329097476
16 overshoot 0.540555912874 0.540696184601
16 diffusion 0.61654892539 0.616976719778
16 age 0.965541043177 0.965624691358
16 X_c 0.965229484746 0.965263299018
16 mass_cc 0.854694072839 0.855768817295
16 Y_surf 0.900132417116 0.900186009811
16 L 0.996236526578 0.996238897488
16 radius 0.992632340993 0.992632404528
16 M 0.955300730623 0.955304895306
16 Y 0.327752253168 0.328071235242
16 Z 0.983298153909 0.983300920106
16 alpha 0.210575575811 0.210813147393
16 overshoot 0.617234284746 0.617822557004
16 diffusion 0.618714910237 0.619281113148
16 age 0.963356106414 0.963356293903
16 X_c 0.969940479597 0.96994446529
16 mass_cc 0.866246400111 0.867669541119
16 Y_surf 0.900906035184 0.900972069605
16 L 0.995697359972 0.995711435193
16 radius 0.990017862589 0.990025883573
16 M 0.955990330086 0.956147218277
16 Y 0.357365892564 0.361600960251
16 Z 0.979701249082 0.979705542845
16 alpha 0.156616211417 0.171217863017
16 overshoot 0.58550587497 0.58999192278
16 diffusion 0.594965774385 0.595177291462
16 age 0.971031570347 0.971061226992
16 X_c 0.967614064564 0.967616516349
16 mass_cc 0.848681577917 0.849743738145
16 Y_surf 0.904824537467 0.904923205675
16 L 0.99515490979 0.995154948446
16 radius 0.988481469624 0.988486668825
16 M 0.950658134959 0.951248877752
16 Y 0.281499133796 0.289097371227
16 Z 0.980383869672 0.980579146046
16 alpha 0.208742981113 0.213779108301
16 overshoot 0.59802108773 0.602016395635
16 diffusion 0.634572762352 0.634634015326
16 age 0.948281704518 0.94846885137
16 X_c 0.965788357707 0.965791138869
16 mass_cc 0.851455469121 0.852613923549
16 Y_surf 0.911291353961 0.9115479094
16 L 0.995704633128 0.995704828488
16 radius 0.988652793547 0.988699849155
16 M 0.954054423099 0.954177700899
16 Y 0.336162517994 0.339024057269
16 Z 0.982280852588 0.982348981299
16 alpha 0.188800541821 0.197734916812
16 overshoot 0.603428724227 0.603455701878
16 diffusion 0.662123451014 0.662321826685
16 age 0.950513312078 0.950856424001
16 X_c 0.968640986363 0.968751153849
16 mass_cc 0.860371384166 0.860582051598
16 Y_surf 0.888418626357 0.888449574094
16 L 0.996176807686 0.996186052385
16 radius 0.991274381155 0.991305126324
16 M 0.95636294654 0.956819096292
16 Y 0.303743138115 0.305464699933
16 Z 0.979312452455 0.97968529893
16 alpha 0.158141879401 0.164312078734
16 overshoot 0.602300106131 0.606225304059
16 diffusion 0.628151060743 0.628174992903
16 age 0.946357728869 0.946935800097
16 X_c 0.961665719145 0.96166670293
16 mass_cc 0.845628071057 0.846799400799
16 Y_surf 0.90388872289 0.903902267323
16 L 0.99598915238 0.995989553001
16 radius 0.992399067992 0.992445751168
16 M 0.955394290069 0.955577123759
16 Y 0.374721702644 0.377948294858
16 Z 0.984223790409 0.984248389442
16 alpha 0.200679953355 0.201439930307
16 overshoot 0.637910395318 0.640205779525
16 diffusion 0.617927791255 0.619794469788
16 age 0.953615109574 0.953842173545
16 X_c 0.964585740953 0.964939877004
16 mass_cc 0.853263250694 0.85472999873
16 Y_surf 0.885913598539 0.886908353534
16 L 0.995915641238 0.995938603724
16 radius 0.988132097913 0.988195919873
16 M 0.954318089295 0.954528127651
16 Y 0.327962327861 0.333694764758
16 Z 0.981899038203 0.981905303085
16 alpha 0.120663553091 0.123686191384
16 overshoot 0.624497461364 0.625454143398
16 diffusion 0.651748926535 0.651862485884
16 age 0.966734067172 0.966734255402
16 X_c 0.967073844775 0.967074225987
16 mass_cc 0.872452115789 0.873115205448
16 Y_surf 0.891704537525 0.892045257619
16 L 0.996272205476 0.996274110732
16 radius 0.991095678082 0.991112585179
16 M 0.953855392271 0.954554855636
16 Y 0.336014358377 0.345748952169
16 Z 0.98088811575 0.980940913424
16 alpha 0.167833381926 0.167982133289
16 overshoot 0.629708257484 0.631662692153
16 diffusion 0.675210723283 0.680244382675
16 age 0.971259554253 0.971392093796
16 X_c 0.967630876614 0.967706396278
16 mass_cc 0.853720009006 0.854672367791
16 Y_surf 0.899424368855 0.89951209328
16 L 0.996234969761 0.99624189525
16 radius 0.991529417781 0.99158966031
16 M 0.953848915846 0.95393119698
16 Y 0.328009263032 0.330555353301
16 Z 0.978314490972 0.978330739008
16 alpha 0.172883951023 0.180793944637
16 overshoot 0.624396219048 0.624842810712
16 diffusion 0.535900669049 0.539725917103
16 age 0.940134354832 0.940357007572
16 X_c 0.968462200417 0.968465312789
16 mass_cc 0.84895017549 0.850131200657
16 Y_surf 0.902315356375 0.902317574354
16 L 0.996441290392 0.996441550562
16 radius 0.989293657793 0.989293864692
16 M 0.955206465213 0.955457621973
16 Y 0.308950552977 0.311949330144
16 Z 0.980564822979 0.980618286604
16 alpha 0.135682043943 0.144473325298
16 overshoot 0.581100892247 0.581534053681
16 diffusion 0.675059382672 0.675830372444
16 age 0.972254973483 0.972403087087
16 X_c 0.968618387618 0.968638051355
16 mass_cc 0.864215376245 0.865179615234
16 Y_surf 0.903151845613 0.903268134459
16 L 0.995810096469 0.995810727752
16 radius 0.992005347897 0.992019224313
16 M 0.955207087898 0.955424353445
16 Y 0.318972203524 0.320722298817
16 Z 0.98096543022 0.981175840595
16 alpha 0.14140963209 0.144321711553
16 overshoot 0.649010642322 0.650540379285
16 diffusion 0.606367839609 0.606534469899
16 age 0.951770876054 0.951964972649
16 X_c 0.96618420267 0.966184710868
16 mass_cc 0.853729337755 0.855229067744
16 Y_surf 0.901892297643 0.902513935325
16 L 0.996288247958 0.996289615633
16 radius 0.988658899482 0.988667397461
16 M 0.954968994395 0.955113176814
16 Y 0.323656859097 0.323871724249
16 Z 0.976209984744 0.976365150929
16 alpha 0.156083075327 0.157690594784
16 overshoot 0.608750733619 0.609935808644
16 diffusion 0.646256535263 0.646317966529
16 age 0.947001157643 0.947525477021
16 X_c 0.965880016641 0.965880878509
16 mass_cc 0.84219815221 0.842626319054
16 Y_surf 0.889640893446 0.88982125403
16 L 0.995995998231 0.996000876804
16 radius 0.991478768715 0.991501617141
16 M 0.954120504994 0.954126387616
16 Y 0.291378536042 0.291456998132
16 Z 0.977604434386 0.977604570407
16 alpha 0.220873811166 0.232136428937
16 overshoot 0.631108903898 0.631252015389
16 diffusion 0.599557972794 0.602904092466
16 age 0.967102144467 0.967144182689
16 X_c 0.965957294564 0.96601710401
16 mass_cc 0.852158890512 0.853248760656
16 Y_surf 0.890729400165 0.891156852389
16 L 0.995791828684 0.995820936931
16 radius 0.989620756946 0.989626012412
16 M 0.953326844861 0.953413111875
16 Y 0.358183100533 0.35938717717
16 Z 0.979815219493 0.979875938153
16 alpha 0.171071404453 0.17338418781
16 overshoot 0.561614442325 0.562476797918
16 diffusion 0.665430754943 0.665448482696
16 age 0.968845427816 0.968855636022
16 X_c 0.96628574788 0.966338145278
16 mass_cc 0.851993020878 0.852994455445
16 Y_surf 0.885902022837 0.886438410107
16 L 0.995549357863 0.995549978391
16 radius 0.988969612198 0.988969972093
16 M 0.953060325418 0.953073795341
16 Y 0.297407859617 0.297774310068
16 Z 0.983493207878 0.983504368481
16 alpha 0.171853105777 0.184312541487
16 overshoot 0.547392562912 0.547392663174
16 diffusion 0.584109293365 0.584127107535
16 age 0.962690615613 0.962700101507
16 X_c 0.965534963742 0.965536122654
16 mass_cc 0.863771326748 0.864071170175
16 Y_surf 0.903486033161 0.903489900579
16 L 0.995865919804 0.995872291004
16 radius 0.989109532063 0.989110402768
16 M 0.95907662479 0.959076631155
16 Y 0.326170521626 0.326271377287
16 Z 0.984864936037 0.984874862809
16 alpha 0.185793993051 0.187557673176
16 overshoot 0.566252085985 0.568419842788
16 diffusion 0.598344474453 0.599984248902
16 age 0.961293529433 0.961396548744
16 X_c 0.966692042007 0.967034109511
16 mass_cc 0.861353780004 0.863656071201
16 Y_surf 0.898317947267 0.898441931721
16 L 0.995856373573 0.99586695712
16 radius 0.990538113659 0.990558688867
16 M 0.949239089135 0.949450336701
16 Y 0.289895041692 0.294868672826
16 Z 0.977909895573 0.977925219753
16 alpha 0.169513519653 0.172497508257
16 overshoot 0.595322615915 0.595623787681
16 diffusion 0.624326514214 0.625327708054
16 age 0.957448899695 0.957670099384
16 X_c 0.966926553523 0.967041430683
16 mass_cc 0.867472233668 0.86767094223
16 Y_surf 0.906016924488 0.906043609589
16 L 0.995713020577 0.995718140021
16 radius 0.989246700514 0.989252155618
32 M 0.95395680166 0.953964117394
32 Y 0.366774091246 0.367053907853
32 Z 0.980632885299 0.980710597631
32 alpha 0.192377896615 0.193647213573
32 overshoot 0.616962913971 0.617008597905
32 diffusion 0.604351825639 0.604367075067
32 age 0.956912349645 0.956992070304
32 X_c 0.967515656952 0.967534213959
32 mass_cc 0.872483220607 0.872574709665
32 Y_surf 0.906229712487 0.906294622432
32 L 0.996219822309 0.996221790691
32 radius 0.99088259469 0.990883218614
32 M 0.958687736964 0.959014798055
32 Y 0.353316115741 0.362007726115
32 Z 0.979872946682 0.979881003547
32 alpha 0.209167063333 0.210333362435
32 overshoot 0.578254881359 0.579722835862
32 diffusion 0.681176537518 0.681534167126
32 age 0.970287297481 0.970325587391
32 X_c 0.970611226625 0.970862554998
32 mass_cc 0.873482910789 0.873513181935
32 Y_surf 0.919752795172 0.919754269589
32 L 0.996999705358 0.99699970922
32 radius 0.993275158837 0.993296505025
32 M 0.955370752618 0.955406783607
32 Y 0.344946191846 0.345014261669
32 Z 0.984272071012 0.984289956584
32 alpha 0.221233818982 0.235738229127
32 overshoot 0.607983297028 0.608346512257
32 diffusion 0.644831425995 0.645912768817
32 age 0.969657468018 0.969740972751
32 X_c 0.971796620548 0.971847757165
32 mass_cc 0.856868856189 0.85775185723
32 Y_surf 0.915380122747 0.915728736113
32 L 0.995756932004 0.995758677371
32 radius 0.987563126329 0.987563192295
32 M 0.957248311785 0.957300787831
32 Y 0.350723651807 0.351358907711
32 Z 0.982107556182 0.982178291696
32 alpha 0.217768626943 0.218589478862
32 overshoot 0.63225159022 0.633454831924
32 diffusion 0.589783601949 0.597024100204
32 age 0.965345184422 0.965442838955
32 X_c 0.966916813256 0.966959968537
32 mass_cc 0.868588215793 0.869420570416
32 Y_surf 0.910335821982 0.910337949438
32 L 0.996040826711 0.99605536058
32 radius 0.990833982974 0.990833993234
32 M 0.960405312187 0.960675123103
32 Y 0.372091389724 0.377933531304
32 Z 0.985145048378 0.985199756128
32 alpha 0.25410753188 0.255159270851
32 overshoot 0.60325423496 0.607239277077
32 diffusion 0.660887475083 0.661343954592
32 age 0.972934611745 0.972934859314
32 X_c 0.97192389956 0.972085367005
32 mass_cc 0.885123576398 0.885165435834
32 Y_surf 0.922641435761 0.922884538104
32 L 0.997067705982 0.997068329976
32 radius 0.991560461905 0.991627837527
32 M 0.958399000311 0.958733354726
32 Y 0.367675447733 0.374999679658
32 Z 0.982126828382 0.982150687555
32 alpha 0.201288628672 0.201966817861
32 overshoot 0.656455597487 0.657114830604
32 diffusion 0.666733793742 0.666985592862
32 age 0.964959614188 0.965070994929
32 X_c 0.970745400116 0.97074564329
32 mass_cc 0.85846735327 0.860296953112
32 Y_surf 0.910593040367 0.910804725447
32 L 0.99668258012 0.996683824174
32 radius 0.99285359935 0.992884285805
32 M 0.957105320855 0.957651807234
32 Y 0.348744747712 0.364013750505
32 Z 0.983156176515 0.983156485636
32 alpha 0.162308574877 0.17221519123
32 overshoot 0.582796206378 0.58301661564
32 diffusion 0.688220595063 0.688239520352
32 age 0.950190834464 0.95027689355
32 X_c 0.970287365939 0.970292416803
32 mass_cc 0.867349471369 0.868063111876
32 Y_surf 0.907840928722 0.907840954509
32 L 0.997264123164 0.997273244174
32 radius 0.992957019206 0.99298489102
32 M 0.961482990707 0.961495159537
32 Y 0.377729492441 0.377903842599
32 Z 0.985576734585 0.985812622225
32 alpha 0.21474461907 0.21877582572
32 overshoot 0.61052224894 0.61071504328
32 diffusion 0.607537910601 0.607612269202
32 age 0.960877914786 0.961300623155
32 X_c 0.969014194098 0.969020398788
32 mass_cc 0.866434642537 0.866435383007
32 Y_surf 0.901163030098 0.901170875335
32 L 0.997087219664 0.997118300377
32 radius 0.992988812352 0.992991262845
32 M 0.958380600605 0.958382966954
32 Y 0.349928557292 0.349939000409
32 Z 0.983333634635 0.983410683795
32 alpha 0.221510913308 0.225101478751
32 overshoot 0.630621751545 0.631844961005
32 diffusion 0.580821453908 0.581980708616
32 age 0.958567219217 0.959052820848
32 X_c 0.968155273939 0.968158803416
32 mass_cc 0.870863845158 0.870885298267
32 Y_surf 0.923653525467 0.923747727491
32 L 0.996667680439 0.996682382907
32 radius 0.989724229957 0.989724268499
32 M 0.956716842857 0.957189253036
32 Y 0.332829487827 0.338457778453
32 Z 0.978704597078 0.978822486365
32 alpha 0.246917992066 0.2497845
32 overshoot 0.614369740448 0.617138939293
32 diffusion 0.609414271028 0.615836465983
32 age 0.956496128654 0.95694955402
32 X_c 0.969083032035 0.969120034873
32 mass_cc 0.865182995007 0.865365929
32 Y_surf 0.911129027822 0.911269001307
32 L 0.997115677715 0.997118271057
32 radius 0.992499198515 0.99254652649
32 M 0.95472768131 0.954775805536
32 Y 0.303378694455 0.305340820889
32 Z 0.985887426253 0.985887430126
32 alpha 0.191150704146 0.195021008909
32 overshoot 0.656575133692 0.656640606192
32 diffusion 0.609592349859 0.615013713447
32 age 0.952780522747 0.952932972584
32 X_c 0.970150973341 0.970176149797
32 mass_cc 0.869819515233 0.871024443936
32 Y_surf 0.90488166519 0.905015915612
32 L 0.996579012774 0.996579708495
32 radius 0.990486142981 0.990487111847
32 M 0.960310413242 0.960460219315
32 Y 0.37231539945 0.377292714071
32 Z 0.984727585635 0.984740801707
32 alpha 0.203555139445 0.203747054357
32 overshoot 0.586640331342 0.586641937528
32 diffusion 0.654653650875 0.654660894084
32 age 0.978442421689 0.97844315865
32 X_c 0.972238028895 0.97224670434
32 mass_cc 0.873583230933 0.874004934092
32 Y_surf 0.907276737393 0.908151907112
32 L 0.996631200415 0.99663422936
32 radius 0.99344009547 0.993453556191
32 M 0.95398681292 0.954053341112
32 Y 0.319967862843 0.320283111228
32 Z 0.984025517457 0.984041489686
32 alpha 0.213006600731 0.218553555863
32 overshoot 0.60428344529 0.605116669646
32 diffusion 0.619491094621 0.619536739705
32 age 0.967541675482 0.967630218758
32 X_c 0.968181090455 0.968182233881
32 mass_cc 0.867895747949 0.868689598152
32 Y_surf 0.915221817752 0.915639827584
32 L 0.995896347 0.995900609577
32 radius 0.989549466732 0.989550560491
32 M 0.958837292153 0.958953647871
32 Y 0.326468743043 0.327774276662
32 Z 0.98506537002 0.985098262021
32 alpha 0.200454188405 0.204028767279
32 overshoot 0.611754806824 0.612641239868
32 diffusion 0.577224394065 0.578054017882
32 age 0.964697165156 0.964919719629
32 X_c 0.97070441334 0.970726396852
32 mass_cc 0.870450880558 0.870845709084
32 Y_surf 0.899002379429 0.899021512364
32 L 0.996564839851 0.996569944489
32 radius 0.989684623206 0.989694575749
32 M 0.955522851365 0.955582458933
32 Y 0.370510894745 0.370694446718
32 Z 0.982317195212 0.98257721537
32 alpha 0.234029983391 0.239055629384
32 overshoot 0.640173175611 0.640957013127
32 diffusion 0.612956444171 0.614313539409
32 age 0.950508992787 0.950789629301
32 X_c 0.967530491146 0.967548153895
32 mass_cc 0.860692662433 0.861580791588
32 Y_surf 0.917287381605 0.917429833978
32 L 0.996301266228 0.996309687765
32 radius 0.988702545955 0.988706257907
32 M 0.960268986671 0.960328428919
32 Y 0.324470309239 0.325567129303
32 Z 0.984515746663 0.984566051555
32 alpha 0.170202778047 0.170231747988
32 overshoot 0.645960356698 0.64596161259
32 diffusion 0.653705736292 0.653931836201
32 age 0.972255745258 0.972270223201
32 X_c 0.969471644784 0.969485127626
32 mass_cc 0.876764259274 0.876909827418
32 Y_surf 0.908823631407 0.909649044627
32 L 0.997191929898 0.997192054963
32 radius 0.993240698479 0.99324150091
32 M 0.95688839564 0.956895204045
32 Y 0.31087746254 0.312238168708
32 Z 0.985686299513 0.985696009562
32 alpha 0.218733662086 0.223891209408
32 overshoot 0.592416269655 0.592422109262
32 diffusion 0.636691350106 0.638193331967
32 age 0.964287447843 0.964303555636
32 X_c 0.97128527182 0.971297929609
32 mass_cc 0.869804150443 0.870233899363
32 Y_surf 0.926349372903 0.926439527361
32 L 0.996693108861 0.996697077068
32 radius 0.990666639337 0.990670866413
32 M 0.959638168416 0.95964096893
32 Y 0.373352838712 0.373356777882
32 Z 0.983047240153 0.983187757295
32 alpha 0.207924335607 0.209139238254
32 overshoot 0.595209523236 0.595730566866
32 diffusion 0.653406376341 0.653842557587
32 age 0.949727802694 0.950147521719
32 X_c 0.968778043155 0.968788916864
32 mass_cc 0.857693777322 0.858275489988
32 Y_surf 0.913619477901 0.913619484459
32 L 0.996256718152 0.9962698968
32 radius 0.990781523488 0.990786302175
32 M 0.955220918046 0.955569188483
32 Y 0.307508397989 0.31109628225
32 Z 0.981091297406 0.981209572609
32 alpha 0.20842476558 0.209278448249
32 overshoot 0.618673560394 0.622131983453
32 diffusion 0.621004780297 0.621087531399
32 age 0.968785667845 0.968805494465
32 X_c 0.968517416952 0.968519019612
32 mass_cc 0.848665189556 0.850163565242
32 Y_surf 0.911663748175 0.911664274285
32 L 0.996188598226 0.996188626699
32 radius 0.991747252058 0.991770735902
32 M 0.956705353815 0.95670574604
32 Y 0.342304342073 0.34234674712
32 Z 0.980521213693 0.980618841636
32 alpha 0.220204117665 0.226327016877
32 overshoot 0.628393714825 0.633500074075
32 diffusion 0.63754703871 0.639364423841
32 age 0.952101691127 0.95264464664
32 X_c 0.967407174327 0.967476590399
32 mass_cc 0.84097513709 0.842562909347
32 Y_surf 0.909907023844 0.910142466837
32 L 0.99592925299 0.995964559392
32 radius 0.988994557599 0.989002585503
64 M 0.959221771486 0.959257306408
64 Y 0.331170597362 0.331274583281
64 Z 0.98430966433 0.984402071096
64 alpha 0.221819098154 0.223427137056
64 overshoot 0.651940912431 0.652228141126
64 diffusion 0.635745699409 0.636914788038
64 age 0.978808894802 0.978945571365
64 X_c 0.972927363669 0.972962903587
64 mass_cc 0.864357046531 0.865192100992
64 Y_surf 0.90089153997 0.901545372733
64 L 0.996693616148 0.996699005444
64 radius 0.993441538908 0.993447997186
64 M 0.954850254277 0.954863778797
64 Y 0.347304910917 0.347507740214
64 Z 0.985169605609 0.985414622431
64 alpha 0.196932827607 0.201788783532
64 overshoot 0.637263487634 0.637835004706
64 diffusion 0.613075425055 0.615178748634
64 age 0.979686712959 0.979928855837
64 X_c 0.968784712816 0.968784973315
64 mass_cc 0.868268596212 0.868805763659
64 Y_surf 0.907693259948 0.90778548316
64 L 0.996438092024 0.996453987893
64 radius 0.990203019752 0.990203219545
64 M 0.958610539123 0.958611485482
64 Y 0.361568229106 0.361605263752
64 Z 0.977046663594 0.977056613758
64 alpha 0.234818632294 0.23973954498
64 overshoot 0.642082265644 0.644110330476
64 diffusion 0.649534478141 0.650229827742
64 age 0.963708481461 0.963725486774
64 X_c 0.968380452003 0.968496962322
64 mass_cc 0.862285233208 0.862999992674
64 Y_surf 0.900766378851 0.900808642114
64 L 0.99711349709 0.997118800229
64 radius 0.99313760961 0.993143138206
64 M 0.95856130134 0.958646483011
64 Y 0.383243092336 0.385364687917
64 Z 0.98118778492 0.981252926429
64 alpha 0.195840555782 0.197425376376
64 overshoot 0.616177225854 0.617969038475
64 diffusion 0.696349564238 0.699623596444
64 age 0.950498043298 0.951075403043
64 X_c 0.971600893133 0.971601303626
64 mass_cc 0.861049584337 0.861916226428
64 Y_surf 0.908043399925 0.908066214439
64 L 0.997239298854 0.997240011106
64 radius 0.992943330605 0.992944574679
64 M 0.955026060373 0.955189007725
64 Y 0.337425548124 0.341285598205
64 Z 0.985524526895 0.985527627389
64 alpha 0.240213027287 0.249435989527
64 overshoot 0.616255211784 0.617052843528
64 diffusion 0.590872853164 0.591235645224
64 age 0.967336357474 0.967433665387
64 X_c 0.972753171377 0.972895590291
64 mass_cc 0.885909115487 0.885927391572
64 Y_surf 0.922237294077 0.922375457624
64 L 0.996873872553 0.996880525567
64 radius 0.989396945975 0.989417180705
64 M 0.960241602369 0.960578499562
64 Y 0.386984546051 0.394048912817
64 Z 0.983696100192 0.983704617003
64 alpha 0.159806085157 0.161800139399
64 overshoot 0.59416710197 0.594271632891
64 diffusion 0.696634906392 0.696635283014
64 age 0.983082908725 0.983083324793
64 X_c 0.97320926041 0.973223640601
64 mass_cc 0.887566372393 0.887587014942
64 Y_surf 0.918574194473 0.918593434274
64 L 0.996986592024 0.996987610736
64 radius 0.993611939346 0.993640858667
64 M 0.959913464398 0.960201755306
64 Y 0.347389305171 0.351627294007
64 Z 0.980721913438 0.980780161801
64 alpha 0.210819801062 0.210853172456
64 overshoot 0.619755328447 0.620194695297
64 diffusion 0.678305299644 0.678708758702
64 age 0.95233925817 0.952479390816
64 X_c 0.969810326789 0.969810689225
64 mass_cc 0.856503046956 0.858710872615
64 Y_surf 0.925315909876 0.925880958919
64 L 0.996532217033 0.996532239448
64 radius 0.993195186967 0.993219687945
64 M 0.955996749238 0.956405364518
64 Y 0.366616186525 0.372486512913
64 Z 0.981811692138 0.981849627579
64 alpha 0.233204966809 0.233206855218
64 overshoot 0.61768610515 0.617970284944
64 diffusion 0.66069735761 0.661136228069
64 age 0.967217973452 0.967231203686
64 X_c 0.969664008703 0.969718605208
64 mass_cc 0.874174400835 0.874753878995
64 Y_surf 0.9003202998 0.900401737278
64 L 0.99697047047 0.996972534455
64 radius 0.992582801591 0.992621392485
64 M 0.955331428535 0.955331642376
64 Y 0.36966224358 0.370166947737
64 Z 0.982790089413 0.982790437679
64 alpha 0.239930038788 0.241126200437
64 overshoot 0.575606481441 0.57723283362
64 diffusion 0.632119470451 0.632166071954
64 age 0.959907078861 0.959924364881
64 X_c 0.970567174088 0.970570424576
64 mass_cc 0.864621252527 0.86558646982
64 Y_surf 0.902099319614 0.902194405907
64 L 0.996463129398 0.996467767283
64 radius 0.990592265552 0.990598214404
64 M 0.957269490588 0.957272875172
64 Y 0.371363552677 0.371648126343
64 Z 0.982868683057 0.982881867626
64 alpha 0.258449947306 0.263208272334
64 overshoot 0.607629823735 0.607712633832
64 diffusion 0.628206031291 0.62830233562
64 age 0.974742473067 0.97475891318
64 X_c 0.97283276916 0.9728379155
64 mass_cc 0.876307081192 0.876309725046
64 Y_surf 0.912507554828 0.912751647994
64 L 0.996790484451 0.996792066033
64 radius 0.990220089782 0.99022388374
64 M 0.959265879146 0.959791879256
64 Y 0.377947695415 0.386822682457
64 Z 0.987376822918 0.987461716906
64 alpha 0.201608933506 0.22165852159
64 overshoot 0.62286297983 0.622976688179
64 diffusion 0.667335436048 0.668516432027
64 age 0.960144747764 0.960636310134
64 X_c 0.971550862636 0.971727572499
64 mass_cc 0.872564523868 0.872578495854
64 Y_surf 0.916080596523 0.916089650447
64 L 0.996960719224 0.996960722101
64 radius 0.992582454386 0.992645304044
64 M 0.963426670833 0.963430365098
64 Y 0.374200101022 0.374533364452
64 Z 0.981542904606 0.981548676372
64 alpha 0.223623954599 0.224070587538
64 overshoot 0.648107728776 0.649010150793
64 diffusion 0.664806604532 0.664887964324
64 age 0.953252298325 0.953421266964
64 X_c 0.970036822918 0.970097235138
64 mass_cc 0.870004712541 0.870988132308
64 Y_surf 0.90586151711 0.90623457798
64 L 0.997136206335 0.997150376788
64 radius 0.993484209684 0.993494294813
64 M 0.956701555025 0.956808653513
64 Y 0.413391318823 0.413856183821
64 Z 0.98389352659 0.983931336391
64 alpha 0.204045309515 0.204207051808
64 overshoot 0.630316839384 0.630627905046
64 diffusion 0.579453737574 0.584553947876
64 age 0.969579114428 0.969651149107
64 X_c 0.967718296315 0.967786169581
64 mass_cc 0.871806377415 0.872502987224
64 Y_surf 0.904851547037 0.904949284571
64 L 0.996793389989 0.996809083647
64 radius 0.989670171201 0.989724195777
64 M 0.957178816305 0.957604473261
64 Y 0.384988521346 0.392231521098
64 Z 0.982611596242 0.982654025836
64 alpha 0.205263190632 0.210321911958
64 overshoot 0.633668663242 0.634653926175
64 diffusion 0.637952666467 0.63807841198
64 age 0.971974973178 0.972084613985
64 X_c 0.971402230827 0.97149129309
64 mass_cc 0.873448957182 0.874360711677
64 Y_surf 0.903827429607 0.903828189594
64 L 0.996689443227 0.996689736972
64 radius 0.993077070344 0.99310977381
64 M 0.956464152296 0.956636134731
64 Y 0.369040642 0.371479548137
64 Z 0.982292287723 0.982310220385
64 alpha 0.235824743187 0.242820968739
64 overshoot 0.649465844623 0.650334853288
64 diffusion 0.617209101681 0.617215595396
64 age 0.966578565366 0.966715067826
64 X_c 0.9703771572 0.970400985167
64 mass_cc 0.864747993626 0.865290593992
64 Y_surf 0.903806750026 0.903810322229
64 L 0.996887731283 0.996889281206
64 radius 0.992678195065 0.992690288845
64 M 0.957313090777 0.957560711121
64 Y 0.346909789622 0.349547454672
64 Z 0.98476795434 0.984854871577
64 alpha 0.206368918053 0.234584842069
64 overshoot 0.566580132073 0.569698583545
64 diffusion 0.674482442582 0.674710240778
64 age 0.955565058328 0.955780255544
64 X_c 0.967919237542 0.967942299212
64 mass_cc 0.849150535603 0.851173378015
64 Y_surf 0.910945160854 0.911085233947
64 L 0.996930339074 0.996930682719
64 radius 0.993414653491 0.993437145591
64 M 0.963133376146 0.963141163374
64 Y 0.401329932642 0.402094160298
64 Z 0.986233915458 0.986280805478
64 alpha 0.236227433724 0.24064781764
64 overshoot 0.635801058636 0.636003956573
64 diffusion 0.684649184694 0.68469511165
64 age 0.956102890827 0.956358186547
64 X_c 0.972214273953 0.972238076535
64 mass_cc 0.870312010017 0.87035781922
64 Y_surf 0.907125841665 0.90726419689
64 L 0.997314176013 0.99731693344
64 radius 0.993457125241 0.993458558091
64 M 0.954948059956 0.955251780669
64 Y 0.34522644909 0.355052339061
64 Z 0.983649315616 0.983716130588
64 alpha 0.261041653657 0.261836533706
64 overshoot 0.612092824769 0.612159274537
64 diffusion 0.696147455316 0.696899127867
64 age 0.97345542737 0.973459774696
64 X_c 0.970974169931 0.971214473083
64 mass_cc 0.876997533454 0.87700044444
64 Y_surf 0.905622503226 0.905794974365
64 L 0.997206519527 0.997206886936
64 radius 0.993421123844 0.993456130133
64 M 0.961720152774 0.96181510084
64 Y 0.342308710377 0.342357885665
64 Z 0.988067670631 0.98824137551
64 alpha 0.250502460808 0.25378697329
64 overshoot 0.616683730965 0.616686461032
64 diffusion 0.709827524448 0.710337512067
64 age 0.963651367205 0.963833387813
64 X_c 0.971929947813 0.971930950771
64 mass_cc 0.865480081738 0.865713610468
64 Y_surf 0.915035828075 0.915036181839
64 L 0.996493110766 0.996499979274
64 radius 0.993637515229 0.993645840345
64 M 0.956896578384 0.957450869579
64 Y 0.334479348741 0.339130247315
64 Z 0.984521067815 0.984633174185
64 alpha 0.218432603384 0.218556022989
64 overshoot 0.592951933635 0.597581444458
64 diffusion 0.630370127279 0.631520893353
64 age 0.945537286503 0.945735803245
64 X_c 0.969512536094 0.969532571305
64 mass_cc 0.848023733857 0.8490738648
64 Y_surf 0.893721291454 0.894744314323
64 L 0.996578875953 0.996578895912
64 radius 0.992304619486 0.992375544691
128 M 0.956411534563 0.956491984058
128 Y 0.358911334418 0.360973237191
128 Z 0.986135894339 0.986138791967
128 alpha 0.233042227404 0.233067042779
128 overshoot 0.631693575167 0.631749193113
128 diffusion 0.669346450109 0.669702567372
128 age 0.974636998154 0.974680635222
128 X_c 0.97255283354 0.972553273268
128 mass_cc 0.886022110139 0.88615432643
128 Y_surf 0.921342707901 0.921359177234
128 L 0.996876489804 0.996876491919
128 radius 0.990791351594 0.990792234976
128 M 0.959545154426 0.959653049405
128 Y 0.398415965529 0.398599729932
128 Z 0.980447292964 0.980827763887
128 alpha 0.245953711387 0.245994454608
128 overshoot 0.634115556174 0.634293139065
128 diffusion 0.607804635607 0.611530217238
128 age 0.947112584065 0.947705854845
128 X_c 0.971450297506 0.971458726032
128 mass_cc 0.86193823931 0.862743333546
128 Y_surf 0.895497509234 0.895502093048
128 L 0.997108507864 0.997108507864
128 radius 0.9935052871 0.993515230174
128 M 0.958821461775 0.9589782371
128 Y 0.388346044869 0.390651174012
128 Z 0.98161782491 0.98161802093
128 alpha 0.241909884645 0.242063218022
128 overshoot 0.64014815132 0.642909029681
128 diffusion 0.69952252591 0.702053373144
128 age 0.950720163683 0.950881115731
128 X_c 0.972476245438 0.972476343118
128 mass_cc 0.864634898735 0.865832944459
128 Y_surf 0.913137080199 0.913144824843
128 L 0.997523785255 0.997523786638
128 radius 0.99368593749 0.993691996217
128 M 0.952972747643 0.953820737015
128 Y 0.326135578869 0.338871184853
128 Z 0.982783446258 0.982818817357
128 alpha 0.277347484358 0.278569042711
128 overshoot 0.620221498212 0.623909890764
128 diffusion 0.638448236112 0.639270348533
128 age 0.971872488674 0.971979257625
128 X_c 0.966855005928 0.966894662568
128 mass_cc 0.844191188701 0.846454200289
128 Y_surf 0.917482536254 0.917600278575
128 L 0.995900849909 0.995900904632
128 radius 0.988861098153 0.988959338919
128 M 0.96052075076 0.960523552339
128 Y 0.371356523454 0.371393207242
128 Z 0.983681173194 0.983682483013
128 alpha 0.279214246809 0.280810073938
128 overshoot 0.643898915558 0.643899006834
128 diffusion 0.605036719735 0.607603378367
128 age 0.98180369294 0.981803735444
128 X_c 0.970513089468 0.970534872144
128 mass_cc 0.88464804206 0.884915195282
128 Y_surf 0.911807517564 0.911976414803
128 L 0.997135165939 0.997143128674
128 radius 0.994060917142 0.99406137874
128 M 0.959992707264 0.960040347038
128 Y 0.355964506437 0.356679945756
128 Z 0.987948109678 0.987948178148
128 alpha 0.231034442569 0.231756766849
128 overshoot 0.5966682664 0.601069592405
128 diffusion 0.669647573191 0.670473055631
128 age 0.976650574234 0.976672465553
128 X_c 0.971266808265 0.971285852149
128 mass_cc 0.854221906437 0.855708278225
128 Y_surf 0.909034153708 0.909204985086
128 L 0.996278936621 0.996282094513
128 radius 0.990916840696 0.990917310026
128 M 0.958231681195 0.958238473941
128 Y 0.371940103605 0.372293400984
128 Z 0.986595295201 0.986677772124
128 alpha 0.242225233148 0.247118941705
128 overshoot 0.626531600308 0.626636467032
128 diffusion 0.624063696916 0.625747157073
128 age 0.976994563439 0.977025269946
128 X_c 0.969396589247 0.969424838742
128 mass_cc 0.867982492812 0.868354092266
128 Y_surf 0.906815170343 0.906968123499
128 L 0.996704020854 0.996708540894
128 radius 0.991203683383 0.991212803572
128 M 0.95941199477 0.959804221443
128 Y 0.367888806914 0.376756398164
128 Z 0.981724833805 0.981756814978
128 alpha 0.173863613728 0.175012391269
128 overshoot 0.655317405741 0.658224969017
128 diffusion 0.681188313658 0.682092559498
128 age 0.964563201954 0.964614683428
128 X_c 0.971640463025 0.971641963518
128 mass_cc 0.864231764295 0.866629558182
128 Y_surf 0.902901279182 0.902925206039
128 L 0.997141321897 0.997141780909
128 radius 0.992797120216 0.992828664377
128 M 0.957335741361 0.957413439591
128 Y 0.354214703329 0.359393552987
128 Z 0.983440177619 0.983617190206
128 alpha 0.247842905412 0.250920734083
128 overshoot 0.621235259406 0.623292657789
128 diffusion 0.589512479991 0.590321092476
128 age 0.956103329294 0.95648175607
128 X_c 0.969079859188 0.969225748182
128 mass_cc 0.867188888047 0.867342456844
128 Y_surf 0.911863373737 0.912074780166
128 L 0.996656121075 0.996674956592
128 radius 0.991204156593 0.991229160358
128 M 0.955745747077 0.955884025147
128 Y 0.361455613766 0.363881931525
128 Z 0.98353346748 0.983624717222
128 alpha 0.223280367978 0.223346914082
128 overshoot 0.66959890139 0.671736407571
128 diffusion 0.633473696661 0.634262317649
128 age 0.971911884636 0.971959009298
128 X_c 0.972459743644 0.972461304268
128 mass_cc 0.873412885201 0.874502241239
128 Y_surf 0.928892354273 0.928892534449
128 L 0.996425051676 0.996425058323
128 radius 0.990628393847 0.990628755961
128 M 0.957450226873 0.957884922893
128 Y 0.353576589166 0.363159084177
128 Z 0.985745310367 0.985750037784
128 alpha 0.217698086542 0.225771125931
128 overshoot 0.585388268416 0.585395663269
128 diffusion 0.709701837967 0.709705632911
128 age 0.976116863398 0.976118583319
128 X_c 0.969967284046 0.970006700582
128 mass_cc 0.875315331843 0.876041167263
128 Y_surf 0.903933272411 0.903971111932
128 L 0.996839689121 0.996840616169
128 radius 0.993641590969 0.993662281885
128 M 0.955063279371 0.955071014315
128 Y 0.321231406159 0.322110599834
128 Z 0.981418088035 0.981421415622
128 alpha 0.253476563338 0.253519098809
128 overshoot 0.619376936274 0.619728064014
128 diffusion 0.668410493283 0.668494978457
128 age 0.971840178952 0.971844939665
128 X_c 0.971218211386 0.971319662351
128 mass_cc 0.890897693478 0.891171008958
128 Y_surf 0.902301453636 0.90288132972
128 L 0.996593281914 0.996596878275
128 radius 0.989408648691 0.989409654737
128 M 0.961296903935 0.961334319184
128 Y 0.385215983222 0.385359751049
128 Z 0.984260432622 0.984281737796
128 alpha 0.27106598443 0.274721795906
128 overshoot 0.651108800195 0.654287203342
128 diffusion 0.638780842471 0.640132553731
128 age 0.975557480343 0.975614054501
128 X_c 0.972501221008 0.972505208959
128 mass_cc 0.890417173375 0.890530650359
128 Y_surf 0.933924352584 0.933993389834
128 L 0.997317534342 0.997335968318
128 radius 0.99372383409 0.993734259105
128 M 0.958907604355 0.958944009341
128 Y 0.399892299626 0.401212606901
128 Z 0.98256789551 0.982624238977
128 alpha 0.304749770386 0.305649330272
128 overshoot 0.669808600615 0.671377851727
128 diffusion 0.678616864822 0.678811544086
128 age 0.958081642238 0.958413233805
128 X_c 0.972215955281 0.972315188041
128 mass_cc 0.869316863317 0.870445107088
128 Y_surf 0.916378987215 0.916401121158
128 L 0.996867953063 0.996872270644
128 radius 0.993745182439 0.993755396836
128 M 0.956519820984 0.956523624298
128 Y 0.332388416971 0.332453587178
128 Z 0.98236865987 0.982682411983
128 alpha 0.25841620156 0.263999230582
128 overshoot 0.614454446735 0.618666074232
128 diffusion 0.613484392837 0.6203964955
128 age 0.953038463814 0.953712849304
128 X_c 0.967522118295 0.967638252657
128 mass_cc 0.849168973861 0.85095694084
128 Y_surf 0.904642973902 0.90464319633
128 L 0.996266910153 0.996286770647
128 radius 0.990756112499 0.990767908712
128 M 0.955060780263 0.955117445077
128 Y 0.380230916292 0.382107450587
128 Z 0.980218847163 0.980276544913
128 alpha 0.239702360648 0.246253601717
128 overshoot 0.649626254599 0.649739362173
128 diffusion 0.646524980404 0.647167581434
128 age 0.974605802993 0.974660671793
128 X_c 0.967749526471 0.96776044144
128 mass_cc 0.88757863322 0.887578699775
128 Y_surf 0.908199428767 0.908205517356
128 L 0.996988942705 0.996990657843
128 radius 0.991103915672 0.991103915716
128 M 0.959068193444 0.95927568299
128 Y 0.348484985551 0.352436804309
128 Z 0.983415843277 0.983434256503
128 alpha 0.265977786782 0.267606972811
128 overshoot 0.644909037004 0.64620306418
128 diffusion 0.656458277485 0.658779530698
128 age 0.980716487464 0.980728447583
128 X_c 0.968117764511 0.968124928058
128 mass_cc 0.867630244365 0.868933468689
128 Y_surf 0.912718496002 0.913375362488
128 L 0.996913508456 0.996914486332
128 radius 0.993639652636 0.993647625106
128 M 0.960034274334 0.960103904494
128 Y 0.361490778182 0.361503554233
128 Z 0.98548954864 0.985608730759
128 alpha 0.194942101167 0.205645418926
128 overshoot 0.64137380822 0.644261676284
128 diffusion 0.624451331158 0.62490891095
128 age 0.949412550495 0.94996678435
128 X_c 0.971000918361 0.97102856518
128 mass_cc 0.862966777413 0.86417875558
128 Y_surf 0.907533694002 0.907612985693
128 L 0.996723545839 0.996726038834
128 radius 0.992969962394 0.992980290211
128 M 0.96212223278 0.962163866051
128 Y 0.402466487517 0.402616537235
128 Z 0.984985412134 0.985333700056
128 alpha 0.288208075935 0.289187499606
128 overshoot 0.643227380196 0.645004325863
128 diffusion 0.704065961448 0.704093749474
128 age 0.946222050882 0.946477532362
128 X_c 0.968775444211 0.968776652064
128 mass_cc 0.867024043277 0.867370703969
128 Y_surf 0.91202215179 0.91239532749
128 L 0.997436518061 0.997438136974
128 radius 0.993339942203 0.993345544393
128 M 0.958177084304 0.958213692459
128 Y 0.357208221568 0.357996919652
128 Z 0.983302602789 0.983319843452
128 alpha 0.223175430119 0.223189753335
128 overshoot 0.625756629576 0.626286283251
128 diffusion 0.529056567132 0.542665217107
128 age 0.962577169253 0.962622015842
128 X_c 0.973242469463 0.973322588556
128 mass_cc 0.874286592468 0.875403623901
128 Y_surf 0.920546398493 0.920550230913
128 L 0.996937776942 0.996941006428
128 radius 0.99034738211 0.990347764067
