n_tracks m_points variable cv oob
4096 2 M 0.781331408815 0.968090912262
4096 2 Y -0.289264897301 0.583950623993
4096 2 Z 0.935646282821 0.989802298236
4096 2 alpha 0.0257049104236 0.227284341621
4096 2 overshoot -0.107040243937 0.393972634998
4096 2 diffusion -0.161091125868 0.388130082038
4096 2 age 0.243290285593 0.977923413591
4096 2 X_c 0.396391504818 0.998333406286
4096 2 mass_cc -0.0244831116124 0.870706941226
4096 2 Y_surf 0.744312298408 0.940979173692
4096 2 L 0.959523669925 0.993310248576
4096 2 radius 0.965818189905 0.995631457619
4096 2 M 0.783000751239 0.967402121161
4096 2 Y -0.285217497274 0.590255182113
4096 2 Z 0.9465759476 0.989015094946
4096 2 alpha 0.000822826455742 0.219755750239
4096 2 overshoot -0.114152717709 0.400272249284
4096 2 diffusion -0.267706741868 0.369521631715
4096 2 age 0.307936042538 0.978567727082
4096 2 X_c 0.394664998603 0.998396830869
4096 2 mass_cc -0.0264317738835 0.866950145774
4096 2 Y_surf 0.745492615521 0.939387606584
4096 2 L 0.964107741432 0.993781964245
4096 2 radius 0.967260850367 0.995926566577
4096 2 M 0.790459413706 0.967714429524
4096 2 Y -0.282045905865 0.581895482578
4096 2 Z 0.942540604561 0.987887480712
4096 2 alpha -0.0148062718049 0.226804551924
4096 2 overshoot -0.0355587922642 0.420227627745
4096 2 diffusion -0.386810881011 0.38057237859
4096 2 age 0.297467107222 0.979199869787
4096 2 X_c 0.392842966955 0.998400427807
4096 2 mass_cc -0.0287444025616 0.871786684554
4096 2 Y_surf 0.730273722222 0.940058932282
4096 2 L 0.96382329024 0.993294401788
4096 2 radius 0.96534357721 0.995741662475
4096 2 M 0.78334588021 0.968587508753
4096 2 Y -0.292418041518 0.590243738033
4096 2 Z 0.937720283648 0.989320613297
4096 2 alpha 0.0066444969273 0.239037158368
4096 2 overshoot -0.0469724448655 0.408000071233
4096 2 diffusion -0.191345898946 0.372919129779
4096 2 age 0.292334707094 0.979351442685
4096 2 X_c 0.378116194941 0.998370946644
4096 2 mass_cc -0.0156036197905 0.872499505271
4096 2 Y_surf 0.744148629421 0.942324812957
4096 2 L 0.960832751615 0.993239919626
4096 2 radius 0.96648380909 0.995955592289
4096 2 M 0.774439793682 0.967970390454
4096 2 Y -0.296068378495 0.582459572035
4096 2 Z 0.947153603236 0.989060829483
4096 2 alpha 0.00667966887546 0.222932770016
4096 2 overshoot -0.0261971774855 0.413553570826
4096 2 diffusion -0.292878473654 0.379764070749
4096 2 age 0.390489197726 0.977144731745
4096 2 X_c 0.383227608117 0.998350296579
4096 2 mass_cc -0.0204824881443 0.871761795158
4096 2 Y_surf 0.74941345458 0.941398988356
4096 2 L 0.964708501315 0.993374649108
4096 2 radius 0.964104499471 0.996063820981
4096 2 M 0.7979057957 0.967959383843
4096 2 Y -0.288398842487 0.590294758382
4096 2 Z 0.950770014551 0.988460591533
4096 2 alpha 0.00315078637893 0.224616638422
4096 2 overshoot -0.122456761077 0.395018451504
4096 2 diffusion -0.448708601486 0.369786726006
4096 2 age 0.351219472644 0.97591173779
4096 2 X_c 0.403747145741 0.998477274654
4096 2 mass_cc -0.0241257458181 0.869967144119
4096 2 Y_surf 0.753313144929 0.938908580027
4096 2 L 0.967529379086 0.993304053372
4096 2 radius 0.965744809943 0.995785304433
4096 2 M 0.783474339602 0.968988909741
4096 2 Y -0.282210651964 0.583542126998
4096 2 Z 0.943588724964 0.989332967671
4096 2 alpha 0.00603977637857 0.227827302391
4096 2 overshoot -0.126111543634 0.393204725202
4096 2 diffusion -0.204260057859 0.388668420111
4096 2 age 0.21533186903 0.980003071216
4096 2 X_c 0.422624433614 0.998406171841
4096 2 mass_cc -0.0575881636369 0.868441991291
4096 2 Y_surf 0.747475998103 0.940339329542
4096 2 L 0.961365636451 0.99315443475
4096 2 radius 0.966142820352 0.995745869287
4096 2 M 0.788123588062 0.967242554222
4096 2 Y -0.25216570166 0.581357297552
4096 2 Z 0.93878218134 0.98937614489
4096 2 alpha 0.0134866519279 0.225239106672
4096 2 overshoot -0.0509862316175 0.389133108793
4096 2 diffusion -0.281172990129 0.355612076645
4096 2 age 0.317495777413 0.97841660369
4096 2 X_c 0.439328951885 0.998385154667
4096 2 mass_cc -0.0420918025571 0.868003109864
4096 2 Y_surf 0.753791877023 0.93769296589
4096 2 L 0.962003054107 0.993122554194
4096 2 radius 0.963627337734 0.995549858249
4096 2 M 0.787224180923 0.968590012363
4096 2 Y -0.268178015507 0.593589890934
4096 2 Z 0.942596116648 0.989089673791
4096 2 alpha 0.00704748049178 0.230090377629
4096 2 overshoot -0.0471421858815 0.38970347266
4096 2 diffusion -0.453179227235 0.362798837215
4096 2 age 0.261062785787 0.97500820954
4096 2 X_c 0.420877826952 0.998348235775
4096 2 mass_cc -0.0205991270799 0.873453927762
4096 2 Y_surf 0.724815850576 0.942489494368
4096 2 L 0.955107719156 0.993494424799
4096 2 radius 0.966919264783 0.996045294285
4096 2 M 0.794047368046 0.9685831794
4096 2 Y -0.291886082132 0.588995594996
4096 2 Z 0.942673712778 0.989674186189
4096 2 alpha 0.00411154935707 0.241060643234
4096 2 overshoot -0.0127848718116 0.39476955284
4096 2 diffusion -0.247137216856 0.384882638488
4096 2 age 0.349491553304 0.977338099824
4096 2 X_c 0.385149986365 0.99839647024
4096 2 mass_cc -0.016752566792 0.868167366908
4096 2 Y_surf 0.750778445614 0.938419413027
4096 2 L 0.965535123817 0.993732979228
4096 2 radius 0.966948231877 0.996060358195
4096 2 M 0.780845386007 0.968337701948
4096 2 Y -0.330508498428 0.585780324046
4096 2 Z 0.936548203247 0.988821037199
4096 2 alpha 0.0218228470236 0.230700120487
4096 2 overshoot 0.0579198689457 0.382508780151
4096 2 diffusion -0.203115291855 0.383521573737
4096 2 age 0.363803619959 0.978513819106
4096 2 X_c 0.367749071895 0.998316664743
4096 2 mass_cc -0.0336822886055 0.868663847682
4096 2 Y_surf 0.730797049408 0.940113325203
4096 2 L 0.969614887246 0.993893010096
4096 2 radius 0.967889943447 0.996116154158
4096 2 M 0.793940550082 0.969061497059
4096 2 Y -0.273734893242 0.588450881455
4096 2 Z 0.938556371003 0.988781199882
4096 2 alpha 0.00929951910158 0.233413155208
4096 2 overshoot -0.0761836905065 0.386115091664
4096 2 diffusion -0.279762154124 0.37269480999
4096 2 age 0.333034245758 0.976112243133
4096 2 X_c 0.450867510167 0.998304649325
4096 2 mass_cc -0.0115726362138 0.871127444514
4096 2 Y_surf 0.75586302273 0.943166015097
4096 2 L 0.972043973989 0.99362218027
4096 2 radius 0.965570443348 0.995695447301
4096 2 M 0.796732196738 0.968406313237
4096 2 Y -0.298519853208 0.585333567815
4096 2 Z 0.938768523764 0.988487108651
4096 2 alpha -0.00927578616659 0.242438393726
4096 2 overshoot -0.0646419401619 0.396558535485
4096 2 diffusion -0.312585426611 0.363345698468
4096 2 age 0.269706462742 0.977596107246
4096 2 X_c 0.419205372551 0.998368152912
4096 2 mass_cc -0.0227200844258 0.86813833255
4096 2 Y_surf 0.74818833537 0.939333468543
4096 2 L 0.96517786704 0.993516658633
4096 2 radius 0.967765605216 0.995793802295
4096 2 M 0.793527787107 0.967801499856
4096 2 Y -0.251258314417 0.586042098268
4096 2 Z 0.945784586449 0.989583892883
4096 2 alpha 0.00245218796972 0.214522255035
4096 2 overshoot -0.149632261377 0.393238895072
4096 2 diffusion -0.196777830971 0.376980747638
4096 2 age 0.323950882175 0.973546770497
4096 2 X_c 0.366528890844 0.998359762182
4096 2 mass_cc -0.0384534330899 0.86660312899
4096 2 Y_surf 0.764873361717 0.938402165303
4096 2 L 0.972129175979 0.993304449204
4096 2 radius 0.965770130684 0.995761510467
4096 2 M 0.780974892424 0.96799833768
4096 2 Y -0.240131791501 0.582394181422
4096 2 Z 0.945636503319 0.989337888775
4096 2 alpha -0.00250131318791 0.229827444316
4096 2 overshoot -0.0703622780882 0.394271692071
4096 2 diffusion -0.247876558404 0.371667137554
4096 2 age 0.346026439134 0.979192296956
4096 2 X_c 0.3765105533 0.998470129262
4096 2 mass_cc -0.041411219667 0.870852924462
4096 2 Y_surf 0.761037913365 0.942521791648
4096 2 L 0.966308832062 0.992883478757
4096 2 radius 0.965991824864 0.995796973807
4096 2 M 0.784756477888 0.967759042766
4096 2 Y -0.295784823494 0.592032439057
4096 2 Z 0.945790455753 0.988489845567
4096 2 alpha -0.00366934806587 0.228985826685
4096 2 overshoot -0.103011758475 0.412134783793
4096 2 diffusion -0.345359582982 0.376729670469
4096 2 age 0.364328957401 0.974916692472
4096 2 X_c 0.41581729839 0.99829981503
4096 2 mass_cc -0.0225118459957 0.874101224142
4096 2 Y_surf 0.766578464719 0.942446612652
4096 2 L 0.962439597383 0.993172589428
4096 2 radius 0.965944091636 0.995895798411
4096 2 M 0.787275924696 0.968387272062
4096 2 Y -0.273097994362 0.585200530476
4096 2 Z 0.946834558675 0.988974318852
4096 2 alpha -0.0234221705943 0.22497948495
4096 2 overshoot -0.141214424575 0.404951014419
4096 2 diffusion -0.175112152158 0.37877758789
4096 2 age 0.331325335397 0.977861420264
4096 2 X_c 0.404527436136 0.998348592879
4096 2 mass_cc -0.0415999456111 0.872366139899
4096 2 Y_surf 0.740377238943 0.94140866777
4096 2 L 0.958946389561 0.993212110827
4096 2 radius 0.96627070718 0.99546184849
4096 2 M 0.799670316815 0.969132056245
4096 2 Y -0.285163578524 0.585776382885
4096 2 Z 0.943943502911 0.989837441901
4096 2 alpha 0.0191341990378 0.236901158778
4096 2 overshoot -0.144613108834 0.390535153285
4096 2 diffusion -0.240362028934 0.368551543582
4096 2 age 0.27564845743 0.976815798349
4096 2 X_c 0.42096395999 0.998395611403
4096 2 mass_cc -0.0767439036699 0.871167762554
4096 2 Y_surf 0.74597085536 0.941132843607
4096 2 L 0.96341486748 0.993725593108
4096 2 radius 0.969940321862 0.995470752405
4096 2 M 0.787589112216 0.968043851009
4096 2 Y -0.246076533568 0.587481711044
4096 2 Z 0.939943574348 0.988986829388
4096 2 alpha -0.00794118940447 0.229252142278
4096 2 overshoot -0.0334965690712 0.3842884011
4096 2 diffusion -0.154817457991 0.378042581105
4096 2 age 0.228643704465 0.977283936655
4096 2 X_c 0.415016057876 0.998443146297
4096 2 mass_cc -0.0534344347306 0.87197464529
4096 2 Y_surf 0.758843923043 0.940224892668
4096 2 L 0.970518995506 0.993694808818
4096 2 radius 0.966334450669 0.995998235428
4096 2 M 0.80308840236 0.968000167089
4096 2 Y -0.274490308125 0.578210447602
4096 2 Z 0.939727475858 0.989264549819
4096 2 alpha -0.00166282666817 0.231728861086
4096 2 overshoot -0.138481061356 0.395791675081
4096 2 diffusion -0.259530514892 0.372678718691
4096 2 age 0.295690904955 0.978591094891
4096 2 X_c 0.413039502701 0.998381697981
4096 2 mass_cc -0.0183873296835 0.869086973194
4096 2 Y_surf 0.735136706876 0.941019224343
4096 2 L 0.959219836329 0.993296082217
4096 2 radius 0.966703801879 0.995457769956
4096 3 M 0.906480418987 0.965389694037
4096 3 Y -0.0222552195302 0.545769145406
4096 3 Z 0.966937488939 0.984712700517
4096 3 alpha 0.108075977101 0.217562465497
4096 3 overshoot 0.34510821386 0.512733977353
4096 3 diffusion 0.345720677184 0.464955073992
4096 3 age 0.867512081065 0.970419955827
4096 3 X_c 0.766672130365 0.995819514575
4096 3 mass_cc 0.35941081651 0.898157264795
4096 3 Y_surf 0.863275004617 0.94116103751
4096 3 L 0.990716061925 0.994137779252
4096 3 radius 0.990472259746 0.9956786386
4096 3 M 0.906473246673 0.964706067891
4096 3 Y -0.000138932886845 0.545562263463
4096 3 Z 0.967523848728 0.984480359477
4096 3 alpha 0.107938011166 0.206557110074
4096 3 overshoot 0.351873528714 0.512809963924
4096 3 diffusion 0.331295161134 0.452838539833
4096 3 age 0.862941576379 0.968546763315
4096 3 X_c 0.770433085763 0.996273204747
4096 3 mass_cc 0.35351347525 0.894104042155
4096 3 Y_surf 0.865543568938 0.940853653788
4096 3 L 0.991156428466 0.994257293214
4096 3 radius 0.990685046767 0.995571908154
4096 3 M 0.905695595096 0.964940685406
4096 3 Y -0.0136587956559 0.544836495668
4096 3 Z 0.970847066711 0.985196225321
4096 3 alpha 0.117198703457 0.201387337267
4096 3 overshoot 0.332407008003 0.520281596237
4096 3 diffusion 0.316270391013 0.474538516681
4096 3 age 0.866123842239 0.971861144592
4096 3 X_c 0.764937840014 0.995840929708
4096 3 mass_cc 0.337248618105 0.894742247898
4096 3 Y_surf 0.865403307348 0.938565162877
4096 3 L 0.991648930623 0.994190310353
4096 3 radius 0.990230694913 0.995432290541
4096 3 M 0.906591973297 0.964765199542
4096 3 Y -0.0125443229369 0.542323640729
4096 3 Z 0.976330810047 0.983890928763
4096 3 alpha 0.104811986619 0.211497568036
4096 3 overshoot 0.355042800675 0.517344554056
4096 3 diffusion 0.347345370905 0.458239950552
4096 3 age 0.872034946417 0.968750857409
4096 3 X_c 0.773686233441 0.995825986251
4096 3 mass_cc 0.361078521677 0.896026120184
4096 3 Y_surf 0.867209203438 0.9389802274
4096 3 L 0.992075002021 0.99388623141
4096 3 radius 0.990189054421 0.995457892657
4096 3 M 0.9050804166 0.965414300811
4096 3 Y -0.0134042974923 0.548369605603
4096 3 Z 0.970328082602 0.984776603346
4096 3 alpha 0.107016519425 0.217814682302
4096 3 overshoot 0.361369363005 0.528939008541
4096 3 diffusion 0.348958589776 0.456898979519
4096 3 age 0.864718371474 0.97004612073
4096 3 X_c 0.767298355326 0.99593146684
4096 3 mass_cc 0.365633537554 0.895575142336
4096 3 Y_surf 0.867657333732 0.940330915498
4096 3 L 0.991565263072 0.99434171338
4096 3 radius 0.990694854857 0.995767981643
4096 3 M 0.905482991348 0.965680412835
4096 3 Y -0.0159707637142 0.543305545661
4096 3 Z 0.96960821232 0.98308543812
4096 3 alpha 0.110613329663 0.204246594901
4096 3 overshoot 0.318590793048 0.514186491106
4096 3 diffusion 0.370190669555 0.45649567031
4096 3 age 0.850790403316 0.972963381729
4096 3 X_c 0.76860483834 0.996052395957
4096 3 mass_cc 0.350164110168 0.896519256202
4096 3 Y_surf 0.871898270363 0.938752889589
4096 3 L 0.991450585942 0.994330931552
4096 3 radius 0.990560631796 0.995690301093
4096 3 M 0.905078031798 0.965604293161
4096 3 Y -0.0180302151187 0.548023089898
4096 3 Z 0.971144050783 0.98377886622
4096 3 alpha 0.0973268042332 0.213592540888
4096 3 overshoot 0.361320544351 0.514415175476
4096 3 diffusion 0.398969453601 0.427762963868
4096 3 age 0.858808354143 0.972588507564
4096 3 X_c 0.772251238411 0.995813015096
4096 3 mass_cc 0.356321173068 0.89524652801
4096 3 Y_surf 0.871592620299 0.940666011063
4096 3 L 0.991143906062 0.994266556561
4096 3 radius 0.990273655748 0.995627376862
4096 3 M 0.906206155592 0.965271003377
4096 3 Y -0.000915983484187 0.539773458824
4096 3 Z 0.966162058372 0.984303045596
4096 3 alpha 0.111972782458 0.213561312518
4096 3 overshoot 0.317229119329 0.518538791255
4096 3 diffusion 0.36116750514 0.443394564666
4096 3 age 0.858239884972 0.971361943496
4096 3 X_c 0.768787525489 0.996089461622
4096 3 mass_cc 0.354503655108 0.895575131837
4096 3 Y_surf 0.869954483948 0.94002433281
4096 3 L 0.990388923472 0.994259355197
4096 3 radius 0.991072058098 0.995176880805
4096 3 M 0.905328915518 0.965078764125
4096 3 Y -0.0186316318106 0.54644184522
4096 3 Z 0.974519796724 0.983697685381
4096 3 alpha 0.12184058521 0.198874861056
4096 3 overshoot 0.321389279144 0.512827415668
4096 3 diffusion 0.34591525456 0.462091964137
4096 3 age 0.872771340179 0.968464812709
4096 3 X_c 0.769214493521 0.995788307458
4096 3 mass_cc 0.361368293731 0.894813609557
4096 3 Y_surf 0.865997195905 0.939953187046
4096 3 L 0.991648798729 0.994187379586
4096 3 radius 0.990405830992 0.995926682374
4096 3 M 0.905516954529 0.965568687035
4096 3 Y -0.0185231134895 0.548798060818
4096 3 Z 0.97115633437 0.983798283321
4096 3 alpha 0.120971145521 0.200337056512
4096 3 overshoot 0.340739438181 0.520860637281
4096 3 diffusion 0.312381400772 0.473293360135
4096 3 age 0.86319360226 0.968474792493
4096 3 X_c 0.77264117591 0.996097052456
4096 3 mass_cc 0.348795550188 0.897513454013
4096 3 Y_surf 0.868730967594 0.940414882731
4096 3 L 0.991834939132 0.994391427037
4096 3 radius 0.990590265356 0.995771164908
4096 3 M 0.906252012049 0.965365671462
4096 3 Y -0.0214174682551 0.542116988108
4096 3 Z 0.970370295413 0.984190971299
4096 3 alpha 0.107440277369 0.211448506646
4096 3 overshoot 0.344595840397 0.512381398633
4096 3 diffusion 0.343892993797 0.447438451638
4096 3 age 0.87253481128 0.970432679421
4096 3 X_c 0.759226533039 0.995987518295
4096 3 mass_cc 0.347597848315 0.896112869336
4096 3 Y_surf 0.863940881298 0.941486527238
4096 3 L 0.991713498246 0.994202232415
4096 3 radius 0.99050325186 0.995700203925
4096 3 M 0.906225793229 0.965608160699
4096 3 Y -0.00125276816367 0.539592078479
4096 3 Z 0.96755681763 0.984604400335
4096 3 alpha 0.101934773024 0.217007820336
4096 3 overshoot 0.320156786512 0.526127505899
4096 3 diffusion 0.357156408395 0.460026254742
4096 3 age 0.866405418544 0.969614575977
4096 3 X_c 0.774012740651 0.995850457999
4096 3 mass_cc 0.357487501063 0.896790568342
4096 3 Y_surf 0.874632632971 0.938187017762
4096 3 L 0.991014707226 0.994335354174
4096 3 radius 0.990631556359 0.995662716959
4096 3 M 0.908896529066 0.965368193913
4096 3 Y 0.00326814226595 0.544918699405
4096 3 Z 0.967038994918 0.98487309969
4096 3 alpha 0.106553174189 0.208178578477
4096 3 overshoot 0.330929075698 0.512908015039
4096 3 diffusion 0.307367864787 0.477674100707
4096 3 age 0.866160437437 0.970161390899
4096 3 X_c 0.773006643627 0.996014485413
4096 3 mass_cc 0.355786915997 0.894528700319
4096 3 Y_surf 0.868277832208 0.93898430293
4096 3 L 0.991717887677 0.994097087822
4096 3 radius 0.990415214486 0.995530358414
4096 3 M 0.905772670019 0.964255160926
4096 3 Y -0.0118105804598 0.543419571334
4096 3 Z 0.974257371303 0.983133751229
4096 3 alpha 0.117773489872 0.199235542536
4096 3 overshoot 0.359381446034 0.508685036436
4096 3 diffusion 0.340699748082 0.455566188554
4096 3 age 0.852712960696 0.970392320896
4096 3 X_c 0.761754851285 0.995884832576
4096 3 mass_cc 0.365003135975 0.89320045159
4096 3 Y_surf 0.870389005392 0.940398890987
4096 3 L 0.992254524701 0.994186968958
4096 3 radius 0.990873588593 0.995070705038
4096 3 M 0.91024434859 0.965035445641
4096 3 Y -0.0196815542997 0.549250219065
4096 3 Z 0.96656688596 0.984323142586
4096 3 alpha 0.107132740902 0.210266230343
4096 3 overshoot 0.316711891857 0.514901680249
4096 3 diffusion 0.337655476701 0.463482824723
4096 3 age 0.862469406642 0.972080905622
4096 3 X_c 0.765721273068 0.995921175858
4096 3 mass_cc 0.353183950136 0.893794854138
4096 3 Y_surf 0.869308532237 0.939285098286
4096 3 L 0.990661779429 0.994397602398
4096 3 radius 0.990718365378 0.995654462191
4096 3 M 0.909875016068 0.965211527039
4096 3 Y 0.00824840825622 0.542011527345
4096 3 Z 0.975035634114 0.982930103631
4096 3 alpha 0.122787344348 0.2104590092
4096 3 overshoot 0.353923164073 0.510124854537
4096 3 diffusion 0.347908568614 0.456435022189
4096 3 age 0.862667163145 0.969515286148
4096 3 X_c 0.766135551213 0.996017977278
4096 3 mass_cc 0.351790902509 0.896513491433
4096 3 Y_surf 0.876284928916 0.939121536479
4096 3 L 0.991514846268 0.994114809406
4096 3 radius 0.990501452238 0.99529172025
4096 3 M 0.906263203645 0.964952152166
4096 3 Y -0.0232713984902 0.541885155925
4096 3 Z 0.974585839066 0.984526808038
4096 3 alpha 0.108117422884 0.215535095509
4096 3 overshoot 0.342837312556 0.507521859137
4096 3 diffusion 0.308271866315 0.479290234735
4096 3 age 0.878133916969 0.972008366758
4096 3 X_c 0.766280487748 0.995876595508
4096 3 mass_cc 0.333543189668 0.892928438351
4096 3 Y_surf 0.867017253976 0.939925883504
4096 3 L 0.990813452425 0.994472365917
4096 3 radius 0.990617561737 0.995490669479
4096 3 M 0.905389196069 0.965864897948
4096 3 Y -0.0359205162613 0.548872256691
4096 3 Z 0.96580115209 0.984805735471
4096 3 alpha 0.0910961585422 0.208096856732
4096 3 overshoot 0.34391192841 0.513357707352
4096 3 diffusion 0.367453327716 0.477591451608
4096 3 age 0.860106103245 0.971203810877
4096 3 X_c 0.77135152053 0.995829768121
4096 3 mass_cc 0.371692702936 0.894471494911
4096 3 Y_surf 0.866148065277 0.939834955943
4096 3 L 0.991068977525 0.994281482975
4096 3 radius 0.990497558296 0.995895049544
4096 3 M 0.905659698373 0.965995661745
4096 3 Y -0.0307853385127 0.551789293349
4096 3 Z 0.974393927528 0.984102729319
4096 3 alpha 0.106139533708 0.206552695984
4096 3 overshoot 0.303985952888 0.533622975346
4096 3 diffusion 0.35913580433 0.466614713179
4096 3 age 0.879677016184 0.969705737498
4096 3 X_c 0.767294838107 0.995971165872
4096 3 mass_cc 0.350457448153 0.893714693025
4096 3 Y_surf 0.864229193398 0.94027756345
4096 3 L 0.991718921397 0.994524938884
4096 3 radius 0.990555908386 0.995516792834
4096 3 M 0.906350960775 0.964896099055
4096 3 Y -0.01225052368 0.543704466662
4096 3 Z 0.971699587503 0.98416285848
4096 3 alpha 0.110286786328 0.201537416546
4096 3 overshoot 0.329334597668 0.521809251333
4096 3 diffusion 0.325689442915 0.47902037873
4096 3 age 0.856237722922 0.972652458591
4096 3 X_c 0.76987951678 0.99596340267
4096 3 mass_cc 0.346962880747 0.896082095084
4096 3 Y_surf 0.871277421022 0.940573209319
4096 3 L 0.990927299115 0.994110666522
4096 3 radius 0.990287736154 0.995512160137
4096 4 M 0.934833919956 0.964733502919
4096 4 Y 0.10170002182 0.530737603376
4096 4 Z 0.976316407047 0.983428819631
4096 4 alpha 0.144757405741 0.201868746297
4096 4 overshoot 0.370184176414 0.562880688693
4096 4 diffusion 0.459587158209 0.494548890043
4096 4 age 0.93120064395 0.9635523157
4096 4 X_c 0.886122895415 0.992430601818
4096 4 mass_cc 0.648496952845 0.895787829384
4096 4 Y_surf 0.903639189157 0.940254501321
4096 4 L 0.99470646054 0.994759864292
4096 4 radius 0.99359416689 0.995547997539
4096 4 M 0.936345023591 0.964604706183
4096 4 Y 0.115007589451 0.529609779129
4096 4 Z 0.977287232209 0.983080357881
4096 4 alpha 0.159328294256 0.194763792629
4096 4 overshoot 0.408753718804 0.55824433242
4096 4 diffusion 0.470533189603 0.501625362573
4096 4 age 0.927680078963 0.966035066328
4096 4 X_c 0.883663209171 0.9927168859
4096 4 mass_cc 0.635640301873 0.89617713844
4096 4 Y_surf 0.901627276986 0.94014281431
4096 4 L 0.994249741533 0.994738131983
4096 4 radius 0.993494241874 0.995546739212
4096 4 M 0.937418967129 0.964371561308
4096 4 Y 0.0931178529194 0.524793724767
4096 4 Z 0.978949038068 0.983089291536
4096 4 alpha 0.14107504027 0.213575041116
4096 4 overshoot 0.379190422633 0.550428213793
4096 4 diffusion 0.463232895215 0.492859503318
4096 4 age 0.925072089439 0.964484702088
4096 4 X_c 0.885618178842 0.992573791891
4096 4 mass_cc 0.638269292243 0.894409201954
4096 4 Y_surf 0.903355378398 0.937927546634
4096 4 L 0.994501015647 0.994578300229
4096 4 radius 0.993648815506 0.995511810086
4096 4 M 0.938112280526 0.964647922506
4096 4 Y 0.0913073284903 0.528128110329
4096 4 Z 0.979930452945 0.982179730584
4096 4 alpha 0.156683434588 0.197004633506
4096 4 overshoot 0.364149160363 0.557111094138
4096 4 diffusion 0.483946793361 0.497113316805
4096 4 age 0.926559814707 0.965276162685
4096 4 X_c 0.888360637135 0.992535328549
4096 4 mass_cc 0.633184083559 0.89315254281
4096 4 Y_surf 0.900274245477 0.938866328525
4096 4 L 0.994581231856 0.995053444667
4096 4 radius 0.993796417343 0.995386710483
4096 4 M 0.939388844658 0.96464015117
4096 4 Y 0.112257495809 0.525145798605
4096 4 Z 0.976574288644 0.983638083074
4096 4 alpha 0.150544884618 0.208661790634
4096 4 overshoot 0.419041221379 0.548823006901
4096 4 diffusion 0.46154431821 0.502254098436
4096 4 age 0.929210750098 0.964655190655
4096 4 X_c 0.885838232041 0.992632578789
4096 4 mass_cc 0.6411488817 0.8955297133
4096 4 Y_surf 0.907155318797 0.940207696393
4096 4 L 0.99467183627 0.994274512433
4096 4 radius 0.99354177798 0.995694145979
4096 4 M 0.936963467184 0.964188739104
4096 4 Y 0.0966354083577 0.531102819004
4096 4 Z 0.978725354013 0.983295554836
4096 4 alpha 0.149505958314 0.198012896276
4096 4 overshoot 0.395616210659 0.557238525024
4096 4 diffusion 0.440517251796 0.507067070853
4096 4 age 0.914490345964 0.968828132325
4096 4 X_c 0.884167935346 0.992650495926
4096 4 mass_cc 0.645947663934 0.893683207685
4096 4 Y_surf 0.899673987797 0.940527465476
4096 4 L 0.994663691188 0.994801170917
4096 4 radius 0.993767135754 0.995540223101
4096 4 M 0.937256537693 0.963804921416
4096 4 Y 0.0948764180279 0.531394056087
4096 4 Z 0.97673488122 0.982130524498
4096 4 alpha 0.153101891481 0.20891961245
4096 4 overshoot 0.367285652756 0.563085713759
4096 4 diffusion 0.437039819891 0.510974840433
4096 4 age 0.931108133706 0.965033031494
4096 4 X_c 0.883093644734 0.992727396194
4096 4 mass_cc 0.640281902139 0.894825972478
4096 4 Y_surf 0.896954031944 0.939725000156
4096 4 L 0.995009455406 0.994518381412
4096 4 radius 0.993727330617 0.99566466068
4096 4 M 0.938862156948 0.964154492442
4096 4 Y 0.097383540453 0.530196591275
4096 4 Z 0.979196650112 0.98286597748
4096 4 alpha 0.150888832496 0.202504898633
4096 4 overshoot 0.380416390771 0.549805387095
4096 4 diffusion 0.483004141863 0.47746297296
4096 4 age 0.920119858532 0.965317409168
4096 4 X_c 0.885962459448 0.992792030502
4096 4 mass_cc 0.642084287692 0.893932609274
4096 4 Y_surf 0.899582486071 0.939957759008
4096 4 L 0.994921287552 0.994287564185
4096 4 radius 0.993822476211 0.995420207301
4096 4 M 0.937799412188 0.964655306052
4096 4 Y 0.0975066385247 0.526502398861
4096 4 Z 0.973508129028