n_tracks m_points variable cv oob
4096 2 M 0.811614702059 0.967899795707
4096 2 Y -0.283938812148 0.593600743204
4096 2 Z 0.939221773797 0.989971914818
4096 2 alpha 0.0118730138928 0.252068621944
4096 2 overshoot -0.138987633748 0.388864473372
4096 2 diffusion -0.613417448673 0.386182381701
4096 2 age 0.308531115971 0.977760251201
4096 2 X_c 0.405083488143 0.998384043192
4096 2 log_g 0.999785550059 0.999913292633
4096 2 L 0.972492128594 0.993785536527
4096 2 radius 0.965849655624 0.995678513831
4096 2 Y_surf 0.727391376375 0.941252682962
4096 2 mass_cc 0.0116972605645 0.873893412093
4096 2 M 0.788599699893 0.967536658551
4096 2 Y -0.290038052252 0.589595109921
4096 2 Z 0.954618844779 0.989443834811
4096 2 alpha 0.0169796714422 0.243958980603
4096 2 overshoot -0.14071133391 0.376187903319
4096 2 diffusion -0.619273931025 0.36711895037
4096 2 age 0.373476104071 0.975715111681
4096 2 X_c 0.413992428039 0.998370518591
4096 2 log_g 0.999278931573 0.999971941302
4096 2 L 0.971818323301 0.993931941984
4096 2 radius 0.967486930777 0.995913855384
4096 2 Y_surf 0.732502807061 0.939610450124
4096 2 mass_cc -0.038745752353 0.871326655792
4096 2 M 0.790703024635 0.967979879122
4096 2 Y -0.251191837011 0.585040667903
4096 2 Z 0.945414514088 0.989520838758
4096 2 alpha -0.00739888539687 0.251278960249
4096 2 overshoot -0.0783052511834 0.377231721504
4096 2 diffusion -0.653767626455 0.38054036856
4096 2 age 0.313303319869 0.975665121886
4096 2 X_c 0.380889243934 0.998335417573
4096 2 log_g 0.999675641572 0.999825213965
4096 2 L 0.975381043553 0.993607814091
4096 2 radius 0.966701574709 0.99544462993
4096 2 Y_surf 0.72230429903 0.940728012037
4096 2 mass_cc -0.022160195514 0.872762774338
4096 3 M 0.907290034921 0.965585415746
4096 3 Y -0.00255148077495 0.54698995701
4096 3 Z 0.97415388532 0.984182058285
4096 3 alpha 0.123324794287 0.220541289977
4096 3 overshoot 0.38335236941 0.507338325844
4096 3 diffusion 0.2986308843 0.442336954585
4096 3 age 0.859079954785 0.969914531531
4096 3 X_c 0.773225294151 0.996232974191
4096 3 log_g 0.999784089961 0.999955912707
4096 3 L 0.991015745459 0.994407049085
4096 3 radius 0.991421520455 0.995245814003
4096 3 Y_surf 0.872719540824 0.939269017986
4096 3 mass_cc 0.387738338661 0.89615256238
4096 3 M 0.908982712625 0.965523049573
4096 3 Y -0.0468862876239 0.551840030552
4096 3 Z 0.969628317208 0.984508379169
4096 3 alpha 0.136134853875 0.213014342177
4096 3 overshoot 0.344311650872 0.505666945654
4096 3 diffusion 0.215375079587 0.449359775302
4096 3 age 0.868204608789 0.971362346176
4096 3 X_c 0.761967133804 0.996129280767
4096 3 log_g 0.99991194136 0.999882776582
4096 3 L 0.991360693352 0.994417095455
4096 3 radius 0.99133046007 0.995292869658
4096 3 Y_surf 0.864579342277 0.940133358506
4096 3 mass_cc 0.35184140491 0.895842767846
4096 3 M 0.911738384462 0.96537498565
4096 3 Y -0.00646782066313 0.542665068901
4096 3 Z 0.975100403742 0.983960942529
4096 3 alpha 0.127389665282 0.225681181539
4096 3 overshoot 0.356495808397 0.504867787887
4096 3 diffusion 0.25753996724 0.45473802866
4096 3 age 0.857356679316 0.971019387964
4096 3 X_c 0.771810656864 0.996291817562
4096 3 log_g 0.999904018122 0.999850856208
4096 3 L 0.991771779056 0.994339177899
4096 3 radius 0.990682291062 0.995348062914
4096 3 Y_surf 0.860183616431 0.940751449013
4096 3 mass_cc 0.366526252952 0.898275530409
4096 4 M 0.939526036443 0.964221896688
4096 4 Y 0.0881110454203 0.535350924407
4096 4 Z 0.981690692276 0.982425793815
4096 4 alpha 0.17577298768 0.210750502819
4096 4 overshoot 0.446209811042 0.538388548619
4096 4 diffusion 0.32411503446 0.50295161351
4096 4 age 0.928783556348 0.963752372064
4096 4 X_c 0.886300385023 0.992886547598
4096 4 log_g 0.999915649522 0.999907538663
4096 4 L 0.99461684105 0.994670196396
4096 4 radius 0.993602430288 0.995331925326
4096 4 Y_surf 0.894207524459 0.940905751689
4096 4 mass_cc 0.641581525672 0.896467471468
4096 4 M 0.93830801608 0.963751017118
4096 4 Y 0.0901267115898 0.526940492642
4096 4 Z 0.982200410479 0.982738593645
4096 4 alpha 0.149533277401 0.223164773038
4096 4 overshoot 0.384375577182 0.545269718504
4096 4 diffusion 0.406035908275 0.486657108799
4096 4 age 0.929896661674 0.963683324849
4096 4 X_c 0.880923795195 0.992725932622
4096 4 log_g 0.999770020333 0.999974239956
4096 4 L 0.994706421292 0.994814576826
4096 4 radius 0.993492814187 0.995545926357
4096 4 Y_surf 0.901074023456 0.940347058541
4096 4 mass_cc 0.631753235451 0.898188214611
4096 4 M 0.939249318933 0.964229988761
4096 4 Y 0.0728885675038 0.530181697722
4096 4 Z 0.975772143984 0.983409252338
4096 4 alpha 0.171104073523 0.211513774818
4096 4 overshoot 0.42334179698 0.537441998641
4096 4 diffusion 0.467460719653 0.486829182173
4096 4 age 0.911510106559 0.965037314265
4096 4 X_c 0.883435375911 0.992836737099
4096 4 log_g 0.999898728254 0.999880417547
4096 4 L 0.995285981459 0.994921296637
4096 4 radius 0.993809892829 0.995147013433
4096 4 Y_surf 0.89995490183 0.93967109007
4096 4 mass_cc 0.647649866081 0.895186610663
4096 5 M 0.949002242066 0.964041927698
4096 5 Y 0.181415523939 0.516314086044
4096 5 Z 0.983813601387 0.983036509218
4096 5 alpha 0.193518713247 0.212923026731
4096 5 overshoot 0.489649725874 0.567926090068
4096 5 diffusion 0.342617912411 0.510779210828
4096 5 age 0.940220143883 0.959345420965
4096 5 X_c 0.927133982291 0.990234071804
4096 5 log_g 0.999943362434 0.999924857089
4096 5 L 0.99603356932 0.995285334614
4096 5 radius 0.995126789224 0.99547237258
4096 5 Y_surf 0.9190145613 0.940062073416
4096 5 mass_cc 0.785633835803 0.893330995866
4096 5 M 0.94859639446 0.964056413664
4096 5 Y 0.193941767685 0.515867552088
4096 5 Z 0.984012478334 0.982714175156
4096 5 alpha 0.192144771076 0.212815391242
4096 5 overshoot 0.500671538265 0.56988603289
4096 5 diffusion 0.538012280683 0.498281116547
4096 5 age 0.94739951673 0.959139320317
4096 5 X_c 0.927559527194 0.990088119856
4096 5 log_g 0.999946735285 0.999942210529
4096 5 L 0.995952285609 0.995303538521
4096 5 radius 0.995331577426 0.995377683908
4096 5 Y_surf 0.909235541857 0.94028615736
4096 5 mass_cc 0.784985881204 0.893786036134
4096 5 M 0.948866960525 0.964149451023
4096 5 Y 0.166194849055 0.518551690763
4096 5 Z 0.97804096274 0.983344594059
4096 5 alpha 0.197378357028 0.207050531377
4096 5 overshoot 0.473208956674 0.565262239318
4096 5 diffusion 0.509207121011 0.501342006617
4096 5 age 0.952519707332 0.959219456389
4096 5 X_c 0.929337390695 0.990237185279
4096 5 log_g 0.99993444047 0.999908149323
4096 5 L 0.995767347457 0.995089729563
4096 5 radius 0.994695829674 0.995402389529
4096 5 Y_surf 0.912308955443 0.940469434686
4096 5 mass_cc 0.773665229988 0.89445529152
4096 6 M 0.953041023904 0.964316840693
4096 6 Y 0.248613389438 0.504894560836
4096 6 Z 0.982891941439 0.983817469561
4096 6 alpha 0.212023098008 0.212574830553
4096 6 overshoot 0.524660879946 0.586984253355
4096 6 diffusion 0.476339432634 0.527967747809
4096 6 age 0.944336351437 0.959987405376
4096 6 X_c 0.946142607677 0.98730322586
4096 6 log_g 0.999785776299 0.999980339411
4096 6 L 0.99621764875 0.995624987968
4096 6 radius 0.994958627636 0.995687157931
4096 6 Y_surf 0.914907547768 0.941754925867
4096 6 mass_cc 0.811530656142 0.894408970185
4096 6 M 0.955659301437 0.963565393825
4096 6 Y 0.258895734963 0.501156073214
4096 6 Z 0.978552099679 0.984708724137
4096 6 alpha 0.198733821933 0.217053739226
4096 6 overshoot 0.482613420426 0.58845137976
4096 6 diffusion 0.433365522115 0.534841279874
4096 6 age 0.963116163972 0.957722835793
4096 6 X_c 0.945334754913 0.987389109602
4096 6 log_g 0.999959536324 0.999947483473
4096 6 L 0.996447834875 0.995530434004
4096 6 radius 0.995404063653 0.995502904503
4096 6 Y_surf 0.920218789189 0.940476314768
4096 6 mass_cc 0.821346310868 0.894710511595
4096 6 M 0.955882755385 0.963802187502
4096 6 Y 0.263144327969 0.502602319399
4096 6 Z 0.981362508168 0.983447973697
4096 6 alpha 0.207345731725 0.212656742662
4096 6 overshoot 0.529490700651 0.583282491298
4096 6 diffusion 0.530125164365 0.530085369685
4096 6 age 0.95659451455 0.958578395936
4096 6 X_c 0.945642942123 0.987249851744
4096 6 log_g 0.999994090537 0.999942610517
4096 6 L 0.996407435556 0.995403445746
4096 6 radius 0.995699175839 0.995431574236
4096 6 Y_surf 0.918336044335 0.940343782176
4096 6 mass_cc 0.826537841637 0.892496449729
4096 7 M 0.958085969674 0.964691933104
4096 7 Y 0.320322444952 0.494593412381
4096 7 Z 0.97930625912 0.985569214253
4096 7 alpha 0.180095868394 0.228984399923
4096 7 overshoot 0.55873413178 0.592650502121
4096 7 diffusion 0.456220832503 0.548543355813
4096 7 age 0.953789112451 0.959365697616
4096 7 X_c 0.956336673619 0.985193781578
4096 7 log_g 0.999477449317 0.999992521904
4096 7 L 0.996322328292 0.995785996741
4096 7 radius 0.993520006807 0.995793258008
4096 7 Y_surf 0.916977226708 0.942505288872
4096 7 mass_cc 0.842409921193 0.89563930709
4096 7 M 0.957472212013 0.9647244589
4096 7 Y 0.311546359677 0.495927948434
4096 7 Z 0.983758310831 0.984961279123
4096 7 alpha 0.199304810002 0.223804411957
4096 7 overshoot 0.545946088207 0.590197087178
4096 7 diffusion 0.470950559901 0.543890587178
4096 7 age 0.943042085547 0.961179897555
4096 7 X_c 0.956218675914 0.98524274472
4096 7 log_g 0.999800522183 0.999979869548
4096 7 L 0.99600215196 0.995770524628
4096 7 radius 0.99542682857 0.995847930078
4096 7 Y_surf 0.923087501949 0.943112641344
4096 7 mass_cc 0.839704793592 0.895745029712
4096 7 M 0.961132137452 0.964560384417
4096 7 Y 0.316872246323 0.494970619216
4096 7 Z 0.982844283125 0.984505173471
4096 7 alpha 0.22779334622 0.217524271387
4096 7 overshoot 0.559663374773 0.595399793855
4096 7 diffusion 0.539922873237 0.53858504918
4096 7 age 0.95260453379 0.960030430648
4096 7 X_c 0.955887912093 0.984670203437
4096 7 log_g 0.999992858954 0.999943388438
4096 7 L 0.996679918742 0.995821183802
4096 7 radius 0.996123108426 0.995569416039
4096 7 Y_surf 0.929964457728 0.941818905033
4096 7 mass_cc 0.850955392395 0.895349875927
4096 8 M 0.963106127985 0.96481474857
4096 8 Y 0.365931061859 0.490741747809
4096 8 Z 0.984481881853 0.985223165622
4096 8 alpha 0.229195922953 0.227537474101
4096 8 overshoot 0.598905825182 0.603618827777
4096 8 diffusion 0.444632527898 0.555160293881
4096 8 age 0.952332462147 0.959984410905
4096 8 X_c 0.963210694515 0.983421451306
4096 8 log_g 0.999942142356 0.999944966803
4096 8 L 0.996808166859 0.996032316887
4096 8 radius 0.996079227164 0.995781413142
4096 8 Y_surf 0.931130794462 0.942900292529
4096 8 mass_cc 0.869763040326 0.895684882692
4096 8 M 0.960963767494 0.964868581219
4096 8 Y 0.360985276504 0.491111932909
4096 8 Z 0.981673608617 0.985467526741
4096 8 alpha 0.225998685968 0.229391845119
4096 8 overshoot 0.574269882051 0.606646567357
4096 8 diffusion 0.526711160252 0.547689525847
4096 8 age 0.949435160853 0.961157709999
4096 8 X_c 0.961459122134 0.983570441603
4096 8 log_g 0.999906352796 0.999931676121
4096 8 L 0.997065243479 0.995969615853
4096 8 radius 0.995352432089 0.995717300761
4096 8 Y_surf 0.927995947464 0.943327002388
4096 8 mass_cc 0.871226168557 0.895073136028
4096 8 M 0.96105671444 0.965250981472
4096 8 Y 0.355110039874 0.495418780896
4096 8 Z 0.97961625585 0.986247982059
4096 8 alpha 0.206513202718 0.232818581691
4096 8 overshoot 0.585832873987 0.601802657768
4096 8 diffusion 0.542456180588 0.546675150442
4096 8 age 0.943711036788 0.961187667853
4096 8 X_c 0.961723379066 0.983496722572
4096 8 log_g 0.999458489272 0.999992675343
4096 8 L 0.996689561254 0.996022273089
4096 8 radius 0.99367377589 0.995967921502
4096 8 Y_surf 0.931996824142 0.943939005978
4096 8 mass_cc 0.868083589515 0.894508627672
4096 9 M 0.962421731286 0.965600321134
4096 9 Y 0.378659378816 0.494704775357
4096 9 Z 0.984518974622 0.98590389658
4096 9 alpha 0.243349309112 0.2331124861
4096 9 overshoot 0.603943996381 0.608648697354
4096 9 diffusion 0.520521202299 0.561372259881
4096 9 age 0.95436760779 0.961145159321
4096 9 X_c 0.96765943876 0.982719176317
4096 9 log_g 0.999646193883 0.999986303745
4096 9 L 0.996732435775 0.996162662833
4096 9 radius 0.994600203243 0.995971118287
4096 9 Y_surf 0.935628015049 0.945055056048
4096 9 mass_cc 0.885157485926 0.894145139738
4096 9 M 0.963273089042 0.965604322038
4096 9 Y 0.392317830979 0.495264444306
4096 9 Z 0.983266352609 0.98619441656
4096 9 alpha 0.226268345351 0.243579274485
4096 9 overshoot 0.585208742918 0.615088538615
4096 9 diffusion 0.482426852803 0.563737626023
4096 9 age 0.961709028257 0.960660403385
4096 9 X_c 0.968154463523 0.98260877142
4096 9 log_g 0.99995681777 0.999951219491
4096 9 L 0.99707444041 0.996198808693
4096 9 radius 0.99588624219 0.995847489589
4096 9 Y_surf 0.93369597021 0.944809445054
4096 9 mass_cc 0.886655863937 0.894926677483
4096 9 M 0.963016363414 0.965118805317
4096 9 Y 0.377375775359 0.499083152157
4096 9 Z 0.98312472533 0.985821838063
4096 9 alpha 0.24420442186 0.239053138512
4096 9 overshoot 0.582236540459 0.616447736883
4096 9 diffusion 0.51389777429 0.557015679257
4096 9 age 0.953905985795 0.961539652644
4096 9 X_c 0.967737107134 0.982548988213
4096 9 log_g 0.99992298667 0.999954557318
4096 9 L 0.997063511219 0.996178989857
4096 9 radius 0.995717899236 0.995750278156
4096 9 Y_surf 0.928968973106 0.945319592061
4096 9 mass_cc 0.88704688665 0.894077041251
4096 10 M 0.965726954814 0.966127701025
4096 10 Y 0.403603363148 0.500809198521
4096 10 Z 0.981313247154 0.987394663103
4096 10 alpha 0.238825287518 0.254641365061
4096 10 overshoot 0.615095617716 0.622557367761
4096 10 diffusion 0.526565985834 0.574182539906
4096 10 age 0.959652651087 0.961938856194
4096 10 X_c 0.969306795158 0.981041108899
4096 10 log_g 0.999961869267 0.999969950966
4096 10 L 0.997233898952 0.996255474999
4096 10 radius 0.996240171106 0.995923069508
4096 10 Y_surf 0.930210539919 0.947761308256
4096 10 mass_cc 0.891687392438 0.895115923972
4096 10 M 0.964263738405 0.966677969345
4096 10 Y 0.402683532888 0.503956620175
4096 10 Z 0.983329715599 0.986761938548
4096 10 alpha 0.2214345076 0.252237184082
4096 10 overshoot 0.625927841155 0.620189498054
4096 10 diffusion 0.533142950552 0.574160147975
4096 10 age 0.962604988137 0.960817808936
4096 10 X_c 0.970127690604 0.98100022542
4096 10 log_g 0.999959605511 0.999972046374
4096 10 L 0.996760597938 0.996312424335
4096 10 radius 0.995897245674 0.996002949639
4096 10 Y_surf 0.932244634048 0.947695318667
4096 10 mass_cc 0.880173082046 0.897618456952
4096 10 M 0.962172271351 0.966489565865
4096 10 Y 0.401632216417 0.503826746851
4096 10 Z 0.978187359565 0.987589741557
4096 10 alpha 0.219262807786 0.252131581012
4096 10 overshoot 0.603549844694 0.62319465945
4096 10 diffusion 0.475070834205 0.583428146147
4096 10 age 0.962926642105 0.961365766392
4096 10 X_c 0.969545129857 0.981349169264
4096 10 log_g 0.999492371442 0.999994351379
4096 10 L 0.996362723772 0.99640926355
4096 10 radius 0.994072497379 0.996059718859
4096 10 Y_surf 0.934410217826 0.947955116945
4096 10 mass_cc 0.892472340021 0.896454981735
4096 11 M 0.965445413401 0.967679786221
4096 11 Y 0.388725848851 0.513470900144
4096 11 Z 0.984834575124 0.987136769871
4096 11 alpha 0.221655778975 0.266323074112
4096 11 overshoot 0.615363549974 0.639101822746
4096 11 diffusion 0.512380023201 0.592513651565
4096 11 age 0.962385072539 0.961420852392
4096 11 X_c 0.970460089925 0.979496220029
4096 11 log_g 0.999459104725 0.999994167427
4096 11 L 0.99695200515 0.996477273871
4096 11 radius 0.994074720638 0.996137152465
4096 11 Y_surf 0.935091025735 0.950252774978
4096 11 mass_cc 0.889452768799 0.899693655485
4096 11 M 0.965102349699 0.967496024421
4096 11 Y 0.403576833519 0.512108632559
4096 11 Z 0.983827141369 0.987337486325
4096 11 alpha 0.222007416932 0.268292561543
4096 11 overshoot 0.585200039944 0.643413494972
4096 11 diffusion 0.531010428554 0.592647746031
4096 11 age 0.957585711499 0.961332783939
4096 11 X_c 0.970820398057 0.979529133533
4096 11 log_g 0.999715196183 0.999984167455
4096 11 L 0.996903466331 0.996547636865
4096 11 radius 0.9956819384 0.996043919909
4096 11 Y_surf 0.93894848483 0.949338732372
4096 11 mass_cc 0.891628849559 0.90063473052
4096 11 M 0.963762619551 0.967336393972
4096 11 Y 0.408302352136 0.511688367637
4096 11 Z 0.98081973208 0.987979621495
4096 11 alpha 0.202066456335 0.275508728014
4096 11 overshoot 0.600328214641 0.642230198831
4096 11 diffusion 0.557700434341 0.586296081736
4096 11 age 0.950257002511 0.962552106976
4096 11 X_c 0.970448503562 0.979510250883
4096 11 log_g 0.999991540556 0.999974360916
4096 11 L 0.996994424846 0.996571385053
4096 11 radius 0.996195900084 0.995990550886
4096 11 Y_surf 0.934745466295 0.950483517323
4096 11 mass_cc 0.891456468997 0.900529213098
4096 12 M 0.963993562525 0.968387752434
4096 12 Y 0.418508323175 0.521683760425
4096 12 Z 0.981740763467 0.988014389781
4096 12 alpha 0.250788735349 0.277852336915
4096 12 overshoot 0.615177160808 0.640223808295
4096 12 diffusion 0.60104956375 0.584636187007
4096 12 age 0.961878640249 0.962421177416
4096 12 X_c 0.971724249881 0.980422444272
4096 12 log_g 0.999651657601 0.999991096226
4096 12 L 0.996656035026 0.9966728278
4096 12 radius 0.995237760401 0.996175598151
4096 12 Y_surf 0.934097513621 0.95141155734
4096 12 mass_cc 0.898267816198 0.897632477909
4096 12 M 0.965061944488 0.968297538075
4096 12 Y 0.430588818543 0.519010411738
4096 12 Z 0.982086669434 0.988779842244
4096 12 alpha 0.235877153169 0.276874903401
4096 12 overshoot 0.593448183 0.638067120871
4096 12 diffusion 0.458207569302 0.597463778131
4096 12 age 0.963190065156 0.962548923341
4096 12 X_c 0.971728796144 0.98020421684
4096 12 log_g 0.999927417653 0.999973304734
4096 12 L 0.99685949884 0.996607720064
4096 12 radius 0.996295205293 0.996091581326
4096 12 Y_surf 0.93287241392 0.951763605949
4096 12 mass_cc 0.903559389625 0.895937434292
4096 12 M 0.964529181018 0.968117028479
4096 12 Y 0.40338235897 0.525665414412
4096 12 Z 0.982059531122 0.988247844081
4096 12 alpha 0.217689188969 0.285094692403
4096 12 overshoot 0.596233709268 0.636382907267
4096 12 diffusion 0.544759013577 0.585679941731
4096 12 age 0.952270058483 0.962684502317
4096 12 X_c 0.972337967101 0.980332665579
4096 12 log_g 0.999654767213 0.999988728025
4096 12 L 0.996845864315 0.996709242778
4096 12 radius 0.995216773069 0.996191137404
4096 12 Y_surf 0.934736222899 0.951335429618
4096 12 mass_cc 0.907791126832 0.894954952649
4096 13 M 0.966357202801 0.96899305138
4096 13 Y 0.438700582686 0.532333970229
4096 13 Z 0.98249912042 0.989352546417
4096 13 alpha 0.226421707236 0.294577253935
4096 13 overshoot 0.6127091466 0.651343645979
4096 13 diffusion 0.551179186255 0.605759634282
4096 13 age 0.952676322488 0.963853689864
4096 13 X_c 0.972052427994 0.979657628084
4096 13 log_g 0.999954280523 0.9999759911
4096 13 L 0.997105881107 0.996675810916
4096 13 radius 0.996615644829 0.996139930918
4096 13 Y_surf 0.936082060542 0.953477744097
4096 13 mass_cc 0.899714034119 0.900299348573
4096 13 M 0.968068936435 0.969094147843
4096 13 Y 0.442324599653 0.532215022805
4096 13 Z 0.979886086762 0.989394754407
4096 13 alpha 0.211562574335 0.300109517419
4096 13 overshoot 0.62312764075 0.648045230217
4096 13 diffusion 0.502576025087 0.607052089586
4096 13 age 0.953186112757 0.964855279303
4096 13 X_c 0.97396613061 0.97985980052
4096 13 log_g 0.999917542875 0.999968624885
4096 13 L 0.997229796489 0.996586070893
4096 13 radius 0.995664417225 0.996216426147
4096 13 Y_surf 0.936851340568 0.953935023061
4096 13 mass_cc 0.896941479161 0.901167385716
4096 13 M 0.968078719508 0.968625215717
4096 13 Y 0.411943174479 0.537716458153
4096 13 Z 0.98460199422 0.98888999388
4096 13 alpha 0.249618032427 0.291519057368
4096 13 overshoot 0.634216481786 0.646860413135
4096 13 diffusion 0.572263329258 0.60200517676
4096 13 age 0.954268041055 0.963157369418
4096 13 X_c 0.972596358096 0.979720895577
4096 13 log_g 0.999441838641 0.999996204625
4096 13 L 0.996878536733 0.996718634876
4096 13 radius 0.994417280416 0.996264848062
4096 13 Y_surf 0.935562926462 0.953774748624
4096 13 mass_cc 0.899701325227 0.900112409174
4096 14 M 0.968878016669 0.970046329097
4096 14 Y 0.45276315424 0.544156104408
4096 14 Z 0.983214944208 0.9893878466
4096 14 alpha 0.231230786713 0.314887892501
4096 14 overshoot 0.638968913762 0.658809281815
4096 14 diffusion 0.541720798962 0.616923312827
4096 14 age 0.956633305801 0.964325037109
4096 14 X_c 0.974073074772 0.979249671413
4096 14 log_g 0.999800377351 0.999989258176
4096 14 L 0.997158130243 0.996770491892
4096 14 radius 0.996243323879 0.996291314519
4096 14 Y_surf 0.934392678963 0.956322196753
4096 14 mass_cc 0.903762309781 0.902952564612
4096 14 M 0.967013979845 0.970076918473
4096 14 Y 0.425860370648 0.546866016215
4096 14 Z 0.983079508644 0.989793386422
4096 14 alpha 0.242344002419 0.315661967811
4096 14 overshoot 0.597773174734 0.659772261779
4096 14 diffusion 0.524805759379 0.619858338688
4096 14 age 0.950519452283 0.965082805149
4096 14 X_c 0.973684254749 0.979688075192
4096 14 log_g 0.999945757751 0.999979265238
4096 14 L 0.996956479977 0.996900813338
4096 14 radius 0.996632216964 0.996268628658
4096 14 Y_surf 0.934734624595 0.955883836266
4096 14 mass_cc 0.901777879276 0.904387537697
4096 14 M 0.96666437472 0.970290072923
4096 14 Y 0.450200181179 0.54134206782
4096 14 Z 0.98571810344 0.989207118235
4096 14 alpha 0.23312624938 0.315293948717
4096 14 overshoot 0.648477886833 0.653625335896
4096 14 diffusion 0.545742281124 0.619217032271
4096 14 age 0.960656938095 0.963948150144
4096 14 X_c 0.973648619046 0.979438273463
4096 14 log_g 0.999464607244 0.999995949142
4096 14 L 0.996890194138 0.996822908577
4096 14 radius 0.993962272686 0.996400443545
4096 14 Y_surf 0.939065772668 0.955750171271
4096 14 mass_cc 0.902518646736 0.902647653532
4096 15 M 0.968184211409 0.970954783974
4096 15 Y 0.451674836933 0.563345223642
4096 15 Z 0.982103385139 0.990173638587
4096 15 alpha 0.221842324488 0.324621147574
4096 15 overshoot 0.632840499443 0.666996564392
4096 15 diffusion 0.577805240908 0.626722170813
4096 15 age 0.956519416251 0.965529662221
4096 15 X_c 0.975437404897 0.979013556287
4096 15 log_g 0.999941292391 0.999981323868
4096 15 L 0.996926774902 0.996958907065
4096 15 radius 0.996592609224 0.996352474302
4096 15 Y_surf 0.941016199571 0.957864401926
4096 15 mass_cc 0.902903016693 0.905737563357
4096 15 M 0.969894397055 0.970621929352
4096 15 Y 0.460798107863 0.55407578851
4096 15 Z 0.984596903967 0.989882351914
4096 15 alpha 0.219769767253 0.326835132427
4096 15 overshoot 0.628042537633 0.667900054177
4096 15 diffusion 0.498802883028 0.631485375015
4096 15 age 0.967142805187 0.963971599844
4096 15 X_c 0.97498376277 0.979077535742
4096 15 log_g 0.999997074536 0.999983685402
4096 15 L 0.997434787822 0.99686851164
4096 15 radius 0.996835702134 0.996343952025
4096 15 Y_surf 0.938666180374 0.957281263784
4096 15 mass_cc 0.906573409681 0.904920761571
4096 15 M 0.969502683263 0.970631335994
4096 15 Y 0.453305318064 0.558129648503
4096 15 Z 0.982929139448 0.990175545502
4096 15 alpha 0.243181657638 0.323571202893
4096 15 overshoot 0.616465849838 0.671979749534
4096 15 diffusion 0.551952826315 0.623711397993
4096 15 age 0.95924999743 0.965301453169
4096 15 X_c 0.974828478985 0.979077921494
4096 15 log_g 0.999996634387 0.999979880088
4096 15 L 0.997386122386 0.99697765007
4096 15 radius 0.996729858934 0.996318763838
4096 15 Y_surf 0.93753316647 0.958042237624
4096 15 mass_cc 0.907153873153 0.905150337407
4096 16 M 0.97059122084 0.971333434631
4096 16 Y 0.453466330441 0.568160350066
4096 16 Z 0.984903841953 0.990274272519
4096 16 alpha 0.230403212552 0.340828960477
4096 16 overshoot 0.659815232971 0.673505072069
4096 16 diffusion 0.469116186204 0.64419642223
4096 16 age 0.967054621632 0.964986185355
4096 16 X_c 0.97512773846 0.978085300682
4096 16 log_g 0.999993795853 0.99998539387
4096 16 L 0.997623316398 0.996930520188
4096 16 radius 0.996915143327 0.996348574178
4096 16 Y_surf 0.940325850173 0.959069364942
4096 16 mass_cc 0.909171384399 0.906852953044
4096 16 M 0.968847749096 0.971575004422
4096 16 Y 0.446726827702 0.569550329973
4096 16 Z 0.983373266113 0.990627406673
4096 16 alpha 0.22630885727 0.337831121604
4096 16 overshoot 0.615921371661 0.679609084631
4096 16 diffusion 0.529034234645 0.641029466794
4096 16 age 0.95768556342 0.966018334452
4096 16 X_c 0.974962784308 0.978056167433
4096 16 log_g 0.999957342191 0.999980339869
4096 16 L 0.997439075797 0.996928187053
4096 16 radius 0.996352503974 0.996390706591
4096 16 Y_surf 0.941059114489 0.959570168453
4096 16 mass_cc 0.901533789844 0.908760544264
4096 16 M 0.969343598782 0.971579839171
4096 16 Y 0.457244431965 0.570568025064
4096 16 Z 0.977943968404 0.991051436776
4096 16 alpha 0.248547664842 0.339141681846
4096 16 overshoot 0.643412977624 0.674635498641
4096 16 diffusion 0.4975376266 0.648895093044
4096 16 age 0.962481763643 0.965874684043
4096 16 X_c 0.975200662407 0.978155126329
4096 16 log_g 0.999953767851 0.999970568918
4096 16 L 0.997178504646 0.997034583139
4096 16 radius 0.995990492794 0.996305863965
4096 16 Y_surf 0.939635555349 0.959380721015
4096 16 mass_cc 0.902632027736 0.908209449936
4096 17 M 0.968651965071 0.971980758107
4096 17 Y 0.446168696649 0.576553896952
4096 17 Z 0.983433996134 0.990949163742
4096 17 alpha 0.23796543172 0.353911701463
4096 17 overshoot 0.662358638629 0.662717351301
4096 17 diffusion 0.562213307839 0.627811168408
4096 17 age 0.965000496353 0.96663601838
4096 17 X_c 0.976139207941 0.979848154386
4096 17 log_g 0.99999681969 0.999989265591
4096 17 L 0.997251591438 0.997035328134
4096 17 radius 0.996740395637 0.996519693729
4096 17 Y_surf 0.938232201325 0.960016331464
4096 17 mass_cc 0.908684147591 0.901772402246
4096 17 M 0.971261374733 0.97176724826
4096 17 Y 0.470241273997 0.572857779893
4096 17 Z 0.986728690194 0.990770345147
4096 17 alpha 0.215733036555 0.351288896483
4096 17 overshoot 0.608215788204 0.669991418975
4096 17 diffusion 0.544962637979 0.63212391404
4096 17 age 0.962545636429 0.966166027179
4096 17 X_c 0.975045470798 0.98008087948
4096 17 log_g 0.999800313897 0.999987696373
4096 17 L 0.997149141911 0.997030059951
4096 17 radius 0.99658691038 0.996479330909
4096 17 Y_surf 0.943620652954 0.959521427681
4096 17 mass_cc 0.916018307235 0.901078742227
4096 17 M 0.96793888618 0.971984132653
4096 17 Y 0.424057219317 0.57837641804
4096 17 Z 0.982628753747 0.990741078272
4096 17 alpha 0.216000045765 0.353851336594
4096 17 overshoot 0.640333032004 0.666345776979
4096 17 diffusion 0.48173628141 0.635806416907
4096 17 age 0.953490482714 0.967192968441
4096 17 X_c 0.974790779722 0.980066145461
4096 17 log_g 0.999806347179 0.999991551766
4096 17 L 0.997029045668 0.997030560485
4096 17 radius 0.996306743219 0.99652010368
4096 17 Y_surf 0.939502061908 0.959597533426
4096 17 mass_cc 0.907418425279 0.902882146137
4096 18 M 0.969573511072 0.973301399619
4096 18 Y 0.452995264531 0.593708580244
4096 18 Z 0.981182074513 0.99182486433
4096 18 alpha 0.2403071867 0.381530908956
4096 18 overshoot 0.632336794249 0.680075205747
4096 18 diffusion 0.562976586922 0.647334434557
4096 18 age 0.95240954009 0.96882413381
4096 18 X_c 0.976257703059 0.979758099681
4096 18 log_g 0.999997942478 0.999988742122
4096 18 L 0.99763225017 0.99712617252
4096 18 radius 0.996689753372 0.99658047468
4096 18 Y_surf 0.939023334298 0.962400855851
4096 18 mass_cc 0.908467163178 0.905912241911
4096 18 M 0.969723541407 0.973098549654
4096 18 Y 0.448451688765 0.597951196505
4096 18 Z 0.984730069955 0.9913566582
4096 18 alpha 0.200004392318 0.386744018849
4096 18 overshoot 0.647826539292 0.681149327574
4096 18 diffusion 0.489354343654 0.655180674582
4096 18 age 0.960854952732 0.967574425874
4096 18 X_c 0.97639529879 0.97979262016
4096 18 log_g 0.999944506453 0.999986783662
4096 18 L 0.997589570836 0.997167391828
4096 18 radius 0.996349642232 0.99652851299
4096 18 Y_surf 0.942654224976 0.961741788165
4096 18 mass_cc 0.912547915028 0.905637692547
4096 18 M 0.967767693577 0.973337964307
4096 18 Y 0.438426392763 0.599366478692
4096 18 Z 0.984278853577 0.991324579234
4096 18 alpha 0.226791006248 0.380214280579
4096 18 overshoot 0.62395074918 0.681457906542
4096 18 diffusion 0.557866345906 0.650744411803
4096 18 age 0.96652101643 0.967485631887
4096 18 X_c 0.976067681895 0.979903665413
4096 18 log_g 0.999940371993 0.999986772442
4096 18 L 0.997156066854 0.997168528773
4096 18 radius 0.996761067304 0.996587709429
4096 18 Y_surf 0.938765338346 0.962321974638
4096 18 mass_cc 0.910084879787 0.905661780691
4096 19 M 0.96897022272 0.974682720424
4096 19 Y 0.451994368478 0.605462521584
4096 19 Z 0.98501909395 0.991888393104
4096 19 alpha 0.221057205915 0.399580530648
4096 19 overshoot 0.64822267389 0.689051606444
4096 19 diffusion 0.536791870989 0.662666548146
4096 19 age 0.96035774751 0.969334826026
4096 19 X_c 0.974692622571 0.98027108894
4096 19 log_g 0.999665103954 0.999993809276
4096 19 L 0.997018662416 0.997312221956
4096 19 radius 0.995460014328 0.996686693732
4096 19 Y_surf 0.938168322168 0.964050596379
4096 19 mass_cc 0.906172494844 0.908884685282
4096 19 M 0.971030713206 0.974309256761
4096 19 Y 0.473246955571 0.60960004046
4096 19 Z 0.986152054042 0.991600151027
4096 19 alpha 0.233087774358 0.402187974383
4096 19 overshoot 0.629399259046 0.69218919357
4096 19 diffusion 0.540177181108 0.662587341651
4096 19 age 0.964303375431 0.96818801938
4096 19 X_c 0.975950173146 0.980023113199
4096 19 log_g 0.999800581248 0.999992564758
4096 19 L 0.99730439902 0.997257160708
4096 19 radius 0.996510916477 0.996611458545
4096 19 Y_surf 0.944743353276 0.963824371548
4096 19 mass_cc 0.912966692696 0.90775590774
4096 19 M 0.969942182231 0.974517714132
4096 19 Y 0.440217836186 0.61344035046
4096 19 Z 0.983005531329 0.991940300858
4096 19 alpha 0.209760137788 0.405658046617
4096 19 overshoot 0.654108956286 0.690705237305
4096 19 diffusion 0.513974667684 0.664416909498
4096 19 age 0.963283831917 0.969160094678
4096 19 X_c 0.974773644713 0.980196268375
4096 19 log_g 0.9997699245 0.999990049161
4096 19 L 0.997190351684 0.997240063213
4096 19 radius 0.996518973868 0.996555413704
4096 19 Y_surf 0.939153252415 0.96443264333
4096 19 mass_cc 0.906288059234 0.908895361559
4096 20 M 0.972291004824 0.975130806124
4096 20 Y 0.476676497909 0.621716423164
4096 20 Z 0.983891725964 0.992428219681
4096 20 alpha 0.237778101565 0.417637759857
4096 20 overshoot 0.625783088212 0.700031970982
4096 20 diffusion 0.55768481944 0.672888930458
4096 20 age 0.956659244216 0.970139776877
4096 20 X_c 0.977321120789 0.980155388461
4096 20 log_g 0.999998133451 0.99999018991
4096 20 L 0.997580221749 0.997239319238
4096 20 radius 0.997059795484 0.996689006454
4096 20 Y_surf 0.939888095687 0.966311828923
4096 20 mass_cc 0.902416606736 0.912157087311
4096 20 M 0.97017067277 0.975471399728
4096 20 Y 0.458756458775 0.628695430087
4096 20 Z 0.987638518199 0.992033096292
4096 20 alpha 0.25465202515 0.403033359375
4096 20 overshoot 0.640447315353 0.700095911658
4096 20 diffusion 0.577181183521 0.669617269426
4096 20 age 0.966973538469 0.96904922829
4096 20 X_c 0.975954694597 0.980617038022
4096 20 log_g 0.999998399766 0.999990407224
4096 20 L 0.997567542956 0.997370743805
4096 20 radius 0.997127579591 0.996711243348
4096 20 Y_surf 0.942530286433 0.965517739604
4096 20 mass_cc 0.91567509268 0.910949077857
4096 20 M 0.969968406193 0.975594652713
4096 20 Y 0.467154399568 0.625734170791
4096 20 Z 0.980800857761 0.992540181923
4096 20 alpha 0.207422348663 0.421564966837
4096 20 overshoot 0.660547928056 0.695460847413
4096 20 diffusion 0.530220672883 0.675027816259
4096 20 age 0.956372806602 0.970627396492
4096 20 X_c 0.975783350788 0.980420246262
4096 20 log_g 0.999652242659 0.999993678854
4096 20 L 0.997264195355 0.997384115828
4096 20 radius 0.995501177532 0.996710000462
4096 20 Y_surf 0.938760258564 0.965822778545
4096 20 mass_cc 0.91449780032 0.910391108456
4096 21 M 0.972094840685 0.975936684774
4096 21 Y 0.475676753799 0.634833515426
4096 21 Z 0.987288113506 0.99236037881
4096 21 alpha 0.233723953085 0.44001138766
4096 21 overshoot 0.638885701165 0.709396404825
4096 21 diffusion 0.468724811012 0.690430328413
4096 21 age 0.97265680088 0.969420519685
4096 21 X_c 0.97649608082 0.980646271212
4096 21 log_g 0.999961565041 0.999989032666
4096 21 L 0.997469885589 0.99740481957
4096 21 radius 0.996929242944 0.996708814833
4096 21 Y_surf 0.939706677468 0.96766131681
4096 21 mass_cc 0.916334953667 0.913029934138
4096 21 M 0.968999815528 0.976291921183
4096 21 Y 0.455772583864 0.639281504846
4096 21 Z 0.980310281443 0.993010452563
4096 21 alpha 0.22821019696 0.437672427977
4096 21 overshoot 0.670510993252 0.705065748899
4096 21 diffusion 0.56426464737 0.678492696112
4096 21 age 0.955448219784 0.971489920669
4096 21 X_c 0.975773693395 0.980680316495
4096 21 log_g 0.999996468037 0.999986128403
4096 21 L 0.997476073022 0.997423170945
4096 21 radius 0.996636306071 0.99679576145
4096 21 Y_surf 0.940087242131 0.96775647311
4096 21 mass_cc 0.906824587219 0.914171435314
4096 21 M 0.970170526299 0.976328785044
4096 21 Y 0.460691157477 0.640723027836
4096 21 Z 0.981457618126 0.992811280753
4096 21 alpha 0.220971182363 0.431915571577
4096 21 overshoot 0.648359749711 0.705148041336
4096 21 diffusion 0.445741215938 0.693014203016
4096 21 age 0.953863156433 0.971045884881
4096 21 X_c 0.974973998898 0.980832981931
4096 21 log_g 0.999797885783 0.999989791783
4096 21 L 0.99695696983 0.997451244324
4096 21 radius 0.996831231759 0.996704436461
4096 21 Y_surf 0.943277973891 0.967611335146
4096 21 mass_cc 0.91233727044 0.913431658875
4096 22 M 0.972162039272 0.976732408667
4096 22 Y 0.466463758624 0.653014997646
4096 22 Z 0.981008044982 0.993459011467
4096 22 alpha 0.228784540312 0.453231417124
4096 22 overshoot 0.648414038948 0.707250225883
4096 22 diffusion 0.566210242046 0.688230571087
4096 22 age 0.960545595926 0.97169554501
4096 22 X_c 0.977101514118 0.981335766528
4096 22 log_g 0.999966255549 0.999991141634
4096 22 L 0.997667715375 0.997462024338
4096 22 radius 0.996887282742 0.996848430442
4096 22 Y_surf 0.937033266166 0.969068033687
4096 22 mass_cc 0.911177747776 0.914454189884
4096 22 M 0.97006166237 0.976878317711
4096 22 Y 0.46835528245 0.652590094453
4096 22 Z 0.984165406652 0.99293466717
4096 22 alpha 0.208018210814 0.44767467997
4096 22 overshoot 0.651637459657 0.712574262277
4096 22 diffusion 0.552888533583 0.691379132889
4096 22 age 0.959074051248 0.972369631154
4096 22 X_c 0.97667827369 0.981521136183
4096 22 log_g 0.999651063049 0.999995283392
4096 22 L 0.996937556497 0.997537094609
4096 22 radius 0.995133923325 0.996882773908
4096 22 Y_surf 0.944542201751 0.968487421864
4096 22 mass_cc 0.908985070806 0.914927453201
4096 22 M 0.971283645658 0.977021541533
4096 22 Y 0.45834716656 0.653284919399
4096 22 Z 0.985478060888 0.992948065878
4096 22 alpha 0.2336577981 0.447855857134
4096 22 overshoot 0.651858203765 0.708065319417
4096 22 diffusion 0.580526088306 0.69118926968
4096 22 age 0.97054835902 0.970736067257
4096 22 X_c 0.976895569617 0.981357007764
4096 22 log_g 0.99994396191 0.999990644222
4096 22 L 0.997257712764 0.997532941901
4096 22 radius 0.997129644688 0.99678870195
4096 22 Y_surf 0.944190508552 0.968353299422
4096 22 mass_cc 0.91560570744 0.913693988107
4096 23 M 0.970475321761 0.977735684918
4096 23 Y 0.457006610267 0.665642024352
4096 23 Z 0.98564259279 0.993481587845
4096 23 alpha 0.219295063038 0.453849325751
4096 23 overshoot 0.660027076677 0.72082371736
4096 23 diffusion 0.562327585848 0.698657349017
4096 23 age 0.956851403663 0.972421610045
4096 23 X_c 0.976996615537 0.981111883468
4096 23 log_g 0.999809513451 0.999993772024
4096 23 L 0.997184114136 0.997596344975
4096 23 radius 0.996626621129 0.996857429243
4096 23 Y_surf 0.944286834197 0.969967330554
4096 23 mass_cc 0.909760266562 0.916836139059
4096 23 M 0.968731154903 0.977851834515
4096 23 Y 0.445430108691 0.666181789666
4096 23 Z 0.985943581045 0.993234884106
4096 23 alpha 0.224774982679 0.467089465044
4096 23 overshoot 0.664063544105 0.714412696441
4096 23 diffusion 0.500470672189 0.699873367538
4096 23 age 0.958279404246 0.97237249753
4096 23 X_c 0.97645596492 0.981230913753
4096 23 log_g 0.999931843899 0.999987011744
4096 23 L 0.997221520097 0.997623722897
4096 23 radius 0.996025175426 0.996928638916
4096 23 Y_surf 0.942950922203 0.970206954346
4096 23 mass_cc 0.909150143436 0.917179339244
4096 23 M 0.969639543021 0.977545691184
4096 23 Y 0.473245502196 0.66248436621
4096 23 Z 0.980013202349 0.993833800826
4096 23 alpha 0.239798502214 0.459647762784
4096 23 overshoot 0.655954861294 0.719980511309
4096 23 diffusion 0.52682653882 0.704958462336
4096 23 age 0.965441944098 0.9717992989
4096 23 X_c 0.977889241579 0.981066766576
4096 23 log_g 0.999998540869 0.999992249835
4096 23 L 0.997446811978 0.997529679544
4096 23 radius 0.997030198278 0.996865886579
4096 23 Y_surf 0.937344057773 0.970255073049
4096 23 mass_cc 0.917034285886 0.916318198461
4096 24 M 0.971384630776 0.978153870714
4096 24 Y 0.473870414181 0.67022267347
4096 24 Z 0.987376823652 0.993262095398
4096 24 alpha 0.245424999991 0.484581298635
4096 24 overshoot 0.639307045105 0.722933352802
4096 24 diffusion 0.527338084506 0.710621114165
4096 24 age 0.963368758133 0.972010727978
4096 24 X_c 0.97756148646 0.98107763434
4096 24 log_g 0.999916475951 0.9999882356
4096 24 L 0.997327428583 0.997633806374
4096 24 radius 0.997137131925 0.996861085447
4096 24 Y_surf 0.939394232948 0.971144615477
4096 24 mass_cc 0.914158654864 0.917389226081
4096 24 M 0.968963222357 0.978404405474
4096 24 Y 0.440825864484 0.671914346463
4096 24 Z 0.979270211161 0.994047635631
4096 24 alpha 0.231604638947 0.474140191226
4096 24 overshoot 0.653582296462 0.728313430816
4096 24 diffusion 0.532782950174 0.70681954599
4096 24 age 0.961054664657 0.972713838323
4096 24 X_c 0.975883733154 0.981474873843
4096 24 log_g 0.999631599681 0.999996004436
4096 24 L 0.996950766942 0.997678798319
4096 24 radius 0.995344657802 0.996903584632
4096 24 Y_surf 0.943231373005 0.970750343765
4096 24 mass_cc 0.907691551878 0.91863082142
4096 24 M 0.970209538059 0.978302422206
4096 24 Y 0.474652130324 0.67217554068
4096 24 Z 0.982537951819 0.993648805074
4096 24 alpha 0.207551899636 0.487325235925
4096 24 overshoot 0.659164836241 0.722724091479
4096 24 diffusion 0.490518366618 0.713885535689
4096 24 age 0.953433284156 0.972975319474
4096 24 X_c 0.976553993076 0.981303337711
4096 24 log_g 0.999657840983 0.99999503503
4096 24 L 0.996916383683 0.99767963594
4096 24 radius 0.995578593537 0.996913211915
4096 24 Y_surf 0.93765051963 0.971589871046
4096 24 mass_cc 0.914959061532 0.917666638241
4096 25 M 0.969858253247 0.978762997008
4096 25 Y 0.46336525763 0.677140230173
4096 25 Z 0.987898286611 0.993871398553
4096 25 alpha 0.212921445342 0.489205576986
4096 25 overshoot 0.670368568309 0.725806288124
4096 25 diffusion 0.572109812054 0.713039937587
4096 25 age 0.957880791859 0.97378893232
4096 25 X_c 0.975523841936 0.981704346921
4096 25 log_g 0.999975233558 0.999991195061
4096 25 L 0.997443408418 0.997712657739
4096 25 radius 0.996752369227 0.996935232621
4096 25 Y_surf 0.941737165083 0.97195275778
4096 25 mass_cc 0.911322614394 0.919884543503
4096 25 M 0.971735525781 0.97880213968
4096 25 Y 0.477067057635 0.676491086038
4096 25 Z 0.982351346481 0.994024779923
4096 25 alpha 0.203983825293 0.484562403807
4096 25 overshoot 0.654349095896 0.730651212933
4096 25 diffusion 0.514264684491 0.719067914803
4096 25 age 0.958840136889 0.973138528953
4096 25 X_c 0.976632625436 0.98170233753
4096 25 log_g 0.999966309087 0.999991670231
4096 25 L 0.997680043448 0.997671208131
4096 25 radius 0.99665430609 0.996929444733
4096 25 Y_surf 0.940151473661 0.972156422073
4096 25 mass_cc 0.915570796752 0.919084189321
4096 25 M 0.969712661424 0.978793086087
4096 25 Y 0.46340261437 0.680422708359
4096 25 Z 0.986131064383 0.993825776124
4096 25 alpha 0.234727067252 0.486673485428
4096 25 overshoot 0.631925615687 0.730454483784
4096 25 diffusion 0.537288996067 0.710837163815
4096 25 age 0.950452224508 0.974205764744
4096 25 X_c 0.976397586807 0.981758156965
4096 25 log_g 0.99999708672 0.999993062012
4096 25 L 0.997488374594 0.997662108959
4096 25 radius 0.996638771044 0.997000332274
4096 25 Y_surf 0.942078683223 0.971939451814
4096 25 mass_cc 0.908962888541 0.919881704154
4096 26 M 0.974239057943 0.979066512014
4096 26 Y 0.486153307559 0.685511447377
4096 26 Z 0.984561292423 0.993977756986
4096 26 alpha 0.239712204301 0.498459476733
4096 26 overshoot 0.636089967919 0.733854957067
4096 26 diffusion 0.549454009404 0.71778706067
4096 26 age 0.970539592356 0.973500246617
4096 26 X_c 0.977825591232 0.981794450174
4096 26 log_g 0.999957522704 0.999990422357
4096 26 L 0.997508993703 0.997722030008
4096 26 radius 0.997227987022 0.99694609429
4096 26 Y_surf 0.944542755391 0.972665756538
4096 26 mass_cc 0.913178892638 0.921418018326
4096 26 M 0.9724060794 0.979170376919
4096 26 Y 0.471994497851 0.682178656513
4096 26 Z 0.984206614138 0.99398607196
4096 26 alpha 0.21484935062 0.497432571135
4096 26 overshoot 0.671875078195 0.72959299256
4096 26 diffusion 0.524292489995 0.720555366103
4096 26 age 0.966160910518 0.973572036322
4096 26 X_c 0.9769604262 0.981873031224
4096 26 log_g 0.99995421219 0.999991113866
4096 26 L 0.997352011866 0.99775756135
4096 26 radius 0.996409088227 0.996932231985
4096 26 Y_surf 0.938962676029 0.973341859112
4096 26 mass_cc 0.912053199405 0.921190996125
4096 26 M 0.971402191341 0.979143256149
4096 26 Y 0.468186888315 0.686429863499
4096 26 Z 0.986302427585 0.993894276266
4096 26 alpha 0.239918185703 0.49041520069
4096 26 overshoot 0.664005926627 0.733077298527
4096 26 diffusion 0.570998930658 0.71769862993
4096 26 age 0.953084934158 0.974762259406
4096 26 X_c 0.976892324527 0.981840931496
4096 26 log_g 0.999959232204 0.999992135672
4096 26 L 0.997386729851 0.997692591598
4096 26 radius 0.997022505367 0.996966705898
4096 26 Y_surf 0.938353373071 0.973041347746
4096 26 mass_cc 0.918408731285 0.920260591508
4096 27 M 0.970334952733 0.979914402748
4096 27 Y 0.456437348478 0.696703719239
4096 27 Z 0.988070475595 0.994122203948
4096 27 alpha 0.250064012262 0.508351921771
4096 27 overshoot 0.639423064873 0.738338738347
4096 27 diffusion 0.635285620561 0.716051795503
4096 27 age 0.955129430885 0.974844400515
4096 27 X_c 0.977774259394 0.982036267855
4096 27 log_g 0.999942749915 0.999991310194
4096 27 L 0.997124353395 0.997802873818
4096 27 radius 0.997016803588 0.997032798324
4096 27 Y_surf 0.941857078836 0.973787640561
4096 27 mass_cc 0.911580236019 0.922921268588
4096 27 M 0.971629427089 0.979602470878
4096 27 Y 0.4715589876 0.69223950514
4096 27 Z 0.981996615593 0.994275525807
4096 27 alpha 0.233181538832 0.511028328157
4096 27 overshoot 0.648507912002 0.736801015083
4096 27 diffusion 0.49447923515 0.72805056134
4096 27 age 0.962977726341 0.973721401276
4096 27 X_c 0.976917923991 0.982016919499
4096 27 log_g 0.99995652603 0.999990048794
4096 27 L 0.997498848215 0.997798848845
4096 27 radius 0.996586263298 0.997011071791
4096 27 Y_surf 0.938006290495 0.973925267856
4096 27 mass_cc 0.915232954779 0.921915761722
4096 27 M 0.97256961135 0.979608489458
4096 27 Y 0.491662216337 0.689145657882
4096 27 Z 0.984327490615 0.994200162542
4096 27 alpha 0.241389607042 0.507281631534
4096 27 overshoot 0.6596348594 0.740527245238
4096 27 diffusion 0.536588149458 0.725685850355
4096 27 age 0.967295523446 0.974520463514
4096 27 X_c 0.976705334885 0.982063714621
4096 27 log_g 0.999470281972 0.999997321166
4096 27 L 0.997407434214 0.997767182389
4096 27 radius 0.994931727358 0.997017101608
4096 27 Y_surf 0.940185115491 0.973643298227
4096 27 mass_cc 0.914929638626 0.922250082616
4096 28 M 0.971195501122 0.980314027986
4096 28 Y 0.449865487491 0.698711004194
4096 28 Z 0.986322033563 0.994305948049
4096 28 alpha 0.223911896596 0.511467232035
4096 28 overshoot 0.650218045235 0.741769568765
4096 28 diffusion 0.532561465454 0.72996914806
4096 28 age 0.956421789297 0.974912516657
4096 28 X_c 0.97717391275 0.981992913776
4096 28 log_g 0.999948160135 0.999991743313
4096 28 L 0.997255504083 0.997863711646
4096 28 radius 0.996985017574 0.997039223753
4096 28 Y_surf 0.940987955603 0.974644375696
4096 28 mass_cc 0.913208492307 0.924152699628
4096 28 M 0.971778494602 0.980045607613
4096 28 Y 0.50007458966 0.694981748166
4096 28 Z 0.982899693419 0.994628367445
4096 28 alpha 0.176430869298 0.525359661444
4096 28 overshoot 0.662345069765 0.73854990076
4096 28 diffusion 0.599516792714 0.725025789646
4096 28 age 0.960942751889 0.974040345223
4096 28 X_c 0.978092360808 0.981765301742
4096 28 log_g 0.999995096569 0.999992560831
4096 28 L 0.997326231256 0.997836536787
4096 28 radius 0.99698547048 0.997080515242
4096 28 Y_surf 0.94239157088 0.974235534783
4096 28 mass_cc 0.907505203835 0.924818863539
4096 28 M 0.972012583121 0.980313774943
4096 28 Y 0.467631035967 0.700470603389
4096 28 Z 0.983247154992 0.994376096568
4096 28 alpha 0.207044888071 0.513336449696
4096 28 overshoot 0.626500672088 0.744619995385
4096 28 diffusion 0.55113235895 0.733030355277
4096 28 age 0.963367672704 0.97430664617
4096 28 X_c 0.978169322472 0.981768447102
4096 28 log_g 0.999961860164 0.999992427305
4096 28 L 0.997362510271 0.997820399523
4096 28 radius 0.996362382298 0.997042794196
4096 28 Y_surf 0.946447314091 0.97427630736
4096 28 mass_cc 0.91917004064 0.92271348717
4096 29 M 0.972964535651 0.980373264431
4096 29 Y 0.470528859776 0.70174673532
4096 29 Z 0.981489658421 0.994845892463
4096 29 alpha 0.195926828072 0.533195036132
4096 29 overshoot 0.638766101535 0.747065730254
4096 29 diffusion 0.586514570112 0.72781510514
4096 29 age 0.960203019699 0.975178832641
4096 29 X_c 0.978480516469 0.981858239393
4096 29 log_g 0.999994933065 0.999992656996
4096 29 L 0.997694157766 0.997819501601
4096 29 radius 0.997158711063 0.997062811178
4096 29 Y_surf 0.945153569175 0.974818070939
4096 29 mass_cc 0.919331908005 0.925028869958
4096 29 M 0.970759774304 0.98059503743
4096 29 Y 0.475155273856 0.703959767021
4096 29 Z 0.984881264968 0.994537489787
4096 29 alpha 0.209637504291 0.535121149942
4096 29 overshoot 0.674165933355 0.741527750828
4096 29 diffusion 0.534528028084 0.737312475339
4096 29 age 0.961543146403 0.975604078999
4096 29 X_c 0.977063115718 0.981967373955
4096 29 log_g 0.999993131314 0.999991015483
4096 29 L 0.997566442779 0.997833314703
4096 29 radius 0.99686602594 0.997113634473
4096 29 Y_surf 0.943314026186 0.974726229101
4096 29 mass_cc 0.915147299988 0.924971489431
4096 29 M 0.972966137731 0.980519614346
4096 29 Y 0.485229554551 0.703052180218
4096 29 Z 0.98521537301 0.994439690425
4096 29 alpha 0.222151929239 0.522477685539
4096 29 overshoot 0.645395597794 0.745705822991
4096 29 diffusion 0.579286681696 0.732897796654
4096 29 age 0.964662576994 0.974585410859
4096 29 X_c 0.97831400428 0.9817793072
4096 29 log_g 0.999958799544 0.999992233092
4096 29 L 0.997637805418 0.997843057499
4096 29 radius 0.996425400549 0.99706627724
4096 29 Y_surf 0.944334951345 0.974433681907
4096 29 mass_cc 0.919121548259 0.924619343761
4096 30 M 0.971574862804 0.98087276631
4096 30 Y 0.462927846697 0.707203165354
4096 30 Z 0.983664824587 0.994711570701
4096 30 alpha 0.221544008541 0.530043534771
4096 30 overshoot 0.660474192096 0.751760009906
4096 30 diffusion 0.56451519741 0.739098439903
4096 30 age 0.970676217581 0.97496059133
4096 30 X_c 0.977799046104 0.98167337301
4096 30 log_g 0.999964464852 0.999992627821
4096 30 L 0.99729571765 0.997884348133
4096 30 radius 0.997065690353 0.997080889067
4096 30 Y_surf 0.936966261621 0.975794170974
4096 30 mass_cc 0.921443083626 0.924825524533
4096 30 M 0.972561713246 0.980739756362
4096 30 Y 0.498768237318 0.704453001111
4096 30 Z 0.982916337452 0.995053648886
4096 30 alpha 0.235607742219 0.534030567286
4096 30 overshoot 0.603685610969 0.755134638209
4096 30 diffusion 0.510891152231 0.742014985554
4096 30 age 0.956961704235 0.975551280153
4096 30 X_c 0.977550917358 0.98184970231
4096 30 log_g 0.999586049848 0.999995632827
4096 30 L 0.997330155972 0.997815925384
4096 30 radius 0.995576436289 0.997136176302
4096 30 Y_surf 0.944921017051 0.975788220962
4096 30 mass_cc 0.912129572677 0.925789566322
4096 30 M 0.97202786162 0.980745854587
4096 30 Y 0.486369471571 0.70785394456
4096 30 Z 0.982354049783 0.994768572008
4096 30 alpha 0.212840085342 0.53718003704
4096 30 overshoot 0.637517069678 0.751317784297
4096 30 diffusion 0.524871337601 0.74603721214
4096 30 age 0.964253173337 0.975066079756
4096 30 X_c 0.977498222329 0.981527170229
4096 30 log_g 0.999941642353 0.999991170623
4096 30 L 0.997532312564 0.997880393589
4096 30 radius 0.997121203642 0.997071940851
4096 30 Y_surf 0.941664936886 0.975928203026
4096 30 mass_cc 0.919307090461 0.924420739351
4096 31 M 0.972994627387 0.981055417996
4096 31 Y 0.50318205619 0.70716454456
4096 31 Z 0.981952594341 0.99503202064
4096 31 alpha 0.187794908915 0.542512958077
4096 31 overshoot 0.650642300172 0.7580575434
4096 31 diffusion 0.454977330069 0.746134878656
4096 31 age 0.96519519366 0.975400041103
4096 31 X_c 0.978101648405 0.981297048994
4096 31 log_g 0.999977171276 0.999992181142
4096 31 L 0.997609542107 0.997920646727
4096 31 radius 0.996931981596 0.997104716146
4096 31 Y_surf 0.941376273095 0.976418047115
4096 31 mass_cc 0.915801971168 0.92791396646
4096 31 M 0.972540137106 0.981248805466
4096 31 Y 0.471375420106 0.718153534265
4096 31 Z 0.983095240652 0.994795416087
4096 31 alpha 0.14528059513 0.557080050713
4096 31 overshoot 0.659918873986 0.755327084769
4096 31 diffusion 0.528519017718 0.74750336084
4096 31 age 0.957772259834 0.97548697176
4096 31 X_c 0.978250476002 0.981319249595
4096 31 log_g 0.999997916348 0.999993653852
4096 31 L 0.997734320061 0.997890480227
4096 31 radius 0.997006326457 0.997118209085
4096 31 Y_surf 0.942547701059 0.976667371953
4096 31 mass_cc 0.915139874495 0.927573035787
4096 31 M 0.971867453834 0.981202930185
4096 31 Y 0.476082241808 0.718868665098
4096 31 Z 0.980559481238 0.995204501505
4096 31 alpha 0.212365017363 0.54437177941
4096 31 overshoot 0.635309102881 0.756557855918
4096 31 diffusion 0.504579959911 0.750028697677
4096 31 age 0.961656687722 0.975749474445
4096 31 X_c 0.978352538675 0.981380367953
4096 31 log_g 0.999975439717 0.999991923711
4096 31 L 0.997550117208 0.997929441349
4096 31 radius 0.996884363882 0.997096778764
4096 31 Y_surf 0.940842640897 0.976599480838
4096 31 mass_cc 0.908132585097 0.928165950773
4096 32 M 0.972597313574 0.981110447425
4096 32 Y 0.482242808023 0.716039059798
4096 32 Z 0.981966720151 0.995239207171
4096 32 alpha 0.201637086929 0.548118601448
4096 32 overshoot 0.672646989449 0.745142937696
4096 32 diffusion 0.544071413004 0.749415481199
4096 32 age 0.952876510881 0.977056248932
4096 32 X_c 0.978722208285 0.982198252715
4096 32 log_g 0.999998120409 0.999995861601
4096 32 L 0.997457537336 0.997941675842
4096 32 radius 0.997114890777 0.997189625084
4096 32 Y_surf 0.936326558348 0.976960127478
4096 32 mass_cc 0.913227961459 0.926012253044
4096 32 M 0.972961728247 0.981198622435
4096 32 Y 0.502969561151 0.713247712797
4096 32 Z 0.982376623244 0.995096717773
4096 32 alpha 0.227644682495 0.542371562417
4096 32 overshoot 0.664645533683 0.754152243844
4096 32 diffusion 0.563037321149 0.747187117072
4096 32 age 0.970369418333 0.97611152654
4096 32 X_c 0.979346209428 0.98219108729
4096 32 log_g 0.999998544297 0.99999427306
4096 32 L 0.997671444191 0.997923431871
4096 32 radius 0.997273124599 0.997186227094
4096 32 Y_surf 0.93963550621 0.976763354308
4096 32 mass_cc 0.914730161077 0.926344346522
4096 32 M 0.973466114369 0.981146178068
4096 32 Y 0.497877919026 0.712593476018
4096 32 Z 0.985772647263 0.99490295556
4096 32 alpha 0.24045525718 0.531891091865
4096 32 overshoot 0.672389761766 0.748815465366
4096 32 diffusion 0.46803228551 0.75787067637
4096 32 age 0.958762944168 0.976426498242
4096 32 X_c 0.978387053695 0.982313185057
4096 32 log_g 0.999806746674 0.999995594668
4096 32 L 0.99741990424 0.997922663234
4096 32 radius 0.996871983859 0.997177258842
4096 32 Y_surf 0.945118293102 0.976382851747
4096 32 mass_cc 0.91858870271 0.925616612897
