# l   n         nu_theo (muHz)          nu_obs (muHz)  nu_var-nu_theo (muHz)  Source
  0   1  2.580071717002456e+02           0.0           4.738264831132710e-03    File
  0   2  4.044783745315435e+02           0.0           9.033218324361770e-03    File
  0   3  5.359318754368088e+02           0.0           8.723662181068903e-03    File
  0   4  6.805574521070698e+02           0.0           3.908966035623962e-04    File
  0   5  8.253452461900802e+02           0.0          -2.314707890832324e-03    File
  0   6  9.727226836971380e+02           0.0          -8.292144641359300e-03    File
  0   7  1.118122138751734e+03           0.0          -2.416861431311190e-02    File
  0   8  1.263503359883783e+03           0.0          -1.493763307621521e-02    File
  0   9  1.407608879511524e+03           0.0          -1.847756245683740e-02    File
  0  10  1.548507387227787e+03           0.0          -1.931745328124634e-02    File
  0  11  1.686809736483984e+03           0.0          -2.403670789772150e-02    File
  0  12  1.822216164168887e+03           0.0          -2.890601107628754e-02    File
  0  13  1.957469446009488e+03           0.0           2.527547548652365e-03    File
  0  14  2.093534292096331e+03           0.0           2.839781602779112e-02    File
  0  15  2.228865605492681e+03           0.0           7.427654683260698e-02    File
  0  16  2.363480927590088e+03           0.0           8.284463162863176e-02    File
  0  17  2.497362745989915e+03           0.0           1.337739404170861e-01    File
  0  18  2.631413149543799e+03           0.0           1.770097094904486e-01    File
  0  19  2.766674421420601e+03           0.0           2.445025813617576e-01    File
  0  20  2.902252757546769e+03           0.0           3.449176013282340e-01    File
  0  21  3.038051399229918e+03           0.0           4.485883191468929e-01    File
  0  22  3.174090583432462e+03           0.0           5.859055700116187e-01    File
  0  23  3.310159632186849e+03           0.0           7.292044604278090e-01    File
  0  24  3.446864576930418e+03           0.0           8.721426904830878e-01    File
  0  25  3.583905574096586e+03           0.0           1.088459823989979e+00    File
  0  26  3.721152794106014e+03           0.0           1.322143275102917e+00    File
  0  27  3.858761727082640e+03           0.0           1.559385717207988e+00    File
  0  28  3.996428333227293e+03           0.0           1.895503396769527e+00    File
  0  29  4.134364989075180e+03           0.0           2.392971618599404e+00    File
  0  30  4.272347911426169e+03           0.0           2.944867444902229e+00    File
  0  31  4.410298578689709e+03           0.0           3.597854310640287e+00    File
  0  32  4.548447583911724e+03           0.0           4.550453835297958e+00    File
  0  33  4.686369010399566e+03           0.0           5.964418643518911e+00    File
  0  34  4.824118244647972e+03           0.0           8.034736480143692e+00    File
  0  35  4.961525191818017e+03           0.0           1.127775278337867e+01    File
  1   1  2.851190918740908e+02           0.0           8.684371640299560e-03    File
  1   2  4.484886849313303e+02           0.0           2.704752919294151e-02    File
  1   3  5.969617951871493e+02           0.0           3.655384649573534e-02    File
  1   4  7.466878640744417e+02           0.0           4.135712408628933e-02    File
  1   5  8.937382614796203e+02           0.0           3.978101546408652e-02    File
  1   6  1.039576281297882e+03           0.0           2.977978128819814e-02    File
  1   7  1.185628467530311e+03           0.0           1.951850410114275e-02    File
  1   8  1.329704203194259e+03           0.0           1.046943941901191e-02    File
  1   9  1.472975207411935e+03           0.0          -1.185900648579263e-04    File
  1  10  1.612716485018052e+03           0.0          -2.437911949095906e-02    File
  1  11  1.749366355066877e+03           0.0          -3.996015053212432e-02    File
  1  12  1.885071373883181e+03           0.0          -5.008763738464950e-02    File
  1  13  2.020640854401826e+03           0.0          -3.018249800425110e-02    File
  1  14  2.156829697676741e+03           0.0           3.448858160027157e-03    File
  1  15  2.292246772870426e+03           0.0           2.572087341468432e-02    File
  1  16  2.426345222985291e+03           0.0           6.118844525008171e-02    File
  1  17  2.560603033442970e+03           0.0           9.661566091972418e-02    File
  1  18  2.695351200755908e+03           0.0           1.384708170894555e-01    File
  1  19  2.830909310610165e+03           0.0           2.312814780975714e-01    File
  1  20  2.966980340235577e+03           0.0           3.165335244907510e-01    File
  1  21  3.102872832459065e+03           0.0           4.258433010263616e-01    File
  1  22  3.239122676604919e+03           0.0           5.862701973619551e-01    File
  1  23  3.375674898470129e+03           0.0           7.168412039100076e-01    File
  1  24  3.512534503932415e+03           0.0           8.839221557009296e-01    File
  1  25  3.649941269784585e+03           0.0           1.127868187795230e+00    File
  1  26  3.787386720047534e+03           0.0           1.365586609287220e+00    File
  1  27  3.925092897117366e+03           0.0           1.628134031686386e+00    File
  1  28  4.063067662251578e+03           0.0           2.026095350327523e+00    File
  1  29  4.200998186122471e+03           0.0           2.568487913592435e+00    File
  1  30  4.339129353988433e+03           0.0           3.170234584615173e+00    File
  1  31  4.477234813035397e+03           0.0           3.938123762380201e+00    File
  1  32  4.615309829871339e+03           0.0           5.090819586163889e+00    File
  1  33  4.753299280632783e+03           0.0           6.780434770606007e+00    File
  1  34  4.890885995555515e+03           0.0           9.300641346990233e+00    File
  2   0  3.557786243729325e+02           0.0           2.723344141732014e-01    File
  2   1  3.841662998641968e+02           0.0           8.733234863242387e-01    File
  2   2  5.144936333963192e+02           0.0           2.260332187244103e-01    File
  2   3  6.644254922963286e+02           0.0           8.277565214370952e-02    File
  2   4  8.117882235702210e+02           0.0           5.591406189205372e-02    File
  2   5  9.598938575006337e+02           0.0           4.317349262771586e-02    File
  2   6  1.105178154143919e+03           0.0           2.094830312466911e-02    File
  2   7  1.250746413326908e+03           0.0           2.178027174522867e-02    File
  2   8  1.394712082046320e+03           0.0           7.936958877053257e-03    File
  2   9  1.535984771056413e+03           0.0          -4.212480110027173e-03    File
  2  10  1.674654824485075e+03           0.0          -3.063455258620706e-02    File
  2  11  1.810247675625021e+03           0.0          -5.474093761381482e-02    File
  2  12  1.945789188764978e+03           0.0          -4.193538114918738e-02    File
  2  13  2.082036791520432e+03           0.0          -2.230818859334249e-02    File
  2  14  2.217750319771223e+03           0.0           2.441845304201706e-02    File
  2  15  2.352834655256646e+03           0.0           3.025567234408300e-02    File
  2  16  2.486998008349528e+03           0.0           7.972369736307883e-02    File
  2  17  2.621362888362483e+03           0.0           1.161158195968710e-01    File
  2  18  2.756893383486691e+03           0.0           1.711373070356785e-01    File
  2  19  2.892749536139547e+03           0.0           2.699004557630360e-01    File
  2  20  3.028907107187897e+03           0.0           3.667895637845504e-01    File
  2  21  3.165220490044663e+03           0.0           4.962941795984079e-01    File
  2  22  3.301580359643207e+03           0.0           6.452169551807856e-01    File
  2  23  3.438568342543898e+03           0.0           7.855957850465529e-01    File
  2  24  3.575839511610040e+03           0.0           9.947578774972499e-01    File
  2  25  3.713364804223416e+03           0.0           1.232645370229875e+00    File
  2  26  3.851206469129809e+03           0.0           1.471019461922424e+00    File
  2  27  3.989086245642952e+03           0.0           1.795024240513612e+00    File
  2  28  4.127257053054680e+03           0.0           2.281041937249029e+00    File
  2  29  4.265438664626205e+03           0.0           2.836376807340457e+00    File
  2  30  4.403599889312037e+03           0.0           3.486761521855442e+00    File
  2  31  4.541937885163033e+03           0.0           4.419634067752668e+00    File
  2  32  4.680037194728213e+03           0.0           5.809471112596839e+00    File
  2  33  4.817985757849694e+03           0.0           7.850105920354508e+00    File
  2  34  4.955570870231492e+03           0.0           1.102486827633493e+01    File
  3   0  3.969800348223974e+02           0.0           2.646832720523662e-02    File
  3   1  4.163612624446702e+02           0.0           2.176086499841858e-01    File
  3   2  5.647310649380918e+02           0.0           8.641615931708202e-02    File
  3   3  7.185390158907240e+02           0.0           5.316838954649938e-02    File
  3   4  8.669715139130700e+02           0.0           4.543133381559983e-02    File
  3   5  1.015032819874535e+03           0.0           3.531286732356875e-02    File
  3   6  1.161696634498553e+03           0.0           1.776737698901343e-02    File
  3   7  1.306803754541266e+03           0.0           1.414840982488386e-02    File
  3   8  1.451064842998529e+03           0.0           3.317155462355004e-03    File
  3   9  1.591540280442037e+03           0.0          -1.651470707133740e-02    File
  3  10  1.729199517208889e+03           0.0          -3.409085243652044e-02    File
  3  11  1.865221823526437e+03           0.0          -5.326701853664417e-02    File
  3  12  2.001067211849862e+03           0.0          -3.359456346174738e-02    File
  3  13  2.137813130826901e+03           0.0          -5.513449302270601e-03    File
  3  14  2.273678615080365e+03           0.0           2.684995387653544e-02    File
  3  15  2.408388840846885e+03           0.0           5.239760823678807e-02    File
  3  16  2.543078641934166e+03           0.0           9.139561334404789e-02    File
  3  17  2.678086234653501e+03           0.0           1.329153051879075e-01    File
  3  18  2.814114866548165e+03           0.0           2.178609033189787e-01    File
  3  19  2.950592111206309e+03           0.0           3.047149312865258e-01    File
  3  20  3.086925009983329e+03           0.0           4.131302198993581e-01    File
  3  21  3.223652602056716e+03           0.0           5.707910219221048e-01    File
  3  22  3.360550987235905e+03           0.0           7.027520966080374e-01    File
  3  23  3.497843052000375e+03           0.0           8.637551861138490e-01    File
  3  24  3.635658977208170e+03           0.0           1.106232240328154e+00    File
  3  25  3.773482050259538e+03           0.0           1.343225280511888e+00    File
  3  26  3.911618038529816e+03           0.0           1.597285632627973e+00    File
  3  27  4.049947904113767e+03           0.0           1.982790608321920e+00    File
  3  28  4.188269828571965e+03           0.0           2.524842125221767e+00    File
  3  29  4.326779381738781e+03           0.0           3.119724413944823e+00    File
  3  30  4.465207777323591e+03           0.0           3.863759707032841e+00    File
  3  31  4.603656098703194e+03           0.0           4.981956973000706e+00    File
  3  32  4.741974298858501e+03           0.0           6.626751597127623e+00    File
  3  33  4.879898568101994e+03           0.0           9.075107637805559e+00    File
